Instances/WonsanBay/GMRTv3_3_20170611topo.asc
ncols 576
nrows 381
xllcorner 127.2930908203125
yllcorner 39.049052206453524
cellsize 0.0010986328125
nodata_value -2147483648
[rows 0 to 31 of 381, columns 72 to 143 of 576]
6.02 6.00 6.01 6.96 6.00 6.06 7.03 6.06 7.05 8.03 9.03 10.01 15.32 28.65 28.82 29.91 29.79 25.61 18.40 15.26 12.21 10.09 6.06 3.04 4.00 4.97 4.97 4.98 5.01 4.97 5.00 5.00 5.98 6.00 5.96 4.95 6.86 10.85 8.06 8.12 10.92 11.78 11.70 17.64 20.61 14.50 13.27 14.14 12.29 10.52 10.58 12.42 17.99 22.00 16.38 14.46 14.31 15.31 17.30 20.34 30.99 32.91 32.15 38.10 54.75 69.41 72.32 75.40 75.62 84.79 92.94 81.14
4.93 5.81 6.90 6.98 5.96 4.93 5.74 4.91 4.82 6.74 7.74 7.67 10.18 17.15 17.17 17.31 18.40 16.31 11.78 8.02 7.35 7.32 4.74 4.26 3.98 4.81 4.81 5.88 5.90 5.86 5.00 5.19 7.28 6.19 6.21 7.30 11.51 12.64 6.74 5.86 9.79 14.01 18.02 24.52 27.27 26.94 34.24 41.48 36.65 28.63 28.19 37.80 50.32 48.81 35.11 34.45 42.77 45.13 45.85 43.17 57.38 66.45 61.50 66.75 86.63 104.27 109.43 108.81 106.27 112.94 116.42 105.42
5.00 4.94 5.34 7.61 7.08 4.87 4.94 5.54 6.08 5.94 6.94 6.94 7.29 9.57 9.03 9.55 10.08 8.03 6.09 5.82 5.95 4.29 3.88 4.99 4.41 3.74 3.88 5.01 4.34 5.55 5.00 6.12 7.45 6.99 6.39 8.53 11.25 8.34 6.01 6.07 7.86 11.52 17.75 21.31 24.73 33.43 47.96 60.72 64.08 63.89 64.92 72.27 74.54 70.29 69.05 72.66 82.21 89.60 89.75 83.10 90.27 99.95 98.74 101.83 113.25 122.44 126.83 125.53 121.62 127.49 131.66 134.49
4.94 5.00 5.86 7.08 7.97 6.69 4.88 5.95 7.08 6.00 7.12 7.00 6.99 6.20 5.13 5.18 4.29 4.19 4.96 6.06 5.19 3.99 4.87 5.93 6.88 6.74 4.87 4.07 4.92 5.20 5.00 5.13 7.92 7.87 7.73 10.00 6.54 5.28 5.13 5.07 6.98 7.40 11.50 18.94 25.37 42.48 60.39 68.94 72.10 70.90 63.39 56.96 56.49 63.24 76.50 85.53 86.49 91.77 97.27 98.67 103.19 101.58 92.51 88.65 87.17 88.33 93.19 96.65 97.85 104.90 116.41 135.51
6.05 5.00 5.92 7.97 9.05 8.13 7.18 6.97 6.03 6.09 5.08 7.00 7.01 6.09 6.05 4.99 3.99 3.99 4.92 4.96 4.04 4.00 5.00 4.95 4.91 4.82 5.00 5.13 4.03 4.03 5.09 5.09 6.87 7.91 7.82 7.66 4.95 4.12 5.17 6.14 6.92 6.09 10.08 19.00 32.24 50.53 52.15 45.36 40.17 37.36 35.98 34.54 38.49 49.49 58.91 61.45 59.33 60.84 64.58 64.54 63.43 57.99 52.99 54.54 58.97 64.50 70.17 75.69 80.61 83.79 90.90 107.24
6.05 5.00 4.93 6.58 8.65 8.72 8.07 5.93 7.07 6.67 6.74 7.00 6.55 6.67 6.00 5.35 4.35 4.35 3.93 4.60 4.67 4.00 5.00 5.45 5.00 4.38 5.05 5.72 5.12 5.07 5.62 5.62 5.98 7.33 7.05 5.18 5.00 6.19 6.80 6.28 5.98 9.93 14.43 19.35 29.16 33.98 26.74 19.54 17.87 18.48 20.36 22.65 22.89 30.21 33.91 35.56 35.05 33.99 36.25 38.51 42.02 47.44 52.25 57.88 64.92 79.29 97.70 109.76 110.06 101.15 97.38 104.51
5.24 5.00 5.07 5.29 7.43 7.29 8.07 6.00 7.07 5.90 5.97 7.00 6.65 5.97 6.00 6.86 5.79 5.79 3.85 3.90 3.90 4.00 5.07 5.35 5.07 4.35 4.24 4.21 4.24 5.00 5.80 5.73 5.24 8.03 9.02 6.03 4.93 5.17 5.21 4.94 5.24 9.31 13.05 14.15 16.27 14.34 10.12 8.91 8.85 9.96 10.78 12.49 14.65 18.71 23.84 26.97 30.60 37.50 40.17 44.40 58.65 69.60 71.65 78.22 84.77 105.11 132.87 147.83 143.61 131.67 128.15 124.83
5.00 5.00 4.00 4.00 3.99 5.99 6.99 6.00 6.00 7.00 6.00 7.00 8.00 6.00 6.00 6.00 6.00 6.00 6.00 5.00 5.00 4.01 4.00 4.00 4.00 3.00 4.00 4.00 4.01 5.01 5.00 6.00 5.00 7.99 10.00 6.00 6.00 6.00 5.00 5.00 5.00 4.99 4.98 5.98 5.97 5.99 6.00 7.00 9.01 9.03 12.05 18.09 22.09 27.07 34.09 36.11 40.11 56.13 64.20 66.20 82.15 97.16 105.19 115.19 121.21 129.17 151.12 172.15 176.20 168.20 160.17 156.16
5.00 4.16 5.11 5.07 4.26 4.93 4.59 6.03 5.97 6.71 7.11 7.84 7.74 7.11 6.00 6.00 6.84 5.19 4.89 5.00 4.71 5.89 5.07 4.26 4.26 4.30 4.23 4.23 6.44 7.15 5.75 4.89 4.97 5.56 7.36 6.78 4.89 4.11 5.03 5.00 5.29 5.26 4.71 5.71 6.00 7.33 7.53 9.16 14.42 22.79 29.99 40.97 44.32 43.66 54.24 65.22 70.42 84.20 105.79 110.98 112.39 124.42 131.96 138.61 150.66 157.94 172.29 194.46 205.30 200.00 189.67 179.85
5.00 5.67 4.31 5.00 5.05 5.00 3.81 5.31 6.69 6.64 6.38 6.33 7.10 6.45 6.07 6.07 5.33 6.12 5.62 5.07 4.64 5.02 5.00 5.05 5.12 5.81 5.74 5.67 6.43 7.00 6.27 5.55 5.55 5.64 5.28 6.57 5.55 5.05 4.38 5.00 5.43 6.05 4.50 5.57 6.00 8.05 10.27 17.38 30.42 47.84 65.01 77.09 75.02 74.38 86.86 99.28 105.16 112.03 124.59 124.63 118.80 120.69 122.49 129.26 139.39 145.36 153.75 170.88 193.91 215.64 225.91 215.58
5.00 6.01 4.97 5.04 5.00 5.00 5.82 5.84 6.03 6.07 6.04 5.99 5.14 5.06 5.07 5.07 4.99 5.07 6.05 4.03 4.03 4.07 5.00 5.00 4.03 4.14 5.12 6.05 6.04 7.04 6.04 6.94 6.98 5.07 4.95 6.96 6.89 4.91 3.91 4.91 4.99 6.00 5.94 6.05 6.00 8.09 11.98 22.96 37.10 57.22 82.17 100.93 103.32 106.20 107.13 99.40 92.18 94.49 98.75 90.05 82.77 82.40 88.03 99.05 105.03 112.38 126.63 149.46 178.67 209.77 236.16 248.17
5.00 5.86 4.06 4.08 4.85 5.01 7.23 8.31 7.09 6.01 4.91 5.99 4.99 4.99 5.00 4.99 4.99 5.00 4.94 5.08 5.37 4.87 5.84 5.70 5.65 4.59 4.22 4.92 5.06 5.92 6.92 6.86 6.09 5.30 6.05 8.22 8.08 6.98 6.14 6.84 5.00 5.70 5.72 4.80 5.72 5.89 10.83 19.59 32.12 47.96 69.26 86.23 92.76 92.20 85.47 76.00 66.94 65.16 65.56 60.07 61.22 71.51 80.11 87.59 97.10 116.21 137.17 152.48 172.82 200.66 229.21 258.02
5.00 4.94 5.60 5.00 4.35 4.46 7.11 7.57 6.04 5.52 6.02 6.54 5.48 5.48 5.00 5.48 5.48 5.00 5.00 4.46 6.17 9.61 11.75 10.62 8.48 7.42 6.19 5.54 6.66 6.60 6.00 6.00 6.52 6.65 6.54 8.65 7.52 5.94 5.52 4.87 5.00 4.35 3.81 3.88 3.87 5.52 9.10 16.32 25.82 45.41 71.69 90.95 92.26 77.06 66.01 59.73 50.79 45.95 48.22 57.54 72.42 95.82 111.25 119.10 128.97 147.95 165.52 174.98 186.26 208.41 227.77 237.09
4.93 5.00 5.19 5.83 5.85 4.81 5.96 6.84 4.96 4.98 6.21 6.26 6.09 6.09 5.00 6.02 6.09 5.00 5.00 4.81 4.96 5.48 6.04 5.93 4.48 4.24 5.24 5.26 5.37 5.37 5.17 5.17 6.87 5.98 6.19 7.29 7.05 5.93 4.85 4.93 4.93 5.02 4.83 4.83 3.93 4.98 6.31 8.90 15.33 28.21 47.13 72.03 86.55 76.95 62.98 49.49 39.53 43.61 64.11 88.81 103.03 118.08 132.46 141.98 147.44 161.00 175.08 185.77 191.99 201.03 215.52 206.57
6.08 5.00 5.00 6.00 5.96 5.00 5.96 5.92 5.00 5.00 6.00 5.01 5.01 5.06 5.05 6.00 5.02 5.00 5.00 5.00 5.00 4.95 5.00 4.01 4.04 5.03 4.01 4.02 5.00 5.00 5.00 5.00 5.92 5.96 6.00 4.98 5.97 7.03 7.07 6.08 6.03 5.00 5.00 4.95 4.99 5.00 6.00 9.13 16.52 26.88 38.97 55.28 72.54 73.71 60.81 40.56 32.68 44.86 68.71 88.47 105.58 114.16 120.52 125.57 130.89 141.63 148.22 154.01 153.08 163.17 182.73 174.78
6.74 4.87 4.79 5.58 4.93 5.04 4.93 4.93 5.00 4.96 6.00 6.07 6.07 7.23 5.74 5.66 5.40 5.00 5.38 5.38 5.00 4.22 5.30 5.03 5.07 5.04 5.12 4.69 5.00 5.38 5.00 5.00 4.93 4.93 5.70 6.12 6.00 7.04 6.66 7.12 5.96 4.96 4.96 4.22 3.88 4.66 5.62 10.51 26.02 46.40 67.21 72.80 67.50 66.19 57.58 35.89 27.14 39.48 60.25 79.60 94.61 94.45 90.59 100.35 112.66 115.38 115.99 119.98 125.88 133.14 134.00 126.71
5.81 6.95 8.28 6.29 5.00 4.30 5.00 5.00 5.00 5.77 6.00 6.00 6.07 5.60 4.96 4.89 3.92 5.00 5.34 5.41 5.07 5.81 6.81 5.77 5.00 4.23 4.23 4.66 5.00 5.34 5.00 5.00 5.00 5.07 4.26 5.37 6.07 6.37 6.04 6.37 6.77 5.70 5.70 5.66 4.70 3.96 5.74 8.30 18.28 38.73 63.77 68.33 54.55 50.67 49.48 32.54 21.79 34.82 57.83 76.69 86.98 83.32 82.64 90.95 93.25 87.44 86.03 87.56 91.12 92.86 93.23 99.29
7.95 9.96 12.97 8.02 5.00 4.00 5.00 5.00 5.00 5.04 6.00 6.02 5.00 5.00 5.02 6.01 4.02 5.04 5.02 4.00 4.02 5.02 6.04 5.04 5.02 4.96 4.96 5.00 5.00 5.02 5.00 4.98 5.00 4.00 3.98 4.02 5.04 5.02 5.02 5.02 6.04 6.00 5.98 7.00 5.00 3.96 5.02 7.02 12.11 31.20 59.13 68.96 53.93 35.30 28.57 20.34 20.06 33.13 47.43 62.60 69.74 62.81 59.88 61.96 59.82 58.55 61.38 67.17 74.90 86.65 97.46 116.23
7.82 10.28 10.72 5.63 5.16 4.57 5.39 4.95 4.95 4.34 6.00 4.91 5.86 5.02 3.93 4.09 3.14 3.07 3.91 5.07 3.98 5.00 4.72 4.11 4.32 6.51 6.33 5.00 4.98 4.14 5.00 6.09 5.00 5.28 5.07 4.21 3.91 4.98 5.21 5.13 4.88 6.00 7.09 5.95 5.00 6.14 5.21 7.23 10.56 24.32 52.23 65.61 53.87 30.63 16.56 13.42 17.49 25.45 31.81 40.45 43.12 37.63 35.93 40.62 48.87 57.51 64.39 75.40 93.10 107.51 120.69 143.56
6.38 9.58 8.40 5.50 7.25 8.49 7.81 5.99 5.92 6.11 6.00 5.56 4.94 4.37 4.00 4.43 3.92 4.06 4.56 5.07 4.63 5.07 3.94 5.62 6.67 7.55 5.87 5.00 5.63 5.06 5.00 5.44 5.07 6.12 4.93 4.99 4.49 5.56 6.12 7.67 5.92 5.93 6.44 5.44 5.00 6.00 6.06 7.50 7.70 16.01 40.90 50.38 37.05 18.29 11.74 11.89 14.90 17.86 18.63 22.58 26.70 31.24 38.45 47.03 61.26 78.86 88.47 95.41 115.19 134.80 152.44 182.59
5.93 5.19 5.08 6.07 7.30 6.41 6.23 8.80 9.80 6.06 6.06 6.12 5.00 4.88 3.94 4.77 5.78 4.00 5.01 4.11 4.12 4.11 4.00 6.01 7.01 6.99 5.87 5.00 5.12 5.00 5.00 5.05 4.06 5.17 5.94 5.89 5.90 6.07 5.11 10.03 9.58 6.78 5.99 5.05 5.00 6.00 5.94 6.99 7.87 11.50 24.01 24.60 12.91 7.54 7.29 10.03 12.09 15.56 20.60 26.98 32.00 42.45 59.46 73.10 81.81 97.72 122.47 131.77 139.51 160.68 186.59 220.16
7.06 7.02 7.02 4.86 3.85 4.85 5.91 8.83 7.62 4.95 4.94 3.90 4.90 5.01 4.95 6.91 5.91 4.10 5.01 4.10 4.10 4.10 4.09 6.01 6.81 6.81 6.01 4.90 5.01 4.99 5.00 3.94 4.96 3.95 4.95 6.01 6.10 5.04 5.09 7.81 11.93 9.10 6.10 4.04 5.00 5.90 6.96 7.02 7.91 6.60 10.92 11.03 6.79 7.00 6.98 11.03 14.44 23.99 37.62 50.43 56.11 70.25 90.31 101.88 106.78 117.34 142.93 156.04 150.66 153.07 171.45 194.95
6.53 5.46 4.99 3.46 4.00 3.98 4.57 5.61 4.37 5.05 5.47 3.95 4.35 4.53 4.40 4.86 4.46 4.65 4.58 4.65 4.60 5.12 5.59 5.64 4.86 4.75 5.58 4.35 4.58 5.42 5.00 4.47 3.93 3.95 5.00 5.58 6.71 6.12 6.54 6.51 9.13 9.11 7.07 5.02 4.95 5.35 5.51 6.11 6.57 5.33 5.17 5.82 7.11 7.00 7.67 12.04 20.04 32.15 48.77 69.19 82.16 91.29 90.77 84.17 92.58 114.46 132.42 131.03 117.34 112.99 127.74 147.96
6.82 5.60 5.35 3.60 3.93 3.15 3.13 3.92 3.97 4.15 5.25 4.77 5.03 4.75 4.18 5.00 4.67 3.97 3.97 3.97 4.82 4.23 4.41 4.13 4.86 6.55 4.90 4.95 3.76 6.03 4.86 4.18 3.93 4.85 5.00 4.97 5.27 5.30 6.33 6.05 6.40 7.52 7.07 5.77 5.77 6.03 4.90 5.65 4.98 5.18 4.97 4.95 5.38 6.93 11.30 16.81 27.06 40.82 58.93 70.33 68.22 65.47 55.96 55.47 70.32 85.85 89.42 85.39 79.44 78.63 88.31 101.24
5.98 8.01 8.02 6.02 5.02 4.02 4.01 4.00 4.01 5.01 5.00 4.99 4.99 5.00 5.05 5.03 6.01 4.00 4.01 4.01 4.00 4.00 5.00 5.00 7.01 6.97 6.01 6.06 7.07 6.04 7.03 5.01 5.01 3.99 5.01 5.00 3.99 3.99 4.99 4.99 5.99 5.98 5.99 6.01 6.00 6.00 6.00 7.02 8.03 6.04 5.00 5.00 6.02 8.00 13.01 23.08 39.12 49.99 51.68 42.50 35.54 32.60 32.71 43.76 53.64 52.55 52.68 58.94 69.24 83.39 94.34 103.20
5.20 6.96 7.76 6.03 5.52 4.80 4.31 4.28 5.07 5.00 5.31 4.20 4.20 5.03 7.73 6.63 5.44 3.97 5.07 4.80 5.11 3.97 3.89 3.86 5.58 4.99 6.52 10.12 10.05 8.98 8.07 5.56 5.31 4.28 6.11 5.00 4.28 3.97 4.97 4.97 4.89 4.89 5.69 7.11 6.03 5.72 5.24 8.11 7.72 8.18 5.00 5.31 6.80 6.61 12.76 25.81 39.58 39.52 28.21 19.95 17.73 18.96 21.28 28.85 34.67 41.10 56.53 78.33 100.27 110.16 111.69 112.14
6.19 6.51 6.46 5.51 3.98 4.03 4.48 5.19 5.15 5.15 5.55 5.19 5.12 4.36 4.63 4.27 3.91 4.71 5.00 3.95 4.29 4.71 4.64 5.35 6.23 8.75 8.95 7.18 7.18 7.39 8.15 7.09 5.33 5.12 5.43 5.07 5.12 4.71 5.64 5.64 5.71 5.71 5.74 6.36 5.29 5.03 5.48 7.58 7.17 7.58 5.00 5.48 6.10 6.74 11.53 25.97 31.56 24.28 15.36 11.20 11.28 13.20 17.87 29.64 43.49 63.24 84.89 101.67 104.40 95.19 93.70 105.66
4.12 4.11 4.11 3.07 3.02 3.02 3.05 3.12 3.12 3.12 3.11 3.12 4.06 4.00 3.99 4.00 3.96 4.02 5.08 4.04 4.94 4.02 5.08 5.14 7.12 8.25 6.25 4.10 4.07 6.02 6.08 7.04 6.01 4.06 4.05 4.06 4.06 4.06 6.08 6.08 5.10 5.10 4.08 6.03 5.94 4.06 4.05 4.17 4.14 4.21 5.08 4.05 4.08 5.12 8.32 13.93 13.14 8.81 7.40 7.16 11.82 19.54 29.51 44.78 63.89 80.51 89.43 89.04 78.04 66.68 75.03 102.32
4.00 4.00 4.00 4.06 4.06 4.06 3.15 3.15 3.15 3.14 3.14 2.98 3.83 4.02 4.17 4.00 4.93 4.93 2.87 2.94 4.86 5.25 3.01 3.03 3.81 4.82 3.87 3.83 4.91 6.94 6.94 5.80 3.87 4.00 4.00 4.00 4.00 4.00 3.85 3.70 3.94 3.76 5.06 4.75 5.86 4.00 4.00 4.00 5.08 3.59 3.32 3.95 4.71 4.67 3.57 4.35 3.33 3.59 4.73 6.72 14.84 22.26 25.65 31.14 42.04 50.01 51.84 50.99 48.09 46.28 64.23 95.81
4.00 4.00 4.00 4.00 4.00 4.00 4.06 4.06 4.06 4.62 4.62 3.43 3.37 3.44 4.57 4.00 3.38 3.44 2.94 2.94 3.44 5.13 4.56 4.00 4.00 4.50 4.00 3.43 3.88 4.88 4.94 4.44 4.00 4.00 3.94 4.00 4.00 3.94 4.50 3.43 4.00 3.43 5.06 4.93 4.44 3.94 4.00 4.00 4.50 6.32 6.87 5.68 4.49 3.37 3.50 3.44 2.94 2.94 3.44 3.88 8.46 11.34 9.20 11.38 19.12 30.31 32.38 25.45 24.83 31.96 54.80 66.16
4.00 4.00 4.07 4.00 4.00 4.00 4.00 3.93 3.93 4.18 4.11 4.92 4.92 3.82 3.98 4.07 3.82 2.92 3.84 3.91 2.98 3.13 5.15 4.91 4.00 3.98 4.00 3.95 4.78 4.74 3.97 4.05 4.00 4.00 4.91 4.00 3.93 4.91 5.08 4.02 4.00 4.08 4.16 6.03 3.92 4.84 4.00 4.00 3.98 4.13 4.50 4.60 4.44 4.08 3.18 2.98 3.00 3.00 2.98 2.97 3.20 3.48 5.28 16.17 39.45 42.91 28.65 22.61 18.96 18.04 26.10 27.89
4.00 4.00 3.02 4.00 4.00 4.00 4.06 5.04 5.04 4.00 4.98 3.96 3.91 3.95 4.00 2.96 4.06 4.15 4.00 2.96 3.00 3.00 2.92 3.96 3.94 3.95 4.00 5.04 6.04 5.98 4.00 3.02 4.00 3.94 3.96 4.00 4.98 3.96 3.96 4.00 4.00 2.96 4.00 6.00 4.98 4.95 4.00 3.95 3.95 4.00 4.00 3.02 2.96 2.96 3.00 3.00 3.00 3.05 3.05 3.05 3.05 3.00 3.91 16.47 44.64 43.81 23.29 15.31 10.43 8.53 10.39 16.72
