Instances/WonsanBay/GMRTv3_3_20170611topo.asc
ncols 576
nrows 381
xllcorner 127.2930908203125
yllcorner 39.049052206453524
cellsize 0.0010986328125
nodata_value -2147483648
[rows 192 to 223 of 381, columns 360 to 431 of 576]
-25.07 -25.21 -25.36 -25.50 -25.65 -25.78 -25.92 -26.06 -26.20 -26.34 -26.47 -26.60 -26.74 -26.87 -27.00 -27.13 -27.27 -27.42 -27.56 -27.71 -27.85 -27.98 -28.09 -28.19 -28.28 -28.35 -28.42 -28.47 -28.52 -28.55 -28.56 -28.56 -28.54 -28.48 -28.41 -28.33 -28.25 -28.17 -28.11 -28.06 -28.04 -28.03 -28.04 -28.05 -28.06 -28.07 -28.08 -28.07 -28.06 -28.05 -28.04 -28.02 -28.00 -27.98 -27.96 -27.93 -27.90 -27.87 -27.82 -27.78 -27.74 -27.71 -27.68 -27.67 -27.66 -27.66 -27.67 -27.69 -27.71 -27.73 -27.76 -27.80
-25.04 -25.20 -25.36 -25.50 -25.65 -25.79 -25.93 -26.07 -26.21 -26.35 -26.48 -26.61 -26.74 -26.87 -27.00 -27.13 -27.27 -27.42 -27.56 -27.71 -27.85 -27.98 -28.10 -28.20 -28.30 -28.38 -28.46 -28.53 -28.58 -28.62 -28.64 -28.64 -28.61 -28.55 -28.47 -28.37 -28.27 -28.18 -28.10 -28.04 -28.02 -28.01 -28.01 -28.02 -28.03 -28.04 -28.05 -28.05 -28.05 -28.04 -28.03 -28.02 -28.01 -27.99 -27.98 -27.96 -27.95 -27.92 -27.90 -27.87 -27.85 -27.82 -27.81 -27.80 -27.79 -27.79 -27.78 -27.79 -27.80 -27.81 -27.83 -27.86
-25.02 -25.19 -25.35 -25.50 -25.65 -25.79 -25.93 -26.08 -26.22 -26.35 -26.49 -26.62 -26.74 -26.87 -27.00 -27.13 -27.27 -27.42 -27.56 -27.71 -27.85 -27.98 -28.10 -28.21 -28.31 -28.40 -28.49 -28.57 -28.63 -28.68 -28.71 -28.71 -28.67 -28.60 -28.51 -28.40 -28.28 -28.17 -28.08 -28.02 -27.99 -27.98 -27.98 -27.98 -28.00 -28.01 -28.02 -28.03 -28.02 -28.02 -28.02 -28.01 -28.01 -28.00 -28.00 -27.99 -27.98 -27.97 -27.96 -27.95 -27.93 -27.92 -27.91 -27.91 -27.90 -27.89 -27.89 -27.88 -27.88 -27.88 -27.90 -27.92
-24.97 -25.15 -25.32 -25.48 -25.64 -25.79 -25.93 -26.08 -26.22 -26.36 -26.49 -26.62 -26.75 -26.87 -27.00 -27.13 -27.27 -27.41 -27.56 -27.70 -27.85 -27.98 -28.10 -28.21 -28.32 -28.42 -28.52 -28.60 -28.67 -28.73 -28.76 -28.76 -28.72 -28.65 -28.54 -28.42 -28.29 -28.17 -28.07 -28.01 -27.97 -27.95 -27.95 -27.96 -27.97 -27.99 -28.00 -28.01 -28.01 -28.01 -28.01 -28.01 -28.01 -28.01 -28.01 -28.01 -28.01 -28.01 -28.00 -28.00 -28.00 -28.00 -28.00 -28.00 -27.99 -27.98 -27.97 -27.95 -27.94 -27.94 -27.95 -27.97
-24.91 -25.10 -25.28 -25.45 -25.61 -25.77 -25.92 -26.07 -26.22 -26.36 -26.49 -26.62 -26.75 -26.87 -27.00 -27.13 -27.27 -27.41 -27.56 -27.70 -27.85 -27.98 -28.11 -28.22 -28.33 -28.43 -28.53 -28.63 -28.70 -28.76 -28.79 -28.80 -28.76 -28.68 -28.56 -28.43 -28.30 -28.17 -28.07 -28.00 -27.96 -27.94 -27.94 -27.95 -27.96 -27.98 -27.99 -28.00 -28.00 -28.00 -28.00 -28.01 -28.01 -28.01 -28.02 -28.02 -28.03 -28.03 -28.04 -28.04 -28.05 -28.05 -28.05 -28.05 -28.05 -28.03 -28.02 -28.00 -27.99 -27.98 -27.98 -28.00
-24.82 -25.03 -25.22 -25.41 -25.58 -25.75 -25.91 -26.07 -26.23 -26.37 -26.50 -26.63 -26.75 -26.88 -27.00 -27.13 -27.27 -27.42 -27.56 -27.71 -27.85 -27.99 -28.11 -28.23 -28.33 -28.44 -28.55 -28.64 -28.72 -28.78 -28.81 -28.82 -28.78 -28.69 -28.58 -28.44 -28.31 -28.18 -28.07 -28.00 -27.96 -27.94 -27.93 -27.94 -27.96 -27.97 -27.99 -27.99 -28.00 -28.00 -28.00 -28.01 -28.01 -28.02 -28.03 -28.03 -28.04 -28.05 -28.06 -28.06 -28.07 -28.08 -28.08 -28.08 -28.08 -28.07 -28.05 -28.03 -28.02 -28.01 -28.00 -28.01
-24.71 -24.93 -25.15 -25.35 -25.54 -25.73 -25.90 -26.07 -26.23 -26.38 -26.51 -26.64 -26.76 -26.88 -27.01 -27.14 -27.28 -27.42 -27.57 -27.71 -27.86 -27.99 -28.12 -28.23 -28.34 -28.44 -28.55 -28.65 -28.73 -28.79 -28.82 -28.82 -28.78 -28.70 -28.58 -28.45 -28.31 -28.18 -28.07 -28.00 -27.96 -27.94 -27.93 -27.94 -27.95 -27.97 -27.99 -27.99 -28.00 -28.00 -28.00 -28.01 -28.02 -28.02 -28.03 -28.03 -28.04 -28.05 -28.06 -28.07 -28.08 -28.09 -28.09 -28.09 -28.09 -28.08 -28.06 -28.05 -28.03 -28.02 -28.02 -28.02
-24.59 -24.83 -25.07 -25.29 -25.50 -25.70 -25.89 -26.07 -26.23 -26.38 -26.52 -26.65 -26.77 -26.89 -27.01 -27.14 -27.28 -27.43 -27.57 -27.72 -27.86 -27.99 -28.12 -28.23 -28.33 -28.44 -28.55 -28.64 -28.72 -28.78 -28.81 -28.82 -28.77 -28.69 -28.58 -28.44 -28.31 -28.18 -28.07 -28.00 -27.96 -27.94 -27.93 -27.94 -27.96 -27.97 -27.99 -27.99 -28.00 -28.00 -28.00 -28.01 -28.01 -28.02 -28.02 -28.03 -28.04 -28.04 -28.05 -28.06 -28.07 -28.08 -28.08 -28.08 -28.08 -28.07 -28.06 -28.05 -28.04 -28.03 -28.02 -28.03
-24.47 -24.73 -24.98 -25.22 -25.45 -25.66 -25.86 -26.05 -26.22 -26.38 -26.52 -26.64 -26.76 -26.88 -27.01 -27.14 -27.28 -27.42 -27.57 -27.71 -27.85 -27.99 -28.11 -28.22 -28.33 -28.43 -28.53 -28.63 -28.70 -28.76 -28.79 -28.79 -28.75 -28.67 -28.56 -28.43 -28.30 -28.17 -28.07 -28.00 -27.96 -27.94 -27.94 -27.94 -27.96 -27.97 -27.99 -27.99 -28.00 -28.00 -28.00 -28.00 -28.01 -28.01 -28.02 -28.02 -28.02 -28.03 -28.03 -28.04 -28.04 -28.05 -28.05 -28.05 -28.05 -28.05 -28.04 -28.03 -28.03 -28.02 -28.02 -28.02
-24.36 -24.64 -24.91 -25.16 -25.39 -25.61 -25.82 -26.02 -26.20 -26.35 -26.49 -26.62 -26.74 -26.86 -26.98 -27.12 -27.26 -27.40 -27.55 -27.70 -27.84 -27.98 -28.10 -28.21 -28.32 -28.42 -28.52 -28.60 -28.68 -28.73 -28.76 -28.76 -28.72 -28.64 -28.54 -28.41 -28.28 -28.16 -28.06 -28.00 -27.96 -27.94 -27.94 -27.95 -27.96 -27.98 -27.99 -28.00 -28.00 -28.00 -28.00 -28.00 -28.00 -28.00 -28.00 -28.00 -28.00 -28.00 -28.00 -28.00 -28.00 -28.00 -28.00 -28.00 -28.00 -28.00 -28.00 -28.00 -28.00 -28.00 -28.00 -28.00
-24.28 -24.57 -24.84 -25.09 -25.33 -25.56 -25.77 -25.96 -26.15 -26.30 -26.44 -26.57 -26.69 -26.81 -26.94 -27.07 -27.22 -27.37 -27.52 -27.67 -27.82 -27.96 -28.09 -28.20 -28.30 -28.40 -28.49 -28.57 -28.64 -28.69 -28.71 -28.71 -28.68 -28.60 -28.50 -28.39 -28.27 -28.15 -28.06 -28.00 -27.96 -27.95 -27.95 -27.95 -27.97 -27.98 -28.00 -28.00 -28.00 -28.00 -27.99 -27.99 -27.99 -27.98 -27.98 -27.98 -27.97 -27.97 -27.96 -27.95 -27.95 -27.94 -27.94 -27.94 -27.94 -27.94 -27.95 -27.95 -27.96 -27.96 -27.97 -27.97
-24.24 -24.53 -24.80 -25.04 -25.27 -25.49 -25.69 -25.89 -26.07 -26.22 -26.36 -26.49 -26.62 -26.74 -26.87 -27.00 -27.15 -27.31 -27.47 -27.63 -27.79 -27.94 -28.07 -28.18 -28.28 -28.37 -28.46 -28.53 -28.58 -28.62 -28.64 -28.64 -28.61 -28.54 -28.45 -28.35 -28.24 -28.14 -28.05 -28.00 -27.97 -27.95 -27.95 -27.96 -27.98 -27.99 -28.00 -28.00 -28.00 -27.99 -27.99 -27.98 -27.97 -27.96 -27.95 -27.94 -27.93 -27.91 -27.89 -27.88 -27.86 -27.85 -27.84 -27.83 -27.84 -27.85 -27.86 -27.87 -27.89 -27.91 -27.92 -27.93
-24.22 -24.52 -24.77 -25.01 -25.22 -25.41 -25.60 -25.79 -25.97 -26.12 -26.26 -26.39 -26.52 -26.64 -26.77 -26.91 -27.07 -27.24 -27.41 -27.59 -27.76 -27.91 -28.05 -28.17 -28.26 -28.34 -28.41 -28.47 -28.51 -28.54 -28.55 -28.55 -28.52 -28.46 -28.38 -28.29 -28.20 -28.12 -28.05 -28.00 -27.97 -27.96 -27.96 -27.97 -27.99 -28.00 -28.01 -28.01 -28.00 -27.99 -27.97 -27.96 -27.94 -27.93 -27.91 -27.89 -27.87 -27.84 -27.81 -27.77 -27.75 -27.72 -27.70 -27.70 -27.70 -27.72 -27.74 -27.77 -27.80 -27.83 -27.85 -27.88
-24.22 -24.51 -24.75 -24.96 -25.15 -25.33 -25.50 -25.68 -25.85 -26.00 -26.14 -26.27 -26.40 -26.53 -26.67 -26.81 -26.98 -27.16 -27.34 -27.53 -27.71 -27.88 -28.03 -28.14 -28.24 -28.31 -28.36 -28.40 -28.43 -28.44 -28.44 -28.44 -28.42 -28.37 -28.31 -28.24 -28.16 -28.09 -28.04 -28.00 -27.98 -27.97 -27.98 -27.99 -28.00 -28.01 -28.02 -28.01 -28.00 -27.98 -27.96 -27.94 -27.92 -27.89 -27.86 -27.83 -27.80 -27.76 -27.71 -27.66 -27.62 -27.58 -27.55 -27.54 -27.55 -27.57 -27.61 -27.65 -27.69 -27.74 -27.78 -27.81
-24.20 -24.48 -24.72 -24.91 -25.08 -25.23 -25.39 -25.56 -25.72 -25.87 -26.01 -26.15 -26.28 -26.41 -26.55 -26.70 -26.87 -27.06 -27.27 -27.47 -27.66 -27.84 -28.00 -28.12 -28.20 -28.27 -28.31 -28.33 -28.34 -28.34 -28.34 -28.33 -28.31 -28.28 -28.23 -28.18 -28.12 -28.07 -28.03 -28.00 -27.99 -27.98 -27.99 -28.00 -28.01 -28.02 -28.02 -28.02 -28.00 -27.98 -27.95 -27.92 -27.89 -27.85 -27.82 -27.78 -27.73 -27.67 -27.61 -27.55 -27.49 -27.44 -27.40 -27.39 -27.40 -27.43 -27.47 -27.52 -27.58 -27.64 -27.70 -27.74
-24.14 -24.42 -24.65 -24.83 -24.98 -25.12 -25.27 -25.43 -25.59 -25.74 -25.88 -26.02 -26.15 -26.28 -26.43 -26.59 -26.77 -26.97 -27.18 -27.39 -27.60 -27.79 -27.95 -28.08 -28.16 -28.22 -28.25 -28.26 -28.26 -28.25 -28.24 -28.24 -28.22 -28.20 -28.16 -28.13 -28.09 -28.05 -28.02 -28.00 -27.99 -27.99 -28.00 -28.01 -28.03 -28.03 -28.03 -28.02 -28.00 -27.98 -27.94 -27.91 -27.87 -27.82 -27.77 -27.73 -27.67 -27.60 -27.52 -27.44 -27.37 -27.31 -27.27 -27.25 -27.26 -27.29 -27.34 -27.41 -27.48 -27.55 -27.61 -27.67
-24.02 -24.31 -24.54 -24.72 -24.86 -25.00 -25.14 -25.30 -25.47 -25.62 -25.76 -25.89 -26.02 -26.16 -26.31 -26.47 -26.66 -26.87 -27.09 -27.31 -27.53 -27.73 -27.90 -28.03 -28.12 -28.17 -28.20 -28.20 -28.20 -28.18 -28.17 -28.16 -28.15 -28.14 -28.12 -28.09 -28.06 -28.04 -28.02 -28.00 -28.00 -28.00 -28.02 -28.03 -28.04 -28.04 -28.04 -28.03 -28.01 -27.97 -27.94 -27.89 -27.85 -27.80 -27.74 -27.69 -27.62 -27.54 -27.45 -27.36 -27.28 -27.21 -27.16 -27.14 -27.15 -27.19 -27.24 -27.31 -27.39 -27.47 -27.54 -27.60
-23.83 -24.13 -24.37 -24.56 -24.72 -24.86 -25.01 -25.17 -25.34 -25.50 -25.64 -25.77 -25.90 -26.04 -26.19 -26.35 -26.54 -26.76 -26.99 -27.22 -27.45 -27.65 -27.83 -27.97 -28.06 -28.11 -28.14 -28.15 -28.14 -28.13 -28.12 -28.12 -28.12 -28.11 -28.09 -28.07 -28.05 -28.04 -28.02 -28.01 -28.01 -28.02 -28.03 -28.04 -28.05 -28.06 -28.06 -28.04 -28.02 -27.98 -27.94 -27.89 -27.84 -27.79 -27.73 -27.67 -27.60 -27.51 -27.41 -27.31 -27.22 -27.15 -27.09 -27.07 -27.07 -27.11 -27.16 -27.23 -27.31 -27.39 -27.46 -27.52
-23.59 -23.90 -24.16 -24.36 -24.54 -24.71 -24.87 -25.05 -25.22 -25.38 -25.52 -25.65 -25.78 -25.91 -26.06 -26.23 -26.42 -26.64 -26.88 -27.12 -27.35 -27.57 -27.75 -27.89 -27.99 -28.05 -28.09 -28.10 -28.10 -28.10 -28.09 -28.09 -28.10 -28.10 -28.09 -28.07 -28.06 -28.05 -28.04 -28.03 -28.03 -28.04 -28.06 -28.07 -28.08 -28.08 -28.08 -28.06 -28.03 -28.00 -27.95 -27.90 -27.85 -27.79 -27.72 -27.66 -27.58 -27.49 -27.39 -27.28 -27.19 -27.10 -27.04 -27.01 -27.02 -27.05 -27.10 -27.16 -27.24 -27.31 -27.38 -27.44
-23.30 -23.63 -23.91 -24.15 -24.35 -24.54 -24.72 -24.91 -25.10 -25.26 -25.40 -25.52 -25.65 -25.79 -25.93 -26.10 -26.30 -26.52 -26.76 -27.01 -27.25 -27.47 -27.66 -27.81 -27.91 -27.98 -28.03 -28.05 -28.07 -28.07 -28.07 -28.08 -28.09 -28.10 -28.09 -28.08 -28.07 -28.06 -28.06 -28.05 -28.06 -28.07 -28.08 -28.09 -28.10 -28.11 -28.10 -28.09 -28.06 -28.02 -27.97 -27.91 -27.85 -27.79 -27.72 -27.65 -27.57 -27.48 -27.37 -27.26 -27.16 -27.08 -27.01 -26.98 -26.97 -27.00 -27.04 -27.10 -27.17 -27.24 -27.30 -27.35
-23.00 -23.35 -23.65 -23.91 -24.14 -24.36 -24.56 -24.77 -24.96 -25.13 -25.27 -25.40 -25.52 -25.65 -25.80 -25.97 -26.17 -26.40 -26.64 -26.89 -27.14 -27.36 -27.56 -27.72 -27.83 -27.91 -27.97 -28.01 -28.03 -28.05 -28.06 -28.08 -28.09 -28.10 -28.10 -28.09 -28.09 -28.08 -28.07 -28.07 -28.07 -28.09 -28.10 -28.11 -28.12 -28.13 -28.12 -28.10 -28.07 -28.03 -27.98 -27.92 -27.86 -27.79 -27.72 -27.65 -27.57 -27.47 -27.36 -27.25 -27.15 -27.06 -26.99 -26.95 -26.94 -26.96 -27.00 -27.05 -27.11 -27.17 -27.22 -27.27
-22.69 -23.06 -23.38 -23.67 -23.93 -24.17 -24.40 -24.62 -24.82 -24.99 -25.13 -25.26 -25.39 -25.52 -25.66 -25.83 -26.04 -26.27 -26.52 -26.77 -27.02 -27.25 -27.46 -27.62 -27.74 -27.83 -27.90 -27.95 -27.99 -28.01 -28.04 -28.06 -28.09 -28.10 -28.10 -28.09 -28.09 -28.08 -28.07 -28.07 -28.08 -28.09 -28.10 -28.12 -28.13 -28.13 -28.12 -28.11 -28.07 -28.03 -27.98 -27.92 -27.86 -27.79 -27.72 -27.65 -27.56 -27.46 -27.35 -27.24 -27.14 -27.05 -26.97 -26.93 -26.92 -26.93 -26.96 -27.01 -27.06 -27.11 -27.16 -27.20
-22.40 -22.78 -23.12 -23.43 -23.71 -23.97 -24.22 -24.45 -24.67 -24.84 -24.99 -25.12 -25.24 -25.38 -25.52 -25.70 -25.91 -26.14 -26.40 -26.65 -26.90 -27.14 -27.35 -27.52 -27.65 -27.75 -27.83 -27.89 -27.93 -27.97 -28.00 -28.03 -28.06 -28.07 -28.08 -28.08 -28.07 -28.06 -28.06 -28.06 -28.06 -28.07 -28.09 -28.10 -28.11 -28.11 -28.11 -28.09 -28.06 -28.01 -27.96 -27.90 -27.84 -27.77 -27.70 -27.63 -27.54 -27.45 -27.34 -27.23 -27.13 -27.03 -26.96 -26.92 -26.90 -26.91 -26.94 -26.98 -27.02 -27.07 -27.11 -27.15
-22.13 -22.51 -22.86 -23.19 -23.49 -23.76 -24.02 -24.27 -24.49 -24.67 -24.82 -24.96 -25.09 -25.23 -25.39 -25.57 -25.78 -26.02 -26.27 -26.53 -26.79 -27.02 -27.24 -27.41 -27.55 -27.66 -27.74 -27.81 -27.87 -27.91 -27.95 -27.99 -28.02 -28.03 -28.04 -28.04 -28.03 -28.02 -28.01 -28.01 -28.02 -28.03 -28.05 -28.06 -28.07 -28.07 -28.06 -28.05 -28.01 -27.97 -27.92 -27.87 -27.80 -27.74 -27.67 -27.60 -27.52 -27.42 -27.32 -27.21 -27.11 -27.02 -26.95 -26.91 -26.89 -26.90 -26.92 -26.96 -27.00 -27.05 -27.09 -27.12
-21.84 -22.23 -22.59 -22.93 -23.24 -23.53 -23.80 -24.06 -24.29 -24.48 -24.64 -24.79 -24.94 -25.08 -25.24 -25.43 -25.65 -25.89 -26.15 -26.41 -26.66 -26.90 -27.12 -27.29 -27.44 -27.55 -27.65 -27.73 -27.79 -27.85 -27.89 -27.94 -27.97 -27.98 -27.99 -27.98 -27.97 -27.96 -27.95 -27.95 -27.96 -27.97 -27.98 -27.99 -28.00 -28.00 -28.00 -27.98 -27.95 -27.91 -27.86 -27.81 -27.75 -27.69 -27.63 -27.56 -27.48 -27.39 -27.29 -27.20 -27.10 -27.02 -26.95 -26.91 -26.89 -26.90 -26.92 -26.96 -27.00 -27.04 -27.08 -27.11
-21.55 -21.94 -22.31 -22.65 -22.98 -23.28 -23.57 -23.84 -24.08 -24.28 -24.46 -24.62 -24.77 -24.93 -25.10 -25.29 -25.52 -25.76 -26.02 -26.28 -26.53 -26.78 -26.99 -27.17 -27.32 -27.45 -27.55 -27.64 -27.72 -27.78 -27.83 -27.88 -27.91 -27.92 -27.92 -27.92 -27.90 -27.89 -27.88 -27.87 -27.88 -27.89 -27.90 -27.91 -27.92 -27.92 -27.91 -27.90 -27.87 -27.84 -27.79 -27.74 -27.69 -27.63 -27.57 -27.51 -27.44 -27.36 -27.27 -27.18 -27.09 -27.02 -26.96 -26.92 -26.91 -26.91 -26.94 -26.97 -27.01 -27.05 -27.09 -27.11
-21.28 -21.66 -22.03 -22.39 -22.72 -23.04 -23.33 -23.61 -23.86 -24.07 -24.26 -24.43 -24.60 -24.77 -24.95 -25.15 -25.38 -25.63 -25.89 -26.15 -26.40 -26.64 -26.86 -27.05 -27.20 -27.33 -27.45 -27.55 -27.63 -27.70 -27.76 -27.81 -27.84 -27.85 -27.85 -27.84 -27.82 -27.80 -27.79 -27.78 -27.79 -27.79 -27.80 -27.81 -27.82 -27.82 -27.82 -27.80 -27.78 -27.75 -27.71 -27.67 -27.62 -27.57 -27.52 -27.46 -27.40 -27.33 -27.25 -27.17 -27.09 -27.02 -26.97 -26.94 -26.93 -26.93 -26.96 -26.99 -27.03 -27.07 -27.10 -27.13
-21.02 -21.41 -21.78 -22.13 -22.47 -22.80 -23.10 -23.39 -23.64 -23.87 -24.07 -24.25 -24.43 -24.62 -24.81 -25.02 -25.25 -25.50 -25.76 -26.02 -26.27 -26.51 -26.73 -26.92 -27.08 -27.22 -27.34 -27.44 -27.53 -27.61 -27.68 -27.73 -27.76 -27.78 -27.77 -27.76 -27.74 -27.72 -27.70 -27.69 -27.69 -27.70 -27.71 -27.72 -27.72 -27.72 -27.72 -27.71 -27.69 -27.66 -27.63 -27.59 -27.55 -27.51 -27.46 -27.41 -27.36 -27.29 -27.22 -27.15 -27.08 -27.02 -26.98 -26.95 -26.95 -26.96 -26.98 -27.02 -27.06 -27.09 -27.13 -27.15
-20.80 -21.18 -21.55 -21.91 -22.25 -22.58 -22.89 -23.17 -23.44 -23.67 -23.88 -24.08 -24.27 -24.46 -24.66 -24.88 -25.11 -25.37 -25.63 -25.89 -26.14 -26.38 -26.60 -26.79 -26.95 -27.10 -27.22 -27.34 -27.43 -27.51 -27.58 -27.64 -27.68 -27.69 -27.69 -27.67 -27.65 -27.63 -27.61 -27.60 -27.60 -27.61 -27.61 -27.62 -27.63 -27.63 -27.62 -27.61 -27.60 -27.57 -27.55 -27.51 -27.48 -27.44 -27.40 -27.36 -27.31 -27.26 -27.20 -27.13 -27.07 -27.02 -26.99 -26.96 -26.96 -26.98 -27.00 -27.04 -27.08 -27.12 -27.16 -27.18
-20.63 -21.00 -21.36 -21.71 -22.05 -22.38 -22.69 -22.98 -23.24 -23.48 -23.70 -23.91 -24.11 -24.31 -24.52 -24.74 -24.98 -25.23 -25.49 -25.75 -26.01 -26.25 -26.47 -26.66 -26.82 -26.97 -27.10 -27.22 -27.32 -27.40 -27.48 -27.54 -27.58 -27.59 -27.59 -27.58 -27.56 -27.54 -27.52 -27.51 -27.51 -27.52 -27.52 -27.53 -27.53 -27.54 -27.53 -27.52 -27.51 -27.49 -27.47 -27.44 -27.41 -27.38 -27.34 -27.31 -27.27 -27.22 -27.17 -27.11 -27.06 -27.02 -26.99 -26.97 -26.98 -26.99 -27.02 -27.06 -27.10 -27.15 -27.19 -27.22
-20.49 -20.84 -21.19 -21.54 -21.87 -22.19 -22.50 -22.79 -23.05 -23.30 -23.52 -23.74 -23.95 -24.16 -24.37 -24.60 -24.84 -25.10 -25.36 -25.62 -25.87 -26.11 -26.33 -26.52 -26.69 -26.84 -26.97 -27.09 -27.19 -27.28 -27.35 -27.41 -27.46 -27.48 -27.48 -27.47 -27.45 -27.43 -27.42 -27.42 -27.42 -27.42 -27.43 -27.43 -27.43 -27.43 -27.43 -27.42 -27.41 -27.40 -27.38 -27.36 -27.33 -27.31 -27.28 -27.25 -27.22 -27.18 -27.13 -27.09 -27.05 -27.01 -26.99 -26.98 -26.99 -27.01 -27.05 -27.09 -27.14 -27.19 -27.23 -27.27
-20.37 -20.72 -21.05 -21.38 -21.70 -22.01 -22.31 -22.59 -22.86 -23.11 -23.34 -23.56 -23.78 -24.00 -24.22 -24.45 -24.70 -24.96 -25.22 -25.48 -25.74 -25.98 -26.20 -26.39 -26.56 -26.70 -26.84 -26.95 -27.05 -27.14 -27.21 -27.28 -27.32 -27.35 -27.35 -27.35 -27.34 -27.33 -27.32 -27.31 -27.32 -27.32 -27.32 -27.33 -27.33 -27.33 -27.32 -27.32 -27.31 -27.30 -27.28 -27.27 -27.25 -27.23 -27.22 -27.20 -27.17 -27.14 -27.10 -27.06 -27.03 -27.00 -26.99 -26.99 -27.00 -27.04 -27.08 -27.13 -27.18 -27.23 -27.28 -27.33
