Instances/WonsanBay/GMRTv3_3_20170611topo.asc
ncols 576
nrows 381
xllcorner 127.2930908203125
yllcorner 39.049052206453524
cellsize 0.0010986328125
nodata_value -2147483648
[rows 32 to 63 of 381, columns 0 to 71 of 576]
5.76 6.84 6.47 6.44 7.16 5.71 4.91 5.43 5.78 6.87 5.74 5.43 6.03 6.25 5.72 5.79 6.79 7.07 6.03 6.01 4.95 5.65 6.07 7.24 6.07 4.93 5.00 5.40 5.40 4.93 5.65 5.00 5.00 5.35 4.95 4.60 6.05 6.05 3.88 4.56 5.65 4.56 4.28 3.88 4.60 5.29 4.65 3.93 3.81 4.79 6.19 4.32 3.91 4.67 3.95 3.95 3.95 4.05 4.29 4.65 5.00 5.40 5.07 4.75 4.00 2.88 3.65 4.00 4.00 4.00 5.16 4.76
4.18 5.25 6.32 5.68 5.64 7.14 6.43 6.11 7.14 6.79 8.01 6.04 6.71 5.57 4.89 4.96 6.04 7.15 6.71 8.14 5.57 4.82 6.00 5.50 6.00 4.93 5.00 5.39 5.32 5.00 5.04 5.00 5.00 6.18 5.79 4.68 5.29 5.29 4.71 5.39 4.89 5.39 5.04 4.71 4.68 3.86 3.96 4.00 4.71 2.89 3.46 3.57 5.43 4.68 4.79 4.71 4.71 3.29 2.86 3.82 4.85 5.25 5.07 5.43 4.00 3.71 2.96 3.93 4.00 4.07 3.57 3.25
5.00 5.01 6.01 4.00 4.00 6.03 7.03 5.02 6.02 4.03 5.05 6.03 7.01 7.01 6.00 5.00 5.02 5.02 7.00 9.04 7.98 6.98 6.01 6.00 6.00 5.98 4.99 3.99 5.00 5.01 4.00 5.00 5.01 4.03 5.03 5.01 5.01 5.00 5.01 6.01 6.00 6.01 5.01 5.01 5.01 5.00 4.00 4.00 5.03 3.00 4.98 5.00 6.00 5.00 4.02 5.01 5.01 2.97 3.97 5.97 6.98 6.00 4.02 4.00 3.99 4.00 2.99 4.98 3.99 3.02 3.00 3.00
4.32 4.32 4.66 5.07 5.07 4.71 4.61 5.25 5.75 4.17 5.14 4.02 5.90 5.05 4.93 5.00 5.00 6.10 6.78 5.57 6.27 5.44 4.66 4.66 5.73 5.75 5.61 5.92 4.78 3.93 4.83 4.97 3.93 3.75 3.93 3.93 3.93 4.78 4.17 4.71 4.68 4.93 4.15 3.90 3.93 3.93 4.00 4.00 2.86 2.97 4.78 3.93 5.56 5.00 4.03 3.71 3.93 5.14 5.05 5.51 5.49 4.49 4.00 4.83 5.32 4.47 4.29 5.05 4.63 3.22 3.25 3.22
7.47 7.40 5.10 5.07 5.07 3.95 4.59 5.48 5.52 6.14 7.78 6.20 6.64 6.77 5.00 5.07 5.00 5.42 5.95 4.88 3.77 5.04 5.03 5.10 6.10 5.45 4.47 5.01 3.95 4.00 4.52 5.58 4.00 3.52 4.00 4.00 4.00 3.95 4.48 3.88 4.52 5.00 5.05 4.58 3.93 3.93 4.00 4.00 2.93 3.58 3.95 3.93 3.82 5.07 3.36 2.95 4.00 5.07 5.58 5.04 3.82 2.82 4.00 4.59 5.55 5.60 5.05 3.78 2.82 4.12 3.48 4.05
5.37 6.33 6.02 4.00 4.10 4.00 4.11 5.04 6.12 8.08 9.19 7.12 6.22 5.21 4.95 4.00 4.95 4.88 5.89 5.85 4.90 6.07 6.97 5.96 7.02 6.96 4.96 4.05 3.95 4.05 5.01 6.01 3.95 4.01 3.95 3.95 4.00 4.00 3.99 4.90 4.96 5.00 5.00 5.01 4.90 4.95 3.95 4.00 3.90 3.96 3.89 4.90 4.95 4.10 3.89 2.95 4.00 4.10 6.12 6.07 4.95 3.85 3.89 4.11 4.09 4.09 5.00 3.83 3.95 3.10 2.94 4.05
4.04 3.88 6.02 6.13 4.01 3.99 3.98 3.92 3.87 4.85 5.73 4.79 3.89 5.11 5.96 6.01 6.06 7.00 8.01 6.84 5.01 4.84 5.74 6.85 6.90 5.96 5.96 5.18 5.05 3.05 4.90 6.01 5.16 4.21 5.04 5.05 4.11 4.00 4.10 4.99 6.05 4.99 5.00 5.11 5.00 3.95 4.94 3.99 4.10 5.06 5.90 4.90 3.95 4.00 4.00 4.05 4.00 3.90 4.01 4.94 4.04 5.06 6.01 4.10 4.00 4.00 4.90 4.96 2.94 2.98 3.94 2.95
5.50 4.38 5.14 5.19 3.46 4.32 4.92 5.35 4.86 4.51 4.93 3.88 4.00 5.69 4.39 4.34 5.46 5.93 6.56 4.81 4.57 3.93 3.81 4.38 5.45 5.03 4.50 5.21 5.00 4.01 3.99 5.62 6.07 6.19 5.54 5.00 4.58 3.89 5.01 5.43 6.00 5.43 5.00 5.64 5.00 4.00 4.42 4.49 5.12 4.57 3.86 3.93 4.00 4.00 4.00 3.95 3.95 2.88 4.64 5.43 5.61 4.57 4.45 5.07 4.00 4.05 3.50 3.50 3.43 3.92 3.36 3.00
6.10 5.81 3.81 3.09 4.62 6.67 5.34 6.36 6.12 4.76 4.93 4.78 3.93 4.12 5.40 6.26 6.62 6.14 5.26 5.78 3.83 4.00 4.78 4.62 5.76 5.52 3.90 3.95 5.00 4.78 3.07 4.12 6.14 5.29 4.46 5.00 4.69 5.57 5.86 6.10 6.00 6.03 5.00 4.97 5.00 3.93 4.24 4.24 4.14 3.97 4.00 4.00 4.00 4.07 4.00 4.86 4.78 3.78 3.97 6.17 4.46 3.97 4.83 5.07 4.00 3.14 2.90 2.97 4.03 4.19 4.03 3.00
4.99 5.98 6.03 4.05 3.98 5.97 4.00 4.99 4.99 5.00 6.00 5.00 5.02 5.03 8.05 8.00 5.95 3.95 3.98 6.00 6.01 4.02 5.03 7.05 6.00 5.98 5.00 4.00 4.98 5.00 5.03 5.00 3.97 3.98 3.98 4.96 5.98 5.96 4.97 4.97 5.96 5.96 4.98 4.98 4.98 5.02 4.00 4.02 5.00 4.00 3.98 4.00 3.98 2.98 4.00 3.98 4.98 3.98 3.98 3.99 4.02 4.00 3.99 3.97 4.02 4.03 4.03 3.00 4.00 5.00 3.98 3.02
4.71 4.96 5.75 5.89 4.29 4.60 4.75 4.71 4.71 4.75 4.67 4.71 5.04 6.40 8.53 6.67 3.85 3.22 4.29 5.67 4.89 5.47 7.95 7.49 5.75 4.64 4.25 4.33 4.25 5.00 5.00 4.25 3.67 4.00 3.18 2.82 3.53 3.53 3.60 3.93 3.85 3.85 3.93 3.93 3.89 5.00 4.33 4.78 3.93 4.00 3.22 4.04 2.93 3.00 4.04 4.00 3.96 3.22 3.18 5.11 5.11 4.33 3.71 2.93 5.07 5.07 5.07 3.29 4.04 3.93 2.89 4.04
3.88 4.35 4.30 4.30 5.12 4.68 4.53 3.88 3.96 3.30 3.30 3.96 4.42 6.47 6.41 5.30 3.93 3.97 5.12 5.68 5.50 10.20 11.73 5.98 4.23 3.88 4.39 4.39 4.32 5.00 4.93 4.32 3.68 4.07 4.77 3.72 3.61 3.61 3.61 4.00 4.00 4.00 4.00 4.00 4.65 5.00 4.39 3.96 4.00 3.93 3.97 3.28 2.93 2.93 3.35 4.00 3.35 4.04 4.70 4.35 4.35 4.39 2.96 3.00 5.15 5.07 5.07 4.12 3.35 4.00 3.58 4.65
4.95 3.96 4.00 4.00 4.05 4.02 5.99 4.95 3.96 2.96 2.96 4.00 2.98 4.98 4.06 5.00 4.95 4.98 4.05 5.05 7.90 14.05 8.32 5.05 4.95 4.98 4.00 4.00 4.95 4.96 5.95 4.91 3.05 3.05 4.09 3.02 4.00 4.04 4.04 4.04 4.00 4.00 4.00 4.00 5.04 5.04 4.00 4.00 4.00 4.95 4.95 3.91 3.95 3.91 2.96 4.00 2.96 4.00 5.04 4.00 4.00 4.00 2.96 3.00 3.10 4.09 4.09 3.02 2.96 3.96 4.95 5.00
4.84 5.08 4.16 3.98 4.00 4.90 4.77 4.84 4.90 4.25 4.07 4.00 5.15 7.18 5.26 4.82 4.67 3.93 4.00 4.84 7.51 9.09 4.64 5.02 5.00 3.92 4.00 4.00 5.00 5.74 5.85 5.74 2.98 2.98 2.93 4.07 4.02 3.11 3.11 3.10 4.00 4.00 4.00 4.02 3.95 3.95 4.00 4.00 4.00 4.84 5.00 4.90 4.18 4.90 4.25 3.82 4.07 4.00 3.77 4.02 4.02 4.00 4.07 2.98 2.98 2.90 3.08 4.25 4.07 5.03 4.93 5.11
3.94 4.43 5.06 4.51 4.00 3.94 3.94 3.94 4.00 4.55 4.06 4.00 4.43 5.48 5.05 4.38 2.75 3.94 3.87 3.88 4.81 5.82 3.94 4.49 5.00 4.57 4.06 4.00 5.06 3.81 4.37 3.88 3.51 3.57 3.00 4.00 3.43 3.55 3.55 4.12 4.06 4.06 4.00 3.43 3.49 3.43 4.00 4.00 4.06 4.00 5.13 3.94 4.55 3.88 4.49 3.45 4.00 4.06 2.94 3.43 3.43 4.00 4.00 3.44 3.44 4.08 4.70 4.62 4.00 5.89 6.84 7.52
4.00 4.77 5.00 5.02 3.94 4.00 3.94 4.00 3.09 4.05 3.15 4.00 4.83 3.95 3.97 5.93 4.63 4.78 5.70 4.85 5.00 5.22 4.00 3.92 5.00 4.17 3.09 3.94 4.09 4.85 4.83 3.94 3.95 3.04 2.94 3.94 3.77 2.92 2.92 3.09 3.09 3.09 4.00 3.83 2.92 3.83 4.00 4.00 3.09 3.09 3.30 4.00 3.98 4.91 4.90 4.08 4.06 3.15 2.94 3.83 3.83 4.00 4.00 4.93 4.93 4.25 3.32 3.01 3.94 8.73 11.67 9.90
4.06 6.04 5.12 5.12 5.03 4.00 5.04 4.06 4.03 3.02 3.00 3.94 4.94 4.00 4.00 4.90 5.92 5.98 5.94 5.00 4.94 3.96 4.00 4.98 5.00 4.00 4.04 4.98 4.98 4.94 4.88 4.92 4.98 4.96 4.04 4.98 4.98 4.04 4.04 4.04 4.04 4.04 4.00 3.99 4.03 3.94 3.94 4.00 4.04 4.04 3.06 3.94 3.94 3.90 3.90 2.96 2.96 3.00 4.04 4.00 3.94 3.94 3.94 3.97 3.96 3.02 3.06 5.08 5.16 9.01 10.91 9.89
5.48 6.05 6.83 7.24 5.41 4.36 5.00 5.48 4.36 4.03 3.36 2.88 3.52 4.00 4.00 3.93 3.85 4.57 4.97 4.64 4.29 4.00 4.00 3.88 4.64 4.05 3.64 3.57 3.57 3.57 2.85 2.85 3.57 2.85 3.64 3.57 3.57 3.64 3.64 3.64 4.00 3.95 4.32 5.13 4.82 2.88 2.88 3.59 4.05 4.05 4.07 3.34 2.93 2.93 2.88 2.91 3.32 3.32 4.00 4.00 3.34 3.29 2.93 3.64 4.05 4.07 4.07 5.05 6.83 7.96 8.93 7.22
5.39 5.35 5.32 5.63 5.39 5.18 5.07 5.39 5.11 4.80 4.03 3.72 3.69 4.00 4.00 4.00 4.00 3.97 4.28 3.97 5.11 4.00 3.93 4.72 3.89 3.28 2.97 2.97 2.97 2.97 2.93 2.93 2.89 3.00 2.97 2.97 2.97 2.97 2.89 2.89 4.00 4.72 5.83 6.53 4.70 3.80 3.80 3.69 3.28 3.20 4.00 3.24 2.93 2.93 3.57 4.30 4.68 4.83 4.00 4.07 3.31 4.11 3.00 2.97 3.28 4.00 4.00 4.20 5.24 5.25 5.53 4.56
4.01 4.01 4.01 4.01 4.02 3.01 4.01 4.01 4.01 4.01 4.00 4.00 4.00 4.00 3.99 3.99 4.00 3.99 4.00 4.00 4.01 4.00 5.00 5.01 5.00 3.00 3.00 3.00 3.00 3.00 4.00 4.00 4.00 3.00 3.00 3.00 2.99 2.99 3.99 3.99 4.01 5.02 5.03 4.03 3.01 3.01 3.01 4.00 3.00 3.98 4.00 3.99 3.98 3.99 6.00 7.00 6.00 4.01 4.00 3.00 2.99 3.01 2.99 2.99 2.99 3.99 3.99 4.99 5.01 4.00 4.01 3.00
4.71 4.20 4.17 4.17 3.35 4.24 4.15 4.23 4.25 4.25 4.25 4.25 4.28 4.28 5.10 5.10 4.25 5.07 4.23 4.23 4.25 4.28 4.21 3.95 3.93 3.23 3.23 2.97 3.00 3.00 2.93 3.18 2.93 3.00 3.00 3.00 3.85 4.10 4.03 4.03 3.18 3.11 3.08 2.90 3.23 2.97 3.00 4.03 3.25 4.85 4.00 4.00 4.85 4.00 3.86 4.63 4.95 4.25 4.00 4.35 4.35 3.25 4.35 4.35 4.35 4.87 4.85 4.80 3.70 4.59 4.00 4.10
6.51 5.50 6.15 6.29 5.69 6.22 6.80 4.91 4.47 4.47 4.40 4.40 3.89 3.89 4.49 4.42 4.40 4.93 5.05 5.12 4.47 3.89 3.89 3.42 4.00 4.05 4.05 3.51 2.93 3.00 3.00 3.47 3.07 3.07 3.00 2.93 2.88 3.42 3.42 3.42 3.47 3.47 4.12 3.58 4.05 3.65 3.00 3.49 3.47 4.02 4.07 4.00 3.95 4.00 4.07 4.02 4.49 4.54 4.07 3.96 3.96 3.47 3.89 3.89 3.89 3.29 3.95 3.36 2.95 3.48 4.07 3.42
6.84 7.82 8.02 6.16 6.06 7.07 8.03 6.81 3.99 3.94 4.90 4.90 2.98 2.98 3.09 3.94 4.84 5.85 4.95 4.04 3.99 2.93 2.98 2.94 4.00 3.95 3.95 4.91 3.90 3.00 2.95 2.94 2.10 2.10 3.00 3.96 3.96 2.99 2.99 2.99 2.99 2.99 3.10 4.06 4.10 3.16 3.05 2.09 2.99 3.04 3.04 3.95 3.90 4.00 3.04 3.04 3.09 3.09 3.10 2.03 2.03 2.99 2.98 2.93 2.98 3.95 4.05 2.99 2.90 3.96 3.10 2.99
8.07 7.90 5.78 4.84 5.06 6.07 7.79 6.88 4.08 5.05 4.99 4.89 2.99 3.11 2.98 5.06 6.07 6.96 5.95 4.95 4.00 4.16 3.23 4.07 4.13 5.07 4.96 4.90 4.11 3.10 4.05 4.16 2.22 2.12 3.01 2.84 2.83 3.12 3.11 3.00 3.00 3.00 3.01 2.83 1.88 1.93 2.05 2.23 3.00 4.17 4.06 5.07 6.02 3.88 4.06 4.07 3.00 3.12 3.23 3.27 3.27 3.11 3.12 4.06 3.11 2.93 2.94 3.00 5.11 5.07 3.12 3.11
7.62 6.55 4.99 3.93 5.69 6.20 5.37 6.42 6.43 5.38 5.44 3.93 3.44 4.07 3.93 5.00 5.51 5.44 4.82 3.88 3.89 5.12 4.70 3.56 4.20 4.56 3.44 3.38 5.01 4.45 4.44 5.07 4.19 2.58 2.56 1.93 2.42 3.69 4.12 3.06 3.06 3.06 2.51 2.37 2.44 2.38 3.07 3.70 3.00 4.74 4.06 4.62 4.06 3.42 4.00 3.56 2.94 3.52 4.64 5.14 5.25 4.12 3.63 4.06 4.12 3.49 2.94 2.83 4.94 4.56 3.63 4.12
6.19 5.19 4.21 4.00 4.12 4.95 5.84 6.16 7.36 6.88 6.17 4.07 4.02 4.00 4.12 4.86 5.76 5.76 6.58 4.72 5.65 4.28 4.05 2.90 2.88 3.90 3.69 4.55 5.79 5.88 5.10 5.00 3.00 2.62 1.90 1.93 2.16 2.12 3.21 2.14 2.14 2.14 2.76 3.02 3.02 3.81 3.00 2.98 2.93 2.33 3.21 3.19 2.95 3.24 4.00 2.90 3.72 4.48 4.62 5.00 3.49 3.21 2.90 3.21 3.21 3.16 3.65 5.30 5.79 3.90 2.90 3.21
5.98 5.00 4.00 4.02 5.02 4.98 4.96 7.02 6.02 5.96 3.97 2.98 3.96 4.00 6.04 7.01 5.98 5.96 6.96 6.00 4.98 3.00 3.00 4.04 4.06 5.04 5.02 4.98 5.98 4.96 3.98 5.02 6.11 5.09 3.06 3.03 3.03 3.02 3.00 3.00 3.02 3.02 3.00 3.00 3.00 3.98 3.00 3.00 4.00 3.04 3.00 3.00 2.98 3.00 4.00 4.02 5.04 6.06 7.06 4.98 2.00 3.00 4.00 3.04 3.02 4.04 6.03 7.02 5.98 4.98 4.00 3.02
4.56 4.60 4.15 5.33 5.00 3.93 3.56 6.74 7.93 4.93 4.00 3.33 2.15 4.00 5.71 5.96 4.96 4.15 4.85 4.89 5.26 4.63 4.74 5.40 6.77 6.11 4.67 3.93 5.00 4.26 4.00 6.11 10.14 9.29 6.10 5.47 5.40 3.51 2.85 2.18 3.00 3.00 2.96 2.63 2.71 2.60 2.67 3.00 2.93 3.78 3.00 3.00 2.22 3.00 4.04 4.00 6.11 7.56 7.82 3.89 3.33 3.29 3.26 5.22 4.40 5.37 6.29 6.45 4.34 2.82 2.89 3.78
5.12 5.63 7.08 6.19 4.78 4.00 4.41 5.37 5.72 5.00 3.93 3.24 2.90 3.85 4.88 5.35 4.27 5.04 4.93 5.65 6.77 6.89 4.70 5.39 7.51 5.35 4.76 4.07 3.69 4.46 4.00 5.27 11.40 13.77 12.37 16.01 17.61 12.31 5.33 3.63 3.00 3.00 3.73 3.34 1.88 2.68 2.61 2.93 3.00 2.96 3.00 3.00 3.04 3.00 3.35 4.07 5.42 5.99 6.37 4.65 4.70 3.97 3.39 3.69 4.39 6.04 7.19 4.33 2.91 3.65 3.73 2.96
7.77 10.71 16.52 13.39 7.61 3.90 3.07 4.05 4.01 5.00 4.95 4.90 4.94 5.94 5.92 4.93 4.91 5.00 6.02 6.07 6.15 5.14 4.94 5.00 6.08 5.07 3.10 3.02 2.96 3.01 3.97 5.91 11.91 19.63 24.29 30.38 28.72 20.82 10.85 4.99 3.00 3.00 3.09 3.06 2.95 2.05 3.04 3.98 3.00 3.00 3.00 3.00 3.00 3.00 3.00 3.05 4.08 5.08 5.08 5.04 5.04 4.98 2.96 2.96 3.96 6.03 5.20 3.08 2.97 4.00 3.05 3.00
13.19 14.95 20.01 22.62 16.05 7.71 4.58 4.50 5.21 4.96 4.80 4.82 4.06 4.93 6.94 6.82 6.10 4.83 3.87 4.03 2.91 3.83 4.74 4.82 4.77 2.87 3.17 4.23 4.07 3.88 4.72 6.59 12.13 22.88 31.26 32.95 26.81 19.16 9.97 4.25 3.11 3.24 2.31 3.21 3.24 2.28 2.06 3.05 3.13 3.17 3.13 2.96 2.98 3.00 3.00 3.00 2.93 3.77 3.77 3.79 3.79 3.95 4.08 4.25 5.27 4.79 1.97 2.10 3.88 3.98 3.18 3.00
20.60 21.41 19.45 19.70 15.89 9.80 6.74 7.31 6.51 5.96 4.89 4.38 6.08 5.00 4.86 4.30 4.98 3.88 3.94 5.00 5.34 6.55 6.11 4.32 3.94 2.94 4.06 5.12 4.00 3.45 3.45 3.37 5.10 11.39 20.07 23.47 19.55 13.16 8.85 6.32 5.08 7.16 8.37 8.50 7.54 5.46 3.76 5.34 4.89 4.00 5.08 4.02 3.57 3.00 3.00 3.00 3.00 2.94 3.00 2.43 2.43 3.49 3.49 4.62 5.11 3.43 3.06 3.06 3.38 4.45 3.49 3.00
