Instances/WonsanBay/GMRTv3_3_20170611topo.asc
ncols 576
nrows 381
xllcorner 127.2930908203125
yllcorner 39.049052206453524
cellsize 0.0010986328125
nodata_value -2147483648
[rows 0 to 31 of 381, columns 360 to 431 of 576]
-24.65 -24.62 -24.60 -24.60 -24.60 -24.62 -24.64 -24.68 -24.72 -24.77 -24.83 -24.90 -24.98 -25.07 -25.17 -25.28 -25.39 -25.49 -25.59 -25.70 -25.84 -26.01 -26.24 -26.52 -26.87 -27.29 -27.75 -28.25 -28.77 -29.31 -29.84 -30.35 -30.86 -31.37 -31.88 -32.41 -32.93 -33.47 -34.00 -34.55 -35.10 -35.67 -36.26 -36.84 -37.42 -37.99 -38.54 -39.07 -39.59 -40.12 -40.64 -41.15 -41.62 -42.05 -42.42 -42.73 -42.95 -43.11 -43.21 -43.27 -43.29 -43.28 -43.26 -43.24 -43.20 -43.13 -43.03 -42.91 -42.78 -42.65 -42.51 -42.38
-24.52 -24.49 -24.47 -24.47 -24.47 -24.48 -24.50 -24.53 -24.56 -24.60 -24.64 -24.70 -24.76 -24.83 -24.91 -25.00 -25.09 -25.17 -25.25 -25.35 -25.47 -25.62 -25.83 -26.10 -26.43 -26.83 -27.28 -27.77 -28.28 -28.80 -29.32 -29.83 -30.33 -30.84 -31.35 -31.88 -32.41 -32.94 -33.48 -34.02 -34.57 -35.13 -35.71 -36.29 -36.86 -37.42 -37.97 -38.48 -39.00 -39.52 -40.03 -40.53 -40.99 -41.42 -41.79 -42.09 -42.33 -42.50 -42.63 -42.70 -42.75 -42.77 -42.77 -42.77 -42.74 -42.68 -42.59 -42.49 -42.36 -42.24 -42.11 -41.98
-24.39 -24.36 -24.34 -24.34 -24.34 -24.35 -24.37 -24.38 -24.40 -24.42 -24.45 -24.48 -24.53 -24.58 -24.64 -24.71 -24.78 -24.84 -24.91 -24.98 -25.08 -25.22 -25.41 -25.66 -25.99 -26.37 -26.80 -27.28 -27.77 -28.28 -28.79 -29.29 -29.79 -30.30 -30.82 -31.34 -31.87 -32.41 -32.95 -33.49 -34.04 -34.60 -35.17 -35.74 -36.30 -36.85 -37.39 -37.90 -38.41 -38.92 -39.43 -39.92 -40.38 -40.80 -41.17 -41.48 -41.72 -41.92 -42.06 -42.16 -42.23 -42.27 -42.30 -42.31 -42.29 -42.24 -42.16 -42.06 -41.95 -41.83 -41.70 -41.58
-24.26 -24.23 -24.21 -24.21 -24.21 -24.22 -24.23 -24.23 -24.24 -24.25 -24.26 -24.27 -24.30 -24.33 -24.37 -24.42 -24.48 -24.52 -24.56 -24.62 -24.70 -24.82 -24.99 -25.22 -25.53 -25.90 -26.31 -26.77 -27.25 -27.75 -28.25 -28.74 -29.24 -29.75 -30.27 -30.80 -31.34 -31.88 -32.42 -32.96 -33.50 -34.06 -34.62 -35.19 -35.74 -36.29 -36.82 -37.33 -37.83 -38.34 -38.84 -39.32 -39.78 -40.20 -40.57 -40.88 -41.14 -41.35 -41.51 -41.63 -41.72 -41.79 -41.83 -41.85 -41.85 -41.81 -41.74 -41.65 -41.54 -41.43 -41.31 -41.19
-24.13 -24.10 -24.08 -24.08 -24.08 -24.08 -24.09 -24.09 -24.08 -24.08 -24.07 -24.07 -24.07 -24.08 -24.10 -24.14 -24.17 -24.19 -24.22 -24.25 -24.31 -24.41 -24.56 -24.78 -25.07 -25.41 -25.81 -26.25 -26.71 -27.20 -27.69 -28.17 -28.66 -29.17 -29.70 -30.24 -30.79 -31.34 -31.89 -32.43 -32.97 -33.53 -34.08 -34.64 -35.19 -35.73 -36.26 -36.76 -37.26 -37.76 -38.26 -38.74 -39.20 -39.62 -39.99 -40.32 -40.58 -40.80 -40.98 -41.12 -41.23 -41.32 -41.37 -41.41 -41.42 -41.39 -41.33 -41.25 -41.15 -41.04 -40.92 -40.81
-23.99 -23.97 -23.95 -23.95 -23.95 -23.95 -23.95 -23.94 -23.93 -23.91 -23.88 -23.86 -23.84 -23.84 -23.84 -23.85 -23.86 -23.86 -23.86 -23.87 -23.91 -23.99 -24.11 -24.31 -24.57 -24.90 -25.27 -25.68 -26.13 -26.59 -27.07 -27.54 -28.03 -28.55 -29.09 -29.64 -30.21 -30.77 -31.33 -31.88 -32.43 -32.98 -33.54 -34.09 -34.64 -35.18 -35.70 -36.20 -36.70 -37.21 -37.70 -38.19 -38.64 -39.07 -39.45 -39.78 -40.06 -40.29 -40.48 -40.64 -40.77 -40.86 -40.93 -40.99 -41.01 -40.98 -40.93 -40.86 -40.76 -40.66 -40.55 -40.44
-23.86 -23.83 -23.82 -23.82 -23.82 -23.82 -23.81 -23.80 -23.77 -23.73 -23.69 -23.65 -23.61 -23.58 -23.56 -23.55 -23.54 -23.51 -23.49 -23.47 -23.48 -23.53 -23.63 -23.80 -24.04 -24.34 -24.68 -25.07 -25.49 -25.93 -26.39 -26.86 -27.35 -27.88 -28.44 -29.01 -29.60 -30.19 -30.76 -31.32 -31.88 -32.43 -32.99 -33.54 -34.08 -34.62 -35.14 -35.65 -36.15 -36.66 -37.16 -37.65 -38.12 -38.55 -38.94 -39.27 -39.56 -39.81 -40.01 -40.18 -40.32 -40.43 -40.51 -40.57 -40.60 -40.59 -40.54 -40.47 -40.38 -40.28 -40.17 -40.08
-23.72 -23.70 -23.69 -23.69 -23.69 -23.68 -23.67 -23.65 -23.61 -23.56 -23.50 -23.44 -23.38 -23.33 -23.28 -23.25 -23.22 -23.16 -23.11 -23.07 -23.05 -23.07 -23.15 -23.29 -23.50 -23.77 -24.09 -24.44 -24.84 -25.26 -25.71 -26.17 -26.66 -27.20 -27.78 -28.38 -28.99 -29.59 -30.19 -30.76 -31.32 -31.88 -32.44 -32.99 -33.53 -34.07 -34.59 -35.10 -35.61 -36.12 -36.63 -37.13 -37.60 -38.04 -38.44 -38.79 -39.09 -39.34 -39.56 -39.74 -39.89 -40.01 -40.11 -40.17 -40.21 -40.20 -40.16 -40.09 -40.00 -39.91 -39.81 -39.71
-23.58 -23.57 -23.56 -23.56 -23.56 -23.55 -23.53 -23.50 -23.45 -23.39 -23.31 -23.23 -23.15 -23.08 -23.01 -22.96 -22.90 -22.82 -22.75 -22.68 -22.63 -22.63 -22.68 -22.80 -22.99 -23.23 -23.51 -23.84 -24.21 -24.61 -25.04 -25.50 -25.99 -26.55 -27.14 -27.76 -28.39 -29.02 -29.63 -30.22 -30.78 -31.34 -31.90 -32.45 -32.99 -33.52 -34.04 -34.56 -35.07 -35.59 -36.11 -36.61 -37.10 -37.55 -37.96 -38.31 -38.62 -38.88 -39.11 -39.31 -39.47 -39.60 -39.70 -39.78 -39.82 -39.82 -39.78 -39.72 -39.64 -39.55 -39.45 -39.37
-23.44 -23.43 -23.43 -23.43 -23.43 -23.42 -23.40 -23.36 -23.30 -23.22 -23.13 -23.03 -22.94 -22.84 -22.75 -22.68 -22.61 -22.51 -22.41 -22.32 -22.26 -22.23 -22.26 -22.36 -22.52 -22.74 -23.00 -23.30 -23.65 -24.03 -24.44 -24.89 -25.38 -25.94 -26.54 -27.18 -27.83 -28.47 -29.10 -29.70 -30.26 -30.82 -31.38 -31.92 -32.46 -32.99 -33.51 -34.03 -34.54 -35.07 -35.59 -36.10 -36.59 -37.05 -37.47 -37.83 -38.15 -38.42 -38.66 -38.87 -39.04 -39.18 -39.30 -39.38 -39.43 -39.44 -39.41 -39.36 -39.28 -39.20 -39.11 -39.04
-23.30 -23.30 -23.30 -23.30 -23.30 -23.28 -23.26 -23.21 -23.15 -23.06 -22.96 -22.85 -22.73 -22.62 -22.52 -22.43 -22.34 -22.23 -22.12 -22.02 -21.94 -21.90 -21.91 -21.99 -22.14 -22.33 -22.57 -22.85 -23.17 -23.54 -23.93 -24.37 -24.86 -25.42 -26.03 -26.67 -27.33 -27.98 -28.61 -29.21 -29.78 -30.33 -30.88 -31.42 -31.95 -32.48 -33.00 -33.51 -34.03 -34.55 -35.08 -35.59 -36.08 -36.55 -36.97 -37.34 -37.66 -37.95 -38.20 -38.42 -38.60 -38.76 -38.88 -38.98 -39.04 -39.06 -39.04 -39.00 -38.94 -38.87 -38.79 -38.73
-23.17 -23.16 -23.17 -23.17 -23.16 -23.15 -23.12 -23.07 -23.00 -22.90 -22.79 -22.67 -22.54 -22.42 -22.31 -22.21 -22.11 -21.99 -21.87 -21.76 -21.68 -21.63 -21.64 -21.71 -21.84 -22.02 -22.24 -22.50 -22.80 -23.15 -23.53 -23.96 -24.44 -24.99 -25.60 -26.24 -26.89 -27.54 -28.17 -28.76 -29.33 -29.88 -30.42 -30.95 -31.47 -31.99 -32.50 -33.01 -33.52 -34.04 -34.57 -35.08 -35.57 -36.03 -36.46 -36.83 -37.16 -37.46 -37.72 -37.95 -38.15 -38.32 -38.46 -38.57 -38.65 -38.68 -38.68 -38.65 -38.61 -38.55 -38.50 -38.44
-23.03 -23.03 -23.03 -23.04 -23.03 -23.02 -22.99 -22.93 -22.85 -22.75 -22.63 -22.49 -22.36 -22.23 -22.11 -22.00 -21.90 -21.78 -21.66 -21.55 -21.47 -21.42 -21.42 -21.48 -21.60 -21.77 -21.98 -22.22 -22.51 -22.84 -23.21 -23.62 -24.09 -24.63 -25.23 -25.86 -26.50 -27.15 -27.77 -28.35 -28.90 -29.44 -29.97 -30.50 -31.01 -31.52 -32.02 -32.52 -33.03 -33.55 -34.06 -34.57 -35.06 -35.52 -35.95 -36.32 -36.66 -36.96 -37.24 -37.48 -37.69 -37.87 -38.03 -38.16 -38.25 -38.30 -38.32 -38.32 -38.29 -38.26 -38.22 -38.18
-22.90 -22.90 -22.90 -22.90 -22.90 -22.88 -22.85 -22.80 -22.71 -22.60 -22.47 -22.33 -22.19 -22.05 -21.92 -21.82 -21.71 -21.60 -21.48 -21.37 -21.29 -21.25 -21.25 -21.31 -21.42 -21.58 -21.77 -22.01 -22.28 -22.60 -22.95 -23.35 -23.80 -24.33 -24.91 -25.53 -26.16 -26.79 -27.39 -27.96 -28.50 -29.03 -29.55 -30.06 -30.57 -31.07 -31.56 -32.05 -32.55 -33.06 -33.57 -34.07 -34.55 -35.01 -35.43 -35.81 -36.15 -36.46 -36.75 -37.00 -37.23 -37.43 -37.60 -37.74 -37.86 -37.93 -37.97 -37.99 -37.99 -37.97 -37.95 -37.94
-22.77 -22.77 -22.77 -22.77 -22.77 -22.75 -22.72 -22.66 -22.57 -22.45 -22.32 -22.17 -22.02 -21.88 -21.75 -21.64 -21.54 -21.43 -21.32 -21.22 -21.15 -21.11 -21.11 -21.18 -21.29 -21.43 -21.62 -21.84 -22.10 -22.40 -22.74 -23.12 -23.56 -24.07 -24.63 -25.23 -25.84 -26.45 -27.04 -27.59 -28.12 -28.63 -29.14 -29.64 -30.13 -30.62 -31.11 -31.59 -32.08 -32.57 -33.07 -33.56 -34.04 -34.49 -34.92 -35.30 -35.64 -35.96 -36.25 -36.52 -36.76 -36.98 -37.17 -37.33 -37.46 -37.56 -37.62 -37.67 -37.69 -37.70 -37.70 -37.71
-22.63 -22.63 -22.64 -22.64 -22.63 -22.61 -22.58 -22.52 -22.43 -22.31 -22.17 -22.02 -21.87 -21.73 -21.60 -21.49 -21.39 -21.29 -21.19 -21.10 -21.04 -21.00 -21.01 -21.07 -21.18 -21.32 -21.49 -21.70 -21.95 -22.23 -22.56 -22.92 -23.35 -23.84 -24.38 -24.96 -25.55 -26.13 -26.71 -27.24 -27.75 -28.25 -28.74 -29.23 -29.71 -30.18 -30.66 -31.13 -31.60 -32.09 -32.58 -33.06 -33.53 -33.98 -34.40 -34.78 -35.13 -35.46 -35.76 -36.04 -36.30 -36.53 -36.74 -36.92 -37.07 -37.19 -37.28 -37.35 -37.40 -37.44 -37.46 -37.49
-22.49 -22.50 -22.50 -22.50 -22.50 -22.48 -22.44 -22.38 -22.29 -22.18 -22.04 -21.89 -21.73 -21.59 -21.46 -21.36 -21.27 -21.17 -21.08 -21.00 -20.94 -20.92 -20.93 -20.99 -21.09 -21.22 -21.39 -21.59 -21.82 -22.09 -22.40 -22.75 -23.15 -23.62 -24.14 -24.70 -25.26 -25.83 -26.38 -26.90 -27.39 -27.87 -28.34 -28.81 -29.28 -29.74 -30.20 -30.66 -31.13 -31.61 -32.08 -32.55 -33.02 -33.46 -33.87 -34.26 -34.61 -34.95 -35.27 -35.56 -35.84 -36.09 -36.32 -36.52 -36.69 -36.83 -36.94 -37.04 -37.11 -37.17 -37.22 -37.27
-22.35 -22.35 -22.36 -22.36 -22.35 -22.33 -22.30 -22.24 -22.15 -22.04 -21.90 -21.76 -21.61 -21.47 -21.34 -21.24 -21.16 -21.07 -20.99 -20.92 -20.88 -20.86 -20.87 -20.93 -21.03 -21.16 -21.31 -21.50 -21.72 -21.97 -22.26 -22.59 -22.98 -23.43 -23.93 -24.45 -24.99 -25.54 -26.06 -26.56 -27.03 -27.49 -27.95 -28.40 -28.85 -29.30 -29.75 -30.20 -30.65 -31.11 -31.58 -32.04 -32.49 -32.93 -33.34 -33.73 -34.09 -34.44 -34.77 -35.08 -35.38 -35.65 -35.89 -36.12 -36.31 -36.47 -36.61 -36.73 -36.83 -36.92 -36.99 -37.06
-22.20 -22.20 -22.20 -22.21 -22.20 -22.18 -22.15 -22.09 -22.01 -21.90 -21.77 -21.63 -21.49 -21.36 -21.24 -21.15 -21.08 -21.00 -20.94 -20.88 -20.85 -20.84 -20.86 -20.93 -21.02 -21.14 -21.29 -21.46 -21.67 -21.91 -22.18 -22.49 -22.86 -23.28 -23.75 -24.24 -24.75 -25.27 -25.76 -26.23 -26.68 -27.12 -27.56 -27.99 -28.43 -28.86 -29.29 -29.72 -30.16 -30.61 -31.06 -31.51 -31.95 -32.38 -32.79 -33.18 -33.55 -33.91 -34.26 -34.59 -34.91 -35.20 -35.47 -35.72 -35.93 -36.12 -36.29 -36.43 -36.56 -36.68 -36.78 -36.87
-22.05 -22.05 -22.05 -22.05 -22.04 -22.02 -21.99 -21.94 -21.87 -21.76 -21.64 -21.51 -21.38 -21.26 -21.16 -21.08 -21.02 -20.96 -20.91 -20.87 -20.85 -20.85 -20.89 -20.95 -21.05 -21.16 -21.30 -21.46 -21.66 -21.88 -22.14 -22.43 -22.77 -23.16 -23.60 -24.06 -24.54 -25.01 -25.48 -25.92 -26.35 -26.76 -27.18 -27.59 -28.00 -28.41 -28.83 -29.25 -29.67 -30.10 -30.54 -30.98 -31.41 -31.83 -32.24 -32.63 -33.01 -33.38 -33.75 -34.10 -34.44 -34.76 -35.05 -35.32 -35.56 -35.78 -35.97 -36.14 -36.30 -36.44 -36.57 -36.69
-21.90 -21.90 -21.89 -21.89 -21.89 -21.87 -21.84 -21.80 -21.73 -21.63 -21.52 -21.40 -21.29 -21.18 -21.09 -21.02 -20.97 -20.93 -20.90 -20.87 -20.87 -20.89 -20.93 -21.00 -21.09 -21.20 -21.33 -21.48 -21.66 -21.87 -22.11 -22.38 -22.70 -23.06 -23.47 -23.89 -24.33 -24.78 -25.21 -25.63 -26.02 -26.42 -26.81 -27.20 -27.59 -27.98 -28.38 -28.78 -29.19 -29.60 -30.02 -30.45 -30.87 -31.28 -31.69 -32.08 -32.46 -32.85 -33.24 -33.61 -33.97 -34.32 -34.64 -34.93 -35.19 -35.43 -35.65 -35.86 -36.04 -36.21 -36.37 -36.51
-21.76 -21.75 -21.75 -21.75 -21.74 -21.73 -21.70 -21.66 -21.60 -21.51 -21.42 -21.31 -21.21 -21.11 -21.04 -20.98 -20.95 -20.92 -20.90 -20.89 -20.90 -20.92 -20.97 -21.04 -21.13 -21.24 -21.36 -21.50 -21.67 -21.86 -22.08 -22.33 -22.62 -22.96 -23.33 -23.73 -24.14 -24.55 -24.95 -25.34 -25.71 -26.08 -26.45 -26.82 -27.19 -27.56 -27.94 -28.32 -28.72 -29.12 -29.52 -29.93 -30.34 -30.75 -31.15 -31.54 -31.94 -32.34 -32.74 -33.14 -33.52 -33.89 -34.23 -34.55 -34.83 -35.10 -35.34 -35.57 -35.78 -35.98 -36.16 -36.33
-21.64 -21.63 -21.62 -21.62 -21.61 -21.60 -21.58 -21.54 -21.49 -21.41 -21.33 -21.24 -21.15 -21.06 -21.00 -20.96 -20.93 -20.91 -20.90 -20.90 -20.91 -20.95 -21.00 -21.07 -21.15 -21.25 -21.36 -21.50 -21.65 -21.82 -22.03 -22.26 -22.53 -22.85 -23.19 -23.56 -23.94 -24.32 -24.70 -25.06 -25.41 -25.76 -26.11 -26.46 -26.81 -27.16 -27.52 -27.89 -28.27 -28.66 -29.05 -29.44 -29.84 -30.24 -30.64 -31.04 -31.44 -31.85 -32.27 -32.68 -33.09 -33.48 -33.84 -34.18 -34.49 -34.77 -35.04 -35.29 -35.52 -35.74 -35.95 -36.14
-21.53 -21.52 -21.51 -21.50 -21.50 -21.49 -21.47 -21.44 -21.39 -21.33 -21.25 -21.18 -21.10 -21.03 -20.98 -20.94 -20.92 -20.91 -20.90 -20.90 -20.92 -20.95 -21.00 -21.07 -21.14 -21.23 -21.34 -21.45 -21.59 -21.75 -21.94 -22.16 -22.41 -22.71 -23.03 -23.38 -23.73 -24.10 -24.45 -24.79 -25.12 -25.45 -25.78 -26.11 -26.44 -26.78 -27.12 -27.48 -27.84 -28.21 -28.59 -28.98 -29.37 -29.76 -30.16 -30.56 -30.96 -31.39 -31.82 -32.25 -32.67 -33.08 -33.47 -33.82 -34.15 -34.45 -34.74 -35.01 -35.26 -35.50 -35.72 -35.94
-21.42 -21.41 -21.40 -21.39 -21.39 -21.38 -21.37 -21.34 -21.30 -21.25 -21.19 -21.13 -21.07 -21.01 -20.97 -20.94 -20.93 -20.91 -20.91 -20.91 -20.92 -20.95 -20.99 -21.05 -21.12 -21.19 -21.28 -21.38 -21.50 -21.65 -21.82 -22.02 -22.26 -22.54 -22.84 -23.17 -23.51 -23.86 -24.20 -24.52 -24.83 -25.14 -25.45 -25.76 -26.07 -26.39 -26.72 -27.06 -27.41 -27.77 -28.14 -28.52 -28.90 -29.29 -29.69 -30.09 -30.50 -30.94 -31.38 -31.83 -32.28 -32.70 -33.11 -33.48 -33.82 -34.14 -34.44 -34.72 -34.99 -35.25 -35.49 -35.73
-21.33 -21.30 -21.29 -21.29 -21.28 -21.28 -21.27 -21.25 -21.22 -21.18 -21.14 -21.10 -21.05 -21.01 -20.98 -20.96 -20.95 -20.93 -20.92 -20.92 -20.93 -20.94 -20.97 -21.02 -21.08 -21.14 -21.21 -21.30 -21.40 -21.53 -21.68 -21.87 -22.09 -22.35 -22.65 -22.96 -23.29 -23.62 -23.94 -24.25 -24.55 -24.84 -25.12 -25.41 -25.71 -26.01 -26.32 -26.65 -26.99 -27.34 -27.70 -28.07 -28.45 -28.83 -29.23 -29.63 -30.05 -30.50 -30.96 -31.43 -31.89 -32.34 -32.76 -33.15 -33.50 -33.84 -34.15 -34.44 -34.73 -35.00 -35.26 -35.51
-21.24 -21.22 -21.20 -21.20 -21.20 -21.20 -21.19 -21.18 -21.16 -21.13 -21.11 -21.08 -21.05 -21.03 -21.01 -20.99 -20.98 -20.96 -20.95 -20.94 -20.93 -20.94 -20.96 -20.99 -21.04 -21.09 -21.14 -21.21 -21.30 -21.40 -21.54 -21.71 -21.92 -22.17 -22.46 -22.76 -23.07 -23.39 -23.70 -24.00 -24.28 -24.55 -24.82 -25.09 -25.37 -25.65 -25.95 -26.27 -26.60 -26.94 -27.29 -27.65 -28.02 -28.40 -28.79 -29.19 -29.62 -30.08 -30.56 -31.04 -31.52 -31.98 -32.42 -32.83 -33.19 -33.54 -33.86 -34.17 -34.46 -34.74 -35.02 -35.29
-21.19 -21.16 -21.14 -21.14 -21.14 -21.14 -21.14 -21.13 -21.12 -21.11 -21.09 -21.08 -21.07 -21.06 -21.05 -21.04 -21.02 -21.00 -20.98 -20.96 -20.94 -20.94 -20.94 -20.97 -21.00 -21.03 -21.07 -21.13 -21.20 -21.29 -21.41 -21.57 -21.77 -22.01 -22.28 -22.58 -22.89 -23.19 -23.50 -23.78 -24.05 -24.30 -24.56 -24.81 -25.07 -25.34 -25.62 -25.93 -26.24 -26.57 -26.91 -27.26 -27.62 -28.00 -28.39 -28.79 -29.23 -29.69 -30.18 -30.67 -31.17 -31.65 -32.10 -32.52 -32.89 -33.25 -33.58 -33.89 -34.20 -34.49 -34.78 -35.07
-21.17 -21.14 -21.12 -21.12 -21.12 -21.12 -21.12 -21.12 -21.11 -21.11 -21.11 -21.11 -21.11 -21.11 -21.10 -21.09 -21.08 -21.05 -21.02 -20.99 -20.96 -20.94 -20.93 -20.95 -20.97 -20.99 -21.02 -21.06 -21.12 -21.20 -21.31 -21.46 -21.65 -21.88 -22.15 -22.44 -22.73 -23.04 -23.33 -23.60 -23.86 -24.10 -24.34 -24.58 -24.83 -25.08 -25.35 -25.64 -25.95 -26.27 -26.59 -26.93 -27.28 -27.65 -28.04 -28.44 -28.87 -29.34 -29.83 -30.34 -30.84 -31.33 -31.79 -32.21 -32.60 -32.96 -33.30 -33.62 -33.93 -34.24 -34.53 -34.84
-21.20 -21.17 -21.15 -21.14 -21.14 -21.15 -21.15 -21.15 -21.15 -21.15 -21.16 -21.16 -21.17 -21.17 -21.17 -21.16 -21.14 -21.11 -21.07 -21.02 -20.98 -20.95 -20.94 -20.94 -20.95 -20.97 -20.99 -21.02 -21.07 -21.15 -21.25 -21.39 -21.57 -21.80 -22.06 -22.34 -22.63 -22.93 -23.22 -23.48 -23.73 -23.96 -24.19 -24.42 -24.66 -24.90 -25.16 -25.44 -25.73 -26.03 -26.35 -26.67 -27.01 -27.37 -27.74 -28.13 -28.56 -29.03 -29.52 -30.03 -30.53 -31.03 -31.49 -31.92 -32.31 -32.68 -33.02 -33.35 -33.67 -33.98 -34.29 -34.60
-21.28 -21.25 -21.23 -21.23 -21.23 -21.23 -21.24 -21.24 -21.24 -21.24 -21.25 -21.26 -21.27 -21.27 -21.27 -21.25 -21.23 -21.18 -21.13 -21.07 -21.01 -20.97 -20.94 -20.93 -20.94 -20.95 -20.96 -20.99 -21.04 -21.11 -21.22 -21.35 -21.53 -21.76 -22.02 -22.30 -22.59 -22.88 -23.16 -23.43 -23.67 -23.90 -24.12 -24.34 -24.57 -24.80 -25.05 -25.32 -25.60 -25.88 -26.18 -26.48 -26.80 -27.14 -27.50 -27.88 -28.30 -28.76 -29.25 -29.75 -30.25 -30.74 -31.21 -31.64 -32.03 -32.39 -32.74 -33.07 -33.40 -33.71 -34.03 -34.34
-21.41 -21.37 -21.36 -21.35 -21.36 -21.36 -21.37 -21.37 -21.36 -21.37 -21.38 -21.39 -21.40 -21.40 -21.39 -21.37 -21.33 -21.27 -21.20 -21.12 -21.05 -20.99 -20.94 -20.92 -20.92 -20.93 -20.94 -20.97 -21.02 -21.10 -21.20 -21.34 -21.52 -21.75 -22.01 -22.29 -22.58 -22.88 -23.16 -23.42 -23.66 -23.88 -24.10 -24.32 -24.54 -24.77 -25.00 -25.26 -25.53 -25.80 -26.07 -26.36 -26.65 -26.97 -27.31 -27.68 -28.09 -28.53 -29.01 -29.50 -29.99 -30.48 -30.93 -31.36 -31.74 -32.11 -32.46 -32.79 -33.12 -33.44 -33.75 -34.07
