Instances/Lesbos/GMRTv3_3_20170610topo.asc
ncols 644
nrows 446
xllcorner 26.3067626953125
yllcorner 39.140286216515484
cellsize 0.0010986328125
nodata_value -2147483648
[rows 330 to 362 of 446, columns 370 to 443 of 644]
7.55 7.06 6.69 6.57 6.85 2.80 2.93 2.57 2.29 2.66 3.56 5.33 8.37 12.38 17.55 19.37 19.64 20.00 21.99 23.98 28.12 28.85 23.82 17.76 14.70 13.62 15.54 16.51 17.77 18.96 22.73 25.55 29.92 32.44 35.24 40.74 42.99 39.05 37.42 39.84 44.33 51.39 59.96 68.33 76.30 82.51 89.84 88.97 81.27 80.74 85.47 95.24 100.80 90.08 77.34 69.22 61.66 58.07 60.91 62.55 65.07 66.81 61.54 50.86 42.08 33.24 25.83 25.63 29.88 31.53 32.42 35.85 34.63 32.24
6.20 5.70 5.32 5.20 5.47 6.57 5.76 6.65 2.50 1.95 3.57 3.83 7.23 12.40 14.42 17.11 18.16 18.52 19.42 20.40 23.60 22.38 17.72 15.10 13.33 12.26 12.60 14.28 16.41 18.45 20.79 24.48 28.91 30.28 31.00 33.26 34.24 34.05 39.38 45.81 50.86 53.62 57.40 64.92 73.82 79.59 82.01 77.34 73.61 78.56 88.11 97.78 97.57 85.41 72.88 62.46 54.34 49.67 51.07 54.43 59.01 62.03 61.65 54.06 44.58 37.10 28.91 26.55 27.93 27.57 28.10 29.38 27.26 26.83
4.43 4.02 3.73 3.69 4.04 4.89 6.45 8.63 1.07 2.04 4.05 4.93 11.66 18.56 23.24 25.23 26.18 27.15 25.24 22.50 19.11 16.22 15.97 14.03 13.08 12.96 13.00 14.08 15.11 17.16 19.11 22.14 26.18 30.17 30.12 28.32 28.31 31.09 38.21 45.26 50.13 58.59 67.12 75.35 81.05 77.81 71.87 70.25 74.66 85.34 97.56 100.34 89.03 74.91 64.63 55.34 48.26 43.26 43.51 46.64 50.59 54.47 55.49 47.58 38.63 33.53 27.24 25.16 24.26 24.26 22.40 23.35 25.05 29.77
2.28 2.02 1.90 2.02 2.50 3.44 5.04 7.26 1.00 1.08 2.94 5.14 12.94 20.75 27.77 32.15 34.45 34.92 34.25 29.68 21.02 16.84 15.78 12.98 10.76 11.68 10.88 11.74 13.95 14.89 17.56 21.63 24.73 25.38 26.43 24.81 27.19 32.45 37.46 43.26 51.49 62.40 72.79 74.70 69.81 62.13 62.99 69.96 79.63 91.26 95.90 88.96 76.74 67.57 60.85 55.22 48.25 42.86 38.35 40.21 45.31 50.77 51.96 44.06 33.89 27.46 24.64 22.64 22.43 20.40 18.81 20.72 24.99 29.99
-0.16 -0.20 -0.10 0.24 0.90 1.98 3.67 5.96 0.63 1.55 3.00 5.66 11.59 16.88 21.89 28.25 33.54 37.52 38.83 29.75 19.24 13.60 12.60 11.67 9.53 9.93 10.94 11.34 13.54 14.54 14.28 17.88 21.14 22.52 23.86 25.40 29.59 35.26 41.50 46.95 53.22 60.47 63.17 59.48 56.18 56.57 61.64 71.09 82.49 87.46 83.02 75.67 72.44 69.73 65.06 57.99 50.24 42.10 36.21 35.47 39.20 47.45 53.01 47.29 35.12 25.00 21.94 19.89 18.22 18.78 19.40 20.68 25.29 30.35
-2.76 -2.54 -2.17 -1.58 -0.70 0.54 2.34 4.71 6.11 1.86 3.07 4.17 9.36 16.09 20.19 23.23 26.18 26.66 25.03 20.79 14.86 10.32 9.39 9.20 8.24 9.26 11.88 12.90 12.98 13.98 14.86 17.03 17.23 19.62 23.26 26.97 30.02 34.33 38.04 43.46 45.76 47.44 49.09 49.86 56.46 62.83 70.63 77.52 78.79 73.03 67.19 69.43 75.82 80.78 79.39 66.79 55.60 46.86 37.69 32.32 32.84 40.31 46.94 45.22 34.47 23.29 21.03 19.77 18.86 19.23 20.69 24.33 28.31 32.50
-5.40 -4.90 -4.23 -3.37 -2.25 -0.83 1.08 3.54 6.35 0.97 1.98 3.97 8.94 13.80 15.69 13.66 13.64 14.69 15.76 13.82 11.89 9.94 7.95 7.95 6.94 7.95 10.98 11.95 12.94 13.97 14.01 15.95 17.99 17.94 21.92 24.93 29.91 31.86 32.85 34.74 36.74 37.83 40.86 46.95 57.97 68.05 73.88 71.54 64.42 59.67 63.01 72.19 83.12 88.96 89.07 77.21 61.15 51.25 40.22 32.06 28.93 31.72 35.58 37.59 29.73 20.86 19.92 19.97 18.01 19.06 23.08 27.08 31.02 35.05
-7.96 -7.16 -6.20 -5.04 -3.68 -2.09 -0.07 2.47 5.33 1.66 2.00 3.27 6.23 8.01 7.82 8.44 10.63 13.55 14.32 12.74 10.20 7.85 6.85 6.89 6.24 6.89 10.38 10.66 10.89 13.00 14.80 14.89 16.89 17.20 19.23 23.08 26.59 28.51 30.58 32.13 34.01 38.31 41.70 47.19 54.62 62.57 64.00 57.33 52.95 56.78 66.46 76.95 81.15 81.55 86.01 79.23 65.04 59.15 48.30 35.35 28.73 26.89 26.70 25.98 22.05 17.51 17.23 18.69 19.11 21.19 24.15 27.84 29.62 34.69
-10.46 -9.35 -8.06 -6.61 -4.99 -3.22 -1.08 1.52 4.42 2.49 2.07 3.37 4.84 6.77 7.36 12.12 19.43 26.04 24.74 15.94 10.45 8.00 8.33 7.67 6.97 7.67 8.92 9.22 10.26 11.59 13.14 15.45 17.37 18.56 17.84 19.39 23.96 27.36 29.29 32.37 36.52 39.19 42.04 44.03 45.89 46.59 46.81 46.57 51.87 63.09 74.29 77.86 76.50 81.21 88.38 83.72 68.81 59.91 52.62 38.91 27.36 22.87 21.56 18.59 18.12 16.29 15.99 16.70 18.41 20.33 22.67 25.62 29.11 34.18
-13.25 -11.75 -10.06 -8.22 -6.28 -4.28 -2.00 0.70 3.65 0.88 0.79 3.00 5.92 8.88 10.84 16.94 23.10 28.19 25.20 14.12 9.01 7.94 9.00 8.00 7.92 8.00 9.00 9.92 10.92 11.92 14.91 18.84 21.80 20.95 18.92 20.84 22.93 25.98 28.94 32.00 35.19 37.21 37.30 37.33 37.34 37.30 38.19 44.99 56.89 70.06 75.37 71.54 71.26 82.07 89.10 81.20 65.10 53.21 47.34 38.08 25.98 21.99 19.11 18.98 18.03 16.03 15.04 15.04 17.07 20.03 22.03 25.09 27.18 31.19
-16.21 -14.26 -12.11 -9.84 -7.53 -5.26 -2.82 -0.02 2.98 6.40 9.51 4.41 6.74 10.10 12.45 15.21 18.71 23.39 21.48 12.76 9.91 10.34 8.85 7.83 8.91 7.85 8.85 10.95 11.76 12.74 15.15 20.24 22.93 19.63 20.10 22.98 25.17 28.19 31.02 31.87 31.63 32.58 32.62 32.43 33.61 35.17 38.84 45.51 54.41 61.15 62.77 60.64 67.72 79.18 84.45 78.60 66.62 53.04 42.77 37.45 29.08 22.32 17.95 17.61 16.61 14.97 14.87 14.83 15.93 18.76 20.74 21.59 23.59 28.51
-19.04 -16.65 -14.04 -11.34 -8.67 -6.15 -3.55 -0.66 2.38 5.43 8.33 11.47 4.43 9.17 13.22 17.25 19.64 22.07 19.49 12.00 8.43 10.10 7.49 7.00 7.43 6.36 7.49 8.46 8.85 10.43 16.70 21.32 21.17 17.04 19.10 21.55 24.04 26.53 28.34 29.72 30.88 31.49 30.53 29.92 33.45 38.15 44.07 48.69 50.79 49.79 50.73 54.64 65.08 70.84 71.77 75.08 68.35 52.04 42.04 40.37 36.55 24.64 17.55 15.43 14.36 13.97 12.91 13.94 15.94 18.00 20.52 21.96 23.90 27.39
-21.47 -18.69 -15.69 -12.63 -9.65 -6.92 -4.21 -1.26 1.79 4.81 7.67 10.24 3.13 5.42 10.40 15.49 18.38 19.45 17.35 11.21 8.05 8.18 6.13 6.15 7.05 6.90 6.13 6.17 8.10 9.20 15.57 17.79 16.63 13.23 16.08 19.16 22.18 24.23 27.99 31.58 32.04 30.39 27.38 28.18 34.08 39.16 40.81 41.52 42.60 40.18 41.05 45.31 53.21 56.24 61.28 69.79 64.29 49.86 39.99 37.71 36.87 25.27 16.26 14.20 14.05 12.97 11.84 13.94 16.85 17.15 20.29 23.10 25.88 28.14
-23.20 -20.15 -16.89 -13.58 -10.40 -7.55 -4.78 -1.83 1.18 4.13 6.91 9.39 3.46 4.85 7.81 11.83 16.91 18.90 15.86 9.91 6.91 6.90 6.00 6.00 5.90 5.84 5.88 4.90 5.86 7.90 10.80 13.90 15.15 16.53 19.53 21.37 20.97 21.70 24.66 30.69 28.55 25.50 24.81 26.91 32.79 36.75 36.65 34.58 33.51 34.63 37.77 40.68 40.39 44.30 53.38 64.47 66.05 54.35 42.21 32.73 27.47 20.68 13.87 12.91 12.91 13.00 14.08 14.98 16.95 17.00 17.98 21.90 25.89 25.81
-23.97 -20.83 -17.47 -14.09 -10.87 -8.01 -5.28 -2.42 0.48 3.30 5.95 8.32 10.92 5.80 5.99 10.71 15.04 15.61 12.83 8.21 5.57 5.97 6.00 6.00 4.97 3.85 3.85 4.28 4.93 7.02 9.30 12.75 17.51 23.56 26.96 26.46 20.11 17.09 19.82 23.72 21.23 18.89 22.23 25.26 29.47 33.16 32.35 29.99 28.73 29.10 32.55 34.44 36.13 38.65 44.89 54.59 62.12 55.84 43.35 30.63 22.73 16.66 12.52 11.52 11.52 12.60 13.69 13.93 15.52 16.95 19.38 20.75 23.18 23.44
-23.72 -20.67 -17.42 -14.16 -11.06 -8.32 -5.74 -3.05 -0.35 2.27 4.72 6.92 8.77 10.51 3.40 8.12 10.41 10.22 10.40 7.15 5.04 5.29 6.15 6.22 4.29 3.93 4.00 4.96 4.78 5.57 6.65 7.22 9.40 16.05 19.45 18.26 15.33 14.72 15.26 16.44 17.73 17.44 19.65 23.44 28.62 30.80 32.19 28.85 25.46 23.19 23.69 26.48 33.23 37.94 39.11 43.98 49.69 45.84 37.13 28.19 19.39 15.53 12.60 11.60 11.60 12.75 12.25 14.00 15.53 17.49 20.53 23.34 27.30 29.84
-22.71 -19.88 -16.88 -13.86 -11.01 -8.49 -6.13 -3.70 -1.26 1.10 3.31 5.30 6.99 8.30 9.02 3.09 4.10 6.08 7.08 4.05 4.02 5.01 4.02 3.02 4.00 5.00 3.98 5.95 7.96 5.00 4.02 3.05 4.05 6.14 8.18 9.15 10.12 11.11 11.10 12.10 13.12 14.10 17.10 20.11 23.17 26.15 29.08 29.97 24.95 19.04 19.07 21.10 26.18 32.18 36.10 38.11 41.20 37.20 28.21 22.15 20.01 17.01 14.00 12.95 12.98 12.03 12.01 14.00 17.96 20.98 23.93 31.85 38.80 40.82
-21.16 -18.64 -15.97 -13.30 -10.77 -8.53 -6.44 -4.30 -2.17 -0.10 1.84 3.60 5.11 6.31 7.14 2.14 2.69 3.67 4.70 3.81 3.79 4.17 5.33 5.19 3.79 3.95 5.12 7.77 6.53 5.00 5.10 3.24 3.76 4.72 4.81 5.57 6.81 6.48 7.36 8.15 9.20 10.22 12.15 14.97 16.68 19.47 26.21 30.82 28.34 20.38 17.55 18.08 19.87 24.61 30.75 34.01 33.37 29.40 20.82 17.15 17.30 14.51 12.98 15.19 13.24 11.12 10.93 14.02 17.60 18.65 24.72 33.42 41.18 43.98
-19.33 -17.15 -14.85 -12.55 -10.37 -8.44 -6.64 -4.81 -2.99 -1.22 0.45 1.96 3.29 4.37 5.17 3.06 2.51 2.21 2.63 2.38 2.94 4.49 5.00 3.88 2.94 3.44 3.88 4.83 4.39 5.07 4.51 3.43 3.44 3.88 4.44 4.94 6.44 6.57 5.89 5.83 5.71 6.21 8.28 9.66 10.61 12.55 18.48 25.36 25.53 18.94 14.76 13.09 15.29 18.74 24.88 29.43 27.25 22.69 15.66 13.28 13.28 11.13 11.81 13.94 13.49 12.62 11.00 13.57 15.39 18.01 21.27 27.03 36.16 43.30
-17.46 -15.61 -13.66 -11.71 -9.86 -8.22 -6.70 -5.15 -3.63 -2.15 -0.75 0.54 1.69 2.66 3.42 3.01 2.99 4.34 4.56 1.93 2.94 3.99 3.09 2.92 3.00 2.99 2.98 3.09 3.16 4.23 3.10 3.82 4.90 4.94 4.05 5.06 6.05 6.18 6.06 6.06 4.98 4.03 5.14 6.18 7.13 9.24 12.37 16.77 18.68 15.18 14.03 12.02 11.36 13.52 17.86 24.04 22.81 17.64 12.18 10.08 10.03 10.63 11.70 12.04 12.99 13.07 11.00 11.27 14.27 17.23 19.14 24.12 36.16 46.95
-15.79 -14.20 -12.52 -10.86 -9.28 -7.88 -6.58 -5.29 -4.01 -2.78 -1.61 -0.52 0.47 1.34 2.06 2.71 3.23 3.58 3.90 3.15 4.07 4.01 3.00 4.06 3.00 3.00 3.00 3.01 1.95 1.99 3.10 4.87 4.92 3.86 2.95 3.86 4.76 4.86 4.85 4.94 4.98 5.04 6.05 6.10 7.97 7.86 9.72 12.50 14.41 14.83 12.95 10.94 10.13 11.01 12.64 13.21 14.22 12.55 11.93 12.12 13.08 14.95 14.99 12.88 12.93 11.87 11.00 10.03 10.93 14.91 17.97 22.78 32.33 41.13
-14.08 -12.70 -11.26 -9.84 -8.50 -7.30 -6.21 -5.13 -4.08 -3.07 -2.11 -1.21 -0.37 0.39 1.07 1.68 2.22 2.70 2.96 3.79 3.12 3.65 3.00 3.59 3.00 2.95 2.95 2.54 1.95 3.12 3.67 2.86 3.52 2.93 3.00 2.93 3.32 3.93 4.28 5.35 5.86 5.46 6.00 6.67 6.47 6.93 7.91 8.37 8.84 12.56 13.00 11.35 12.19 11.26 10.10 8.96 8.48 9.03 10.12 10.78 10.77 10.63 11.75 10.51 11.12 10.52 11.00 11.93 12.93 14.59 17.29 20.56 25.41 33.59
-12.12 -10.95 -9.76 -8.58 -7.47 -6.48 -5.58 -4.72 -3.90 -3.11 -2.36 -1.64 -0.95 -0.29 0.33 0.92 1.48 2.01 2.56 2.94 2.92 2.11 3.07 2.97 3.00 3.76 3.76 2.66 2.69 2.17 2.97 3.00 2.90 2.93 2.93 3.00 3.27 4.00 5.86 6.86 6.30 5.20 5.93 5.90 6.80 7.07 7.24 7.21 7.94 10.60 13.22 12.93 11.39 10.09 8.26 7.26 6.08 7.11 8.94 8.84 8.01 8.01 8.32 9.29 9.87 9.83 11.00 12.37 13.37 14.04 14.35 18.45 23.23 34.53
-10.09 -9.13 -8.16 -7.22 -6.34 -5.54 -4.83 -4.18 -3.56 -2.98 -2.43 -1.88 -1.34 -0.79 -0.23 0.35 0.92 1.47 2.01 2.50 2.95 3.35 2.00 3.00 3.00 4.00 4.00 4.00 4.00 3.00 3.00 3.00 4.00 4.00 4.00 3.00 3.00 4.00 4.99 5.99 6.00 6.00 7.00 7.00 5.99 5.99 7.00 7.00 8.00 7.99 9.98 10.98 8.99 7.99 7.00 6.00 7.01 8.01 9.00 10.00 10.02 10.02 9.01 8.00 11.02 12.03 11.01 11.00 12.00 13.00 15.00 17.99 21.99 33.98
-8.15 -7.38 -6.62 -5.89 -5.21 -4.59 -4.06 -3.59 -3.17 -2.77 -2.39 -2.01 -1.60 -1.15 -0.65 -0.10 0.47 1.05 1.61 2.14 2.62 3.02 2.54 3.29 4.10 4.03 4.03 4.29 3.97 2.97 3.25 3.82 3.75 3.75 3.78 3.29 4.10 4.03 3.96 4.70 5.52 5.49 6.46 5.64 4.90 5.15 6.71 7.79 8.88 7.78 7.60 7.52 7.42 5.85 6.68 7.04 7.82 9.99 9.88 10.32 14.07 15.43 12.19 10.34 15.65 20.63 16.83 12.91 12.42 12.94 13.93 15.82 19.57 26.54
-6.47 -5.86 -5.27 -4.73 -4.22 -3.76 -3.37 -3.06 -2.80 -2.57 -2.34 -2.09 -1.80 -1.44 -0.99 -0.47 0.10 0.68 1.27 1.82 2.32 2.73 3.49 3.51 3.39 3.39 3.39 4.51 4.61 3.61 4.05 2.95 2.88 2.95 2.27 3.44 3.39 3.39 3.39 3.34 3.29 3.83 5.51 5.56 5.54 6.59 6.56 7.56 6.66 6.27 6.95 6.88 5.76 5.93 7.24 7.68 7.02 7.12 7.80 9.90 12.48 13.92 12.61 11.84 19.58 26.80 26.66 19.22 15.57 14.08 13.86 16.68 19.63 23.87
-5.21 -4.72 -4.27 -3.87 -3.50 -3.15 -2.88 -2.69 -2.56 -2.46 -2.35 -2.21 -2.01 -1.72 -1.31 -0.81 -0.25 0.34 0.93 1.28 2.01 2.43 2.76 2.03 2.95 2.95 2.99 3.07 5.10 4.01 4.00 2.95 3.97 3.00 2.91 2.95 2.95 2.95 2.90 2.90 2.95 4.87 6.01 6.05 6.97 7.97 7.01 8.10 6.91 6.91 6.95 7.87 7.75 6.87 7.09 7.13 6.03 5.93 6.02 8.11 10.29 11.24 13.05 18.44 29.34 35.28 37.18 30.04 21.39 16.71 15.79 16.13 19.18 23.27
-4.42 -4.01 -3.66 -3.34 -3.06 -2.80 -2.60 -2.49 -2.45 -2.43 -2.40 -2.34 -2.20 -1.95 -1.58 -1.11 -0.56 0.03 0.63 6.46 1.91 2.13 2.45 3.06 4.07 3.92 3.11 3.00 3.02 3.89 3.86 3.92 3.07 3.12 3.00 4.19 4.19 3.92 4.98 5.12 4.18 5.93 5.88 4.93 5.94 6.94 7.00 5.75 7.02 6.88 7.81 8.96 9.88 8.18 7.11 6.07 6.93 7.06 6.91 6.67 6.58 8.62 11.81 20.60 30.40 39.95 43.75 38.05 28.00 20.55 16.95 14.95 16.66 18.53
-3.98 -3.62 -3.31 -3.05 -2.82 -2.60 -2.44 -2.38 -2.38 -2.40 -2.42 -2.40 -2.30 -2.09 -1.74 -1.29 -0.76 -0.19 0.39 4.29 2.34 1.83 2.13 3.06 3.55 3.39 4.52 3.00 3.61 2.48 3.39 3.39 3.95 3.95 2.89 4.61 4.61 3.33 4.39 5.00 5.01 4.82 4.76 5.39 6.00 7.06 7.00 5.39 6.10 5.99 5.92 7.03 7.53 9.12 8.52 7.01 5.88 6.94 6.78 5.66 4.81 7.26 11.27 17.52 26.85 39.11 48.74 45.50 35.10 23.43 15.48 14.61 13.96 16.53
-3.82 -3.47 -3.18 -2.94 -2.72 -2.52 -2.37 -2.33 -2.34 -2.39 -2.42 -2.41 -2.33 -2.14 -1.82 -1.39 -0.89 -0.35 0.20 0.60 1.18 1.87 1.92 2.13 2.91 3.95 4.88 2.72 2.91 1.91 4.02 4.02 5.67 5.60 4.46 3.77 3.84 4.75 4.95 5.07 5.87 6.67 7.47 6.82 6.00 6.27 7.14 6.02 4.95 5.13 5.06 5.88 5.38 8.27 8.95 7.80 6.80 7.73 8.85 8.72 5.80 9.03 13.90 21.00 31.96 43.16 49.10 43.72 31.83 20.01 15.19 13.32 13.09 14.52
-3.85 -3.50 -3.20 -2.95 -2.73 -2.52 -2.38 -2.33 -2.34 -2.38 -2.41 -2.41 -2.33 -2.15 -1.85 -1.44 -0.97 -0.46 0.06 0.56 1.01 3.05 3.04 3.04 4.02 5.02 7.09 7.11 4.10 3.09 4.02 4.02 4.98 5.95 6.99 7.04 6.06 6.04 6.02 3.98 5.00 5.98 6.93 6.98 6.00 4.98 4.96 6.00 5.02 6.02 7.06 7.07 5.10 6.98 9.95 8.02 7.07 9.07 9.00 7.96 6.00 5.94 9.87 15.80 24.66 35.62 38.53 32.53 21.67 15.82 11.89 10.91 10.94 11.96
-3.99 -3.63 -3.31 -3.05 -2.81 -2.59 -2.43 -2.37 -2.36 -2.39 -2.41 -2.40 -2.32 -2.14 -1.85 -1.47 -1.03 -0.55 -0.06 0.41 1.26 3.85 4.15 4.11 3.66 4.96 9.48 8.07 6.96 6.30 5.37 5.07 5.04 3.85 4.52 5.59 7.11 7.45 6.04 4.30 6.41 6.34 4.85 5.63 5.74 4.96 4.93 5.66 6.11 6.00 8.11 8.85 9.04 7.63 6.74 9.07 11.12 10.81 8.03 6.33 5.74 6.30 7.74 11.59 15.70 23.25 23.87 18.14 12.73 9.81 8.99 8.59 9.96 12.37
-4.16 -3.78 -3.45 -3.17 -2.92 -2.68 -2.51 -2.43 -2.41 -2.42 -2.43 -2.41 -2.32 -2.15 -1.87 -1.51 -1.09 -0.64 -0.18 0.27 1.16 1.64 2.69 3.27 3.54 5.66 9.46 8.15 5.37 4.76 6.12 5.00 4.27 3.93 4.69 5.61 6.42 6.81 5.34 5.04 6.46 6.39 5.00 4.96 4.23 5.58 6.31 5.61 5.27 6.00 7.42 7.81 7.15 8.51 7.73 9.15 13.35 10.61 6.81 4.69 4.23 6.90 9.75 13.75 16.66 17.09 15.88 11.65 8.08 6.48 6.21 7.30 9.34 11.88
