Instances/Lesbos/GMRTv3_3_20170610topo.asc
ncols 644
nrows 446
xllcorner 26.3067626953125
yllcorner 39.140286216515484
cellsize 0.0010986328125
nodata_value -2147483648
[rows 99 to 131 of 446, columns 296 to 369 of 644]
-74.19 -74.31 -74.38 -74.41 -74.39 -74.34 -74.25 -74.13 -73.94 -73.69 -73.38 -73.05 -72.70 -72.36 -72.04 -71.77 -71.53 -71.31 -71.09 -70.89 -70.70 -70.54 -70.39 -70.26 -70.17 -70.13 -70.10 -70.10 -70.09 -70.08 -70.03 -69.95 -69.84 -69.72 -69.59 -69.44 -69.26 -69.07 -68.85 -68.60 -68.31 -67.97 -67.60 -67.21 -66.82 -66.43 -66.06 -65.72 -65.39 -65.06 -64.72 -64.40 -64.11 -63.86 -63.65 -63.50 -63.42 -63.40 -63.43 -63.49 -63.58 -63.69 -63.81 -63.93 -64.07 -64.23 -64.43 -64.63 -64.83 -65.02 -65.19 -65.33 -65.44 -65.53
-74.83 -74.97 -75.06 -75.12 -75.13 -75.11 -75.04 -74.93 -74.77 -74.52 -74.23 -73.90 -73.56 -73.22 -72.91 -72.64 -72.41 -72.19 -71.98 -71.78 -71.60 -71.43 -71.28 -71.16 -71.07 -71.02 -70.99 -70.98 -70.97 -70.94 -70.89 -70.81 -70.69 -70.57 -70.42 -70.26 -70.08 -69.89 -69.67 -69.43 -69.15 -68.83 -68.49 -68.13 -67.77 -67.41 -67.08 -66.77 -66.49 -66.20 -65.92 -65.65 -65.40 -65.19 -65.01 -64.88 -64.80 -64.77 -64.78 -64.81 -64.87 -64.94 -65.02 -65.09 -65.18 -65.28 -65.41 -65.54 -65.67 -65.80 -65.91 -65.99 -66.06 -66.11
-75.42 -75.57 -75.69 -75.77 -75.81 -75.81 -75.77 -75.68 -75.52 -75.29 -75.00 -74.68 -74.34 -74.01 -73.70 -73.44 -73.21 -72.99 -72.78 -72.59 -72.41 -72.24 -72.10 -71.97 -71.88 -71.82 -71.79 -71.77 -71.76 -71.73 -71.68 -71.59 -71.47 -71.34 -71.19 -71.02 -70.84 -70.64 -70.43 -70.20 -69.94 -69.65 -69.33 -69.00 -68.67 -68.34 -68.04 -67.77 -67.53 -67.28 -67.05 -66.84 -66.64 -66.46 -66.32 -66.20 -66.12 -66.08 -66.06 -66.07 -66.10 -66.13 -66.16 -66.19 -66.23 -66.28 -66.34 -66.40 -66.47 -66.53 -66.57 -66.61 -66.63 -66.65
-75.99 -76.16 -76.29 -76.40 -76.46 -76.48 -76.46 -76.38 -76.24 -76.01 -75.73 -75.41 -75.08 -74.75 -74.45 -74.19 -73.96 -73.75 -73.54 -73.34 -73.16 -73.00 -72.85 -72.72 -72.62 -72.56 -72.53 -72.51 -72.49 -72.45 -72.40 -72.31 -72.19 -72.05 -71.89 -71.73 -71.54 -71.35 -71.14 -70.92 -70.68 -70.41 -70.11 -69.81 -69.51 -69.22 -68.95 -68.71 -68.50 -68.30 -68.12 -67.95 -67.79 -67.66 -67.54 -67.43 -67.35 -67.30 -67.27 -67.25 -67.24 -67.23 -67.23 -67.22 -67.20 -67.20 -67.20 -67.20 -67.20 -67.20 -67.19 -67.18 -67.16 -67.14
-76.57 -76.75 -76.90 -77.01 -77.09 -77.13 -77.12 -77.06 -76.92 -76.70 -76.43 -76.12 -75.79 -75.47 -75.17 -74.91 -74.68 -74.47 -74.26 -74.06 -73.87 -73.71 -73.55 -73.42 -73.32 -73.26 -73.22 -73.19 -73.16 -73.12 -73.06 -72.97 -72.84 -72.70 -72.55 -72.38 -72.20 -72.01 -71.81 -71.60 -71.37 -71.12 -70.85 -70.57 -70.30 -70.04 -69.80 -69.59 -69.41 -69.25 -69.11 -68.98 -68.86 -68.76 -68.66 -68.57 -68.48 -68.42 -68.36 -68.32 -68.28 -68.24 -68.19 -68.14 -68.09 -68.03 -67.98 -67.92 -67.86 -67.80 -67.75 -67.69 -67.64 -67.59
-77.13 -77.31 -77.47 -77.60 -77.70 -77.75 -77.75 -77.69 -77.56 -77.35 -77.08 -76.77 -76.45 -76.13 -75.83 -75.57 -75.34 -75.12 -74.91 -74.70 -74.51 -74.34 -74.18 -74.04 -73.94 -73.86 -73.82 -73.78 -73.75 -73.71 -73.64 -73.55 -73.43 -73.29 -73.13 -72.97 -72.79 -72.61 -72.42 -72.22 -72.01 -71.78 -71.54 -71.29 -71.04 -70.81 -70.60 -70.42 -70.28 -70.15 -70.05 -69.96 -69.88 -69.81 -69.73 -69.65 -69.56 -69.48 -69.41 -69.34 -69.26 -69.19 -69.10 -69.02 -68.92 -68.81 -68.70 -68.59 -68.48 -68.37 -68.26 -68.16 -68.07 -67.99
-77.66 -77.84 -78.01 -78.15 -78.25 -78.31 -78.32 -78.27 -78.15 -77.94 -77.67 -77.37 -77.05 -76.73 -76.42 -76.17 -75.94 -75.71 -75.48 -75.27 -75.07 -74.89 -74.72 -74.57 -74.46 -74.39 -74.33 -74.29 -74.26 -74.21 -74.15 -74.05 -73.94 -73.80 -73.65 -73.49 -73.33 -73.15 -72.98 -72.80 -72.61 -72.40 -72.18 -71.96 -71.74 -71.54 -71.35 -71.20 -71.09 -71.00 -70.94 -70.89 -70.84 -70.80 -70.74 -70.67 -70.58 -70.49 -70.40 -70.29 -70.19 -70.08 -69.96 -69.83 -69.70 -69.54 -69.38 -69.22 -69.05 -68.89 -68.73 -68.59 -68.47 -68.35
-78.14 -78.33 -78.50 -78.65 -78.76 -78.83 -78.84 -78.80 -78.68 -78.47 -78.21 -77.91 -77.59 -77.27 -76.96 -76.70 -76.47 -76.23 -76.00 -75.77 -75.56 -75.37 -75.19 -75.04 -74.92 -74.84 -74.78 -74.74 -74.70 -74.65 -74.59 -74.49 -74.38 -74.25 -74.11 -73.96 -73.80 -73.64 -73.48 -73.32 -73.15 -72.96 -72.76 -72.57 -72.38 -72.20 -72.05 -71.92 -71.84 -71.79 -71.76 -71.75 -71.73 -71.71 -71.68 -71.61 -71.52 -71.42 -71.30 -71.17 -71.04 -70.89 -70.74 -70.57 -70.40 -70.20 -69.99 -69.78 -69.56 -69.35 -69.15 -68.97 -68.81 -68.67
-78.60 -78.78 -78.96 -79.10 -79.22 -79.29 -79.31 -79.27 -79.15 -78.95 -78.69 -78.39 -78.07 -77.75 -77.45 -77.18 -76.94 -76.70 -76.46 -76.23 -76.00 -75.80 -75.61 -75.46 -75.33 -75.24 -75.18 -75.13 -75.08 -75.03 -74.97 -74.88 -74.77 -74.65 -74.51 -74.37 -74.23 -74.08 -73.93 -73.78 -73.63 -73.46 -73.29 -73.12 -72.95 -72.80 -72.68 -72.58 -72.52 -72.49 -72.50 -72.51 -72.53 -72.53 -72.51 -72.45 -72.35 -72.23 -72.10 -71.94 -71.78 -71.60 -71.41 -71.22 -71.00 -70.77 -70.52 -70.26 -70.00 -69.75 -69.51 -69.30 -69.11 -68.93
-79.01 -79.19 -79.36 -79.51 -79.62 -79.69 -79.71 -79.67 -79.55 -79.35 -79.10 -78.81 -78.49 -78.18 -77.88 -77.62 -77.37 -77.13 -76.88 -76.64 -76.41 -76.19 -76.00 -75.84 -75.71 -75.61 -75.54 -75.49 -75.44 -75.38 -75.32 -75.23 -75.12 -75.00 -74.87 -74.74 -74.60 -74.46 -74.32 -74.19 -74.05 -73.91 -73.75 -73.60 -73.46 -73.34 -73.23 -73.15 -73.11 -73.11 -73.14 -73.18 -73.21 -73.23 -73.22 -73.16 -73.05 -72.92 -72.76 -72.59 -72.39 -72.18 -71.96 -71.74 -71.50 -71.23 -70.94 -70.65 -70.35 -70.07 -69.80 -69.56 -69.34 -69.14
-79.40 -79.57 -79.72 -79.86 -79.97 -80.03 -80.05 -80.00 -79.89 -79.70 -79.45 -79.17 -78.86 -78.56 -78.26 -78.00 -77.76 -77.51 -77.26 -77.02 -76.78 -76.56 -76.37 -76.20 -76.06 -75.96 -75.88 -75.82 -75.76 -75.71 -75.63 -75.54 -75.43 -75.32 -75.19 -75.06 -74.92 -74.79 -74.66 -74.54 -74.41 -74.28 -74.15 -74.02 -73.90 -73.79 -73.70 -73.63 -73.61 -73.62 -73.66 -73.71 -73.76 -73.78 -73.77 -73.71 -73.60 -73.45 -73.27 -73.07 -72.85 -72.62 -72.37 -72.13 -71.86 -71.57 -71.25 -70.93 -70.61 -70.30 -70.00 -69.74 -69.50 -69.28
-79.75 -79.90 -80.04 -80.16 -80.25 -80.30 -80.31 -80.26 -80.14 -79.96 -79.73 -79.46 -79.17 -78.88 -78.59 -78.34 -78.10 -77.85 -77.60 -77.36 -77.12 -76.90 -76.70 -76.52 -76.38 -76.28 -76.19 -76.12 -76.05 -75.99 -75.91 -75.81 -75.70 -75.58 -75.45 -75.32 -75.19 -75.06 -74.93 -74.82 -74.70 -74.58 -74.46 -74.35 -74.24 -74.15 -74.07 -74.02 -74.00 -74.02 -74.06 -74.11 -74.15 -74.17 -74.16 -74.08 -73.96 -73.79 -73.60 -73.37 -73.13 -72.87 -72.61 -72.34 -72.06 -71.75 -71.42 -71.08 -70.75 -70.42 -70.11 -69.83 -69.58 -69.34
-80.08 -80.20 -80.32 -80.41 -80.48 -80.51 -80.50 -80.45 -80.33 -80.16 -79.93 -79.68 -79.41 -79.14 -78.87 -78.63 -78.39 -78.15 -77.90 -77.65 -77.41 -77.19 -76.99 -76.81 -76.66 -76.55 -76.45 -76.37 -76.29 -76.22 -76.13 -76.03 -75.91 -75.79 -75.66 -75.52 -75.39 -75.26 -75.13 -75.02 -74.91 -74.81 -74.70 -74.61 -74.52 -74.44 -74.37 -74.32 -74.29 -74.31 -74.35 -74.39 -74.42 -74.43 -74.39 -74.31 -74.17 -73.98 -73.76 -73.52 -73.25 -72.98 -72.69 -72.41 -72.12 -71.80 -71.46 -71.12 -70.78 -70.45 -70.14 -69.85 -69.58 -69.33
-80.37 -80.46 -80.55 -80.61 -80.65 -80.66 -80.64 -80.57 -80.46 -80.29 -80.08 -79.85 -79.60 -79.34 -79.09 -78.86 -78.63 -78.39 -78.15 -77.90 -77.67 -77.44 -77.24 -77.05 -76.90 -76.78 -76.67 -76.58 -76.49 -76.41 -76.31 -76.21 -76.08 -75.95 -75.82 -75.68 -75.54 -75.41 -75.29 -75.18 -75.07 -74.98 -74.89 -74.80 -74.72 -74.65 -74.59 -74.54 -74.51 -74.52 -74.54 -74.57 -74.58 -74.57 -74.52 -74.42 -74.26 -74.06 -73.82 -73.55 -73.27 -72.97 -72.67 -72.38 -72.08 -71.75 -71.42 -71.08 -70.74 -70.41 -70.10 -69.80 -69.53 -69.27
-80.61 -80.68 -80.73 -80.77 -80.78 -80.77 -80.73 -80.65 -80.53 -80.37 -80.18 -79.97 -79.74 -79.50 -79.27 -79.05 -78.83 -78.59 -78.35 -78.11 -77.88 -77.65 -77.45 -77.26 -77.11 -76.98 -76.86 -76.76 -76.66 -76.56 -76.46 -76.35 -76.22 -76.08 -75.94 -75.80 -75.66 -75.53 -75.40 -75.29 -75.20 -75.11 -75.03 -74.95 -74.88 -74.82 -74.76 -74.71 -74.67 -74.67 -74.67 -74.68 -74.68 -74.65 -74.58 -74.45 -74.28 -74.06 -73.80 -73.51 -73.21 -72.90 -72.59 -72.28 -71.98 -71.66 -71.33 -70.99 -70.66 -70.33 -70.02 -69.72 -69.44 -69.17
-80.81 -80.85 -80.87 -80.88 -80.87 -80.83 -80.77 -80.69 -80.57 -80.42 -80.24 -80.04 -79.83 -79.61 -79.39 -79.19 -78.97 -78.75 -78.51 -78.28 -78.05 -77.82 -77.62 -77.44 -77.28 -77.14 -77.02 -76.91 -76.80 -76.69 -76.58 -76.46 -76.33 -76.19 -76.04 -75.90 -75.76 -75.62 -75.50 -75.39 -75.29 -75.21 -75.13 -75.07 -75.01 -74.95 -74.89 -74.83 -74.79 -74.77 -74.76 -74.75 -74.73 -74.68 -74.59 -74.45 -74.26 -74.02 -73.75 -73.45 -73.13 -72.81 -72.49 -72.18 -71.87 -71.55 -71.22 -70.89 -70.56 -70.24 -69.92 -69.63 -69.35 -69.07
-80.95 -80.97 -80.96 -80.95 -80.91 -80.86 -80.79 -80.70 -80.58 -80.44 -80.27 -80.08 -79.89 -79.68 -79.48 -79.28 -79.08 -78.86 -78.63 -78.40 -78.18 -77.96 -77.76 -77.58 -77.42 -77.28 -77.15 -77.03 -76.92 -76.80 -76.69 -76.56 -76.42 -76.28 -76.14 -75.99 -75.85 -75.71 -75.59 -75.48 -75.38 -75.30 -75.23 -75.17 -75.11 -75.05 -74.99 -74.93 -74.88 -74.85 -74.83 -74.80 -74.77 -74.70 -74.60 -74.45 -74.25 -74.00 -73.71 -73.40 -73.08 -72.74 -72.41 -72.10 -71.78 -71.46 -71.13 -70.80 -70.47 -70.15 -69.84 -69.54 -69.26 -68.97
-81.03 -81.02 -80.99 -80.96 -80.91 -80.84 -80.76 -80.66 -80.54 -80.40 -80.24 -80.07 -79.88 -79.69 -79.50 -79.32 -79.12 -78.91 -78.70 -78.48 -78.27 -78.06 -77.87 -77.69 -77.53 -77.39 -77.25 -77.13 -77.01 -76.89 -76.77 -76.64 -76.50 -76.36 -76.21 -76.07 -75.92 -75.79 -75.66 -75.55 -75.45 -75.37 -75.30 -75.23 -75.17 -75.11 -75.05 -74.98 -74.92 -74.88 -74.85 -74.81 -74.76 -74.69 -74.58 -74.42 -74.21 -73.95 -73.66 -73.34 -73.01 -72.67 -72.33 -72.01 -71.69 -71.37 -71.04 -70.71 -70.38 -70.06 -69.75 -69.45 -69.16 -68.87
-81.04 -81.00 -80.96 -80.90 -80.84 -80.76 -80.67 -80.57 -80.45 -80.31 -80.15 -79.99 -79.82 -79.64 -79.47 -79.29 -79.11 -78.92 -78.72 -78.51 -78.31 -78.12 -77.94 -77.76 -77.61 -77.47 -77.33 -77.20 -77.08 -76.95 -76.83 -76.70 -76.56 -76.41 -76.26 -76.12 -75.97 -75.84 -75.71 -75.59 -75.49 -75.40 -75.32 -75.25 -75.18 -75.11 -75.04 -74.97 -74.90 -74.85 -74.80 -74.76 -74.70 -74.61 -74.49 -74.32 -74.11 -73.84 -73.55 -73.22 -72.89 -72.54 -72.21 -71.88 -71.57 -71.24 -70.91 -70.59 -70.26 -69.94 -69.63 -69.33 -69.03 -68.74
-81.01 -80.95 -80.88 -80.81 -80.73 -80.64 -80.54 -80.43 -80.31 -80.17 -80.03 -79.87 -79.71 -79.55 -79.38 -79.22 -79.05 -78.87 -78.69 -78.50 -78.32 -78.14 -77.97 -77.81 -77.66 -77.51 -77.38 -77.25 -77.12 -76.99 -76.86 -76.72 -76.58 -76.44 -76.29 -76.15 -76.00 -75.87 -75.74 -75.62 -75.51 -75.41 -75.32 -75.24 -75.16 -75.08 -74.99 -74.91 -74.83 -74.77 -74.71 -74.66 -74.58 -74.49 -74.36 -74.19 -73.96 -73.70 -73.40 -73.08 -72.74 -72.40 -72.06 -71.74 -71.42 -71.10 -70.77 -70.44 -70.12 -69.80 -69.49 -69.19 -68.90 -68.60
-80.95 -80.86 -80.77 -80.68 -80.59 -80.50 -80.39 -80.28 -80.15 -80.02 -79.88 -79.73 -79.58 -79.43 -79.27 -79.12 -78.96 -78.79 -78.63 -78.46 -78.29 -78.13 -77.97 -77.81 -77.67 -77.52 -77.39 -77.26 -77.12 -76.99 -76.86 -76.72 -76.58 -76.44 -76.30 -76.15 -76.01 -75.87 -75.74 -75.62 -75.50 -75.40 -75.30 -75.20 -75.11 -75.01 -74.92 -74.82 -74.73 -74.66 -74.60 -74.53 -74.45 -74.34 -74.21 -74.03 -73.80 -73.53 -73.24 -72.91 -72.58 -72.24 -71.90 -71.58 -71.27 -70.95 -70.62 -70.29 -69.97 -69.65 -69.34 -69.04 -68.75 -68.46
-80.86 -80.76 -80.65 -80.55 -80.45 -80.35 -80.24 -80.12 -79.99 -79.86 -79.72 -79.58 -79.44 -79.29 -79.14 -79.00 -78.85 -78.70 -78.54 -78.39 -78.23 -78.08 -77.93 -77.78 -77.64 -77.50 -77.36 -77.23 -77.10 -76.96 -76.83 -76.70 -76.56 -76.42 -76.28 -76.13 -75.99 -75.86 -75.73 -75.60 -75.48 -75.36 -75.25 -75.15 -75.04 -74.94 -74.83 -74.72 -74.63 -74.54 -74.47 -74.39 -74.30 -74.19 -74.05 -73.86 -73.64 -73.37 -73.07 -72.76 -72.43 -72.09 -71.76 -71.44 -71.12 -70.80 -70.48 -70.15 -69.83 -69.51 -69.20 -68.90 -68.61 -68.32
-80.78 -80.66 -80.54 -80.43 -80.32 -80.21 -80.10 -79.98 -79.85 -79.72 -79.58 -79.44 -79.30 -79.16 -79.02 -78.88 -78.74 -78.59 -78.44 -78.29 -78.14 -77.99 -77.85 -77.71 -77.57 -77.43 -77.30 -77.17 -77.03 -76.90 -76.77 -76.64 -76.50 -76.37 -76.23 -76.09 -75.96 -75.82 -75.69 -75.57 -75.44 -75.32 -75.20 -75.09 -74.97 -74.86 -74.74 -74.63 -74.52 -74.43 -74.35 -74.26 -74.16 -74.05 -73.90 -73.71 -73.49 -73.22 -72.93 -72.62 -72.29 -71.96 -71.64 -71.32 -71.01 -70.69 -70.36 -70.03 -69.70 -69.38 -69.07 -68.77 -68.48 -68.19
-80.70 -80.56 -80.44 -80.32 -80.21 -80.10 -79.98 -79.86 -79.72 -79.59 -79.46 -79.32 -79.18 -79.04 -78.90 -78.76 -78.62 -78.47 -78.32 -78.17 -78.02 -77.87 -77.72 -77.58 -77.44 -77.31 -77.18 -77.05 -76.92 -76.80 -76.67 -76.54 -76.41 -76.28 -76.15 -76.03 -75.90 -75.77 -75.64 -75.52 -75.39 -75.27 -75.14 -75.02 -74.90 -74.77 -74.65 -74.53 -74.42 -74.32 -74.23 -74.14 -74.04 -73.91 -73.76 -73.58 -73.35 -73.09 -72.81 -72.51 -72.19 -71.87 -71.55 -71.23 -70.92 -70.59 -70.26 -69.93 -69.60 -69.27 -68.96 -68.66 -68.37 -68.08
-80.60 -80.45 -80.33 -80.21 -80.10 -79.98 -79.86 -79.74 -79.60 -79.47 -79.33 -79.19 -79.05 -78.91 -78.77 -78.63 -78.48 -78.32 -78.16 -78.01 -77.85 -77.69 -77.54 -77.40 -77.26 -77.13 -77.01 -76.89 -76.77 -76.65 -76.53 -76.41 -76.29 -76.17 -76.05 -75.93 -75.81 -75.69 -75.57 -75.45 -75.32 -75.19 -75.06 -74.93 -74.80 -74.67 -74.54 -74.41 -74.30 -74.20 -74.10 -74.00 -73.89 -73.77 -73.62 -73.43 -73.21 -72.96 -72.69 -72.40 -72.10 -71.78 -71.47 -71.16 -70.85 -70.52 -70.18 -69.84 -69.50 -69.16 -68.84 -68.54 -68.25 -67.97
-80.48 -80.33 -80.20 -80.09 -79.97 -79.86 -79.74 -79.62 -79.48 -79.34 -79.20 -79.06 -78.92 -78.77 -78.63 -78.47 -78.32 -78.15 -77.98 -77.81 -77.65 -77.48 -77.32 -77.18 -77.04 -76.92 -76.80 -76.68 -76.57 -76.46 -76.35 -76.24 -76.13 -76.02 -75.91 -75.81 -75.70 -75.59 -75.48 -75.36 -75.23 -75.10 -74.97 -74.83 -74.69 -74.55 -74.42 -74.29 -74.17 -74.06 -73.96 -73.86 -73.74 -73.62 -73.47 -73.29 -73.07 -72.83 -72.57 -72.30 -72.01 -71.71 -71.40 -71.10 -70.79 -70.45 -70.11 -69.75 -69.40 -69.06 -68.73 -68.43 -68.14 -67.86
-80.34 -80.20 -80.07 -79.96 -79.85 -79.74 -79.62 -79.49 -79.35 -79.21 -79.07 -78.92 -78.77 -78.62 -78.47 -78.31 -78.14 -77.97 -77.79 -77.60 -77.42 -77.25 -77.08 -76.93 -76.80 -76.68 -76.56 -76.46 -76.36 -76.26 -76.16 -76.06 -75.95 -75.86 -75.76 -75.67 -75.57 -75.47 -75.37 -75.25 -75.13 -75.00 -74.86 -74.71 -74.57 -74.43 -74.28 -74.15 -74.03 -73.91 -73.81 -73.70 -73.59 -73.46 -73.31 -73.14 -72.93 -72.70 -72.46 -72.20 -71.92 -71.64 -71.34 -71.04 -70.73 -70.39 -70.04 -69.68 -69.31 -68.96 -68.63 -68.32 -68.04 -67.76
-80.21 -80.06 -79.93 -79.82 -79.71 -79.60 -79.48 -79.35 -79.21 -79.07 -78.92 -78.77 -78.61 -78.46 -78.30 -78.13 -77.96 -77.77 -77.57 -77.38 -77.19 -77.00 -76.83 -76.68 -76.54 -76.43 -76.32 -76.22 -76.13 -76.04 -75.95 -75.86 -75.77 -75.68 -75.60 -75.52 -75.43 -75.34 -75.24 -75.13 -75.01 -74.88 -74.74 -74.59 -74.44 -74.29 -74.15 -74.01 -73.88 -73.77 -73.66 -73.55 -73.44 -73.31 -73.16 -72.99 -72.79 -72.57 -72.34 -72.10 -71.84 -71.56 -71.28 -70.99 -70.67 -70.33 -69.97 -69.60 -69.23 -68.87 -68.53 -68.22 -67.94 -67.67
-80.07 -79.92 -79.79 -79.67 -79.56 -79.45 -79.33 -79.20 -79.05 -78.90 -78.75 -78.60 -78.44 -78.28 -78.11 -77.94 -77.76 -77.56 -77.36 -77.15 -76.95 -76.76 -76.58 -76.43 -76.30 -76.18 -76.08 -76.00 -75.91 -75.83 -75.75 -75.67 -75.58 -75.51 -75.43 -75.36 -75.28 -75.20 -75.11 -75.00 -74.88 -74.75 -74.61 -74.46 -74.31 -74.16 -74.01 -73.88 -73.75 -73.63 -73.52 -73.41 -73.29 -73.16 -73.02 -72.85 -72.65 -72.45 -72.23 -71.99 -71.75 -71.48 -71.21 -70.92 -70.61 -70.26 -69.90 -69.52 -69.15 -68.79 -68.44 -68.14 -67.85 -67.59
-79.93 -79.78 -79.64 -79.52 -79.40 -79.28 -79.16 -79.02 -78.87 -78.72 -78.56 -78.41 -78.25 -78.08 -77.91 -77.74 -77.55 -77.35 -77.14 -76.93 -76.72 -76.52 -76.34 -76.19 -76.06 -75.95 -75.85 -75.77 -75.70 -75.63 -75.55 -75.47 -75.40 -75.32 -75.26 -75.19 -75.12 -75.04 -74.96 -74.86 -74.74 -74.61 -74.47 -74.33 -74.18 -74.03 -73.88 -73.75 -73.62 -73.50 -73.39 -73.28 -73.16 -73.03 -72.88 -72.71 -72.52 -72.33 -72.11 -71.89 -71.65 -71.40 -71.13 -70.85 -70.54 -70.19 -69.83 -69.45 -69.08 -68.71 -68.37 -68.06 -67.78 -67.52
-79.79 -79.63 -79.49 -79.36 -79.23 -79.10 -78.97 -78.82 -78.67 -78.51 -78.36 -78.19 -78.03 -77.86 -77.69 -77.51 -77.32 -77.11 -76.89 -76.68 -76.47 -76.27 -76.08 -75.93 -75.80 -75.70 -75.61 -75.53 -75.47 -75.40 -75.34 -75.27 -75.19 -75.13 -75.07 -75.00 -74.94 -74.87 -74.79 -74.69 -74.58 -74.46 -74.32 -74.18 -74.04 -73.89 -73.75 -73.61 -73.49 -73.37 -73.26 -73.14 -73.03 -72.90 -72.75 -72.58 -72.40 -72.21 -72.01 -71.79 -71.56 -71.32 -71.06 -70.78 -70.47 -70.13 -69.77 -69.39 -69.01 -68.65 -68.31 -68.00 -67.73 -67.48
-79.64 -79.48 -79.33 -79.19 -79.05 -78.91 -78.77 -78.61 -78.45 -78.29 -78.13 -77.96 -77.80 -77.62 -77.45 -77.27 -77.07 -76.86 -76.64 -76.42 -76.20 -76.00 -75.82 -75.66 -75.54 -75.44 -75.36 -75.29 -75.23 -75.17 -75.11 -75.05 -74.98 -74.92 -74.86 -74.80 -74.74 -74.68 -74.60 -74.51 -74.40 -74.29 -74.16 -74.03 -73.89 -73.75 -73.61 -73.48 -73.36 -73.24 -73.13 -73.02 -72.90 -72.77 -72.62 -72.46 -72.28 -72.10 -71.90 -71.70 -71.48 -71.24 -70.99 -70.72 -70.41 -70.07 -69.71 -69.33 -68.96 -68.60 -68.26 -67.96 -67.69 -67.44
-79.49 -79.32 -79.16 -79.01 -78.86 -78.71 -78.56 -78.39 -78.23 -78.06 -77.90 -77.73 -77.56 -77.38 -77.20 -77.02 -76.82 -76.60 -76.38 -76.15 -75.94 -75.73 -75.55 -75.39 -75.27 -75.18 -75.10 -75.04 -74.99 -74.94 -74.89 -74.83 -74.76 -74.71 -74.65 -74.60 -74.54 -74.48 -74.40 -74.32 -74.22 -74.11 -73.99 -73.86 -73.74 -73.60 -73.48 -73.35 -73.23 -73.12 -73.00 -72.89 -72.77 -72.64 -72.50 -72.34 -72.17 -71.99 -71.80 -71.60 -71.38 -71.15 -70.91 -70.64 -70.34 -70.01 -69.65 -69.27 -68.90 -68.54 -68.21 -67.91 -67.65 -67.41
