Instances/Lesbos/GMRTv3_3_20170610topo.asc
ncols 644
nrows 446
xllcorner 26.3067626953125
yllcorner 39.140286216515484
cellsize 0.0010986328125
nodata_value -2147483648
[rows 198 to 230 of 446, columns 370 to 443 of 644]
-38.75 -39.14 -39.57 -40.03 -40.49 -40.94 -41.42 -41.96 -42.54 -43.13 -43.70 -44.22 -44.69 -45.06 -45.33 -45.52 -45.65 -45.73 -45.79 -45.84 -45.91 -46.00 -46.11 -46.24 -46.37 -46.49 -46.60 -46.70 -46.77 -46.81 -46.87 -46.97 -47.07 -47.14 -47.14 -47.05 -46.81 -46.41 -45.81 -45.02 -44.09 -43.06 -41.98 -40.89 -39.83 -38.85 -37.86 -36.81 -35.72 -34.66 -33.66 -32.77 -32.03 -31.50 -31.25 -31.25 -31.43 -31.72 -32.02 -32.26 -32.35 -32.22 -32.00 -31.85 -31.67 -31.37 -30.85 -30.04 -28.83 -27.14 -24.81 -21.86 -18.47 -14.80
-33.96 -34.79 -35.71 -36.66 -37.59 -38.43 -39.27 -40.19 -41.14 -42.09 -43.01 -43.85 -44.58 -45.16 -45.58 -45.86 -46.04 -46.14 -46.19 -46.22 -46.26 -46.34 -46.45 -46.54 -46.63 -46.71 -46.77 -46.82 -46.85 -46.85 -46.88 -46.96 -47.05 -47.11 -47.10 -46.98 -46.71 -46.25 -45.56 -44.67 -43.63 -42.48 -41.27 -40.05 -38.86 -37.76 -36.65 -35.46 -34.23 -33.02 -31.89 -30.89 -30.07 -29.50 -29.23 -29.25 -29.47 -29.81 -30.19 -30.52 -30.72 -30.70 -30.63 -30.65 -30.65 -30.55 -30.24 -29.62 -28.59 -27.04 -24.83 -21.98 -18.68 -15.08
-29.29 -30.56 -31.96 -33.38 -34.76 -35.99 -37.18 -38.46 -39.78 -41.08 -42.33 -43.47 -44.46 -45.24 -45.80 -46.17 -46.40 -46.51 -46.56 -46.57 -46.59 -46.66 -46.75 -46.82 -46.87 -46.90 -46.91 -46.91 -46.90 -46.87 -46.88 -46.95 -47.04 -47.10 -47.08 -46.94 -46.64 -46.13 -45.37 -44.39 -43.24 -41.97 -40.63 -39.29 -37.97 -36.75 -35.52 -34.18 -32.81 -31.45 -30.19 -29.07 -28.16 -27.53 -27.24 -27.27 -27.52 -27.92 -28.36 -28.77 -29.07 -29.15 -29.20 -29.36 -29.53 -29.61 -29.47 -29.03 -28.15 -26.75 -24.67 -21.93 -18.72 -15.23
-25.07 -26.72 -28.53 -30.39 -32.16 -33.74 -35.24 -36.84 -38.49 -40.11 -41.66 -43.07 -44.29 -45.26 -45.95 -46.40 -46.67 -46.79 -46.83 -46.83 -46.83 -46.88 -46.96 -47.01 -47.02 -47.01 -46.98 -46.94 -46.89 -46.84 -46.84 -46.92 -47.02 -47.09 -47.08 -46.94 -46.62 -46.07 -45.24 -44.18 -42.94 -41.57 -40.12 -38.66 -37.23 -35.89 -34.53 -33.06 -31.54 -30.04 -28.63 -27.40 -26.39 -25.70 -25.38 -25.40 -25.66 -26.09 -26.59 -27.06 -27.43 -27.60 -27.74 -28.02 -28.33 -28.55 -28.57 -28.27 -27.54 -26.28 -24.32 -21.71 -18.63 -15.26
-21.28 -23.27 -25.45 -27.68 -29.81 -31.68 -33.46 -35.35 -37.28 -39.19 -41.00 -42.65 -44.08 -45.21 -46.01 -46.53 -46.83 -46.97 -47.00 -46.98 -46.97 -47.02 -47.09 -47.11 -47.09 -47.05 -46.98 -46.91 -46.83 -46.77 -46.77 -46.86 -46.99 -47.09 -47.10 -46.98 -46.65 -46.08 -45.21 -44.08 -42.76 -41.29 -39.75 -38.17 -36.64 -35.19 -33.72 -32.10 -30.43 -28.79 -27.24 -25.87 -24.76 -23.99 -23.63 -23.63 -23.89 -24.34 -24.86 -25.38 -25.80 -26.02 -26.24 -26.61 -27.01 -27.34 -27.48 -27.31 -26.72 -25.58 -23.76 -21.30 -18.37 -15.16
-17.49 -19.82 -22.38 -24.99 -27.47 -29.65 -31.70 -33.88 -36.09 -38.27 -40.34 -42.23 -43.85 -45.14 -46.05 -46.65 -46.99 -47.14 -47.16 -47.13 -47.10 -47.13 -47.19 -47.19 -47.14 -47.06 -46.95 -46.85 -46.74 -46.67 -46.68 -46.80 -46.96 -47.10 -47.15 -47.05 -46.73 -46.14 -45.23 -44.04 -42.64 -41.09 -39.45 -37.78 -36.13 -34.58 -32.98 -31.22 -29.39 -27.58 -25.88 -24.37 -23.15 -22.29 -21.88 -21.84 -22.09 -22.53 -23.08 -23.62 -24.07 -24.34 -24.60 -25.03 -25.50 -25.91 -26.14 -26.07 -25.59 -24.58 -22.91 -20.62 -17.89 -14.87
-13.80 -16.47 -19.40 -22.37 -25.20 -27.68 -30.00 -32.44 -34.93 -37.38 -39.69 -41.80 -43.62 -45.06 -46.07 -46.73 -47.11 -47.27 -47.28 -47.23 -47.19 -47.22 -47.27 -47.24 -47.16 -47.03 -46.89 -46.75 -46.63 -46.54 -46.57 -46.72 -46.93 -47.12 -47.22 -47.15 -46.85 -46.25 -45.30 -44.07 -42.60 -40.97 -39.24 -37.46 -35.71 -34.05 -32.32 -30.42 -28.43 -26.45 -24.59 -22.93 -21.58 -20.63 -20.15 -20.07 -20.29 -20.73 -21.27 -21.83 -22.30 -22.59 -22.89 -23.34 -23.85 -24.31 -24.60 -24.61 -24.23 -23.35 -21.84 -19.74 -17.22 -14.44
-10.47 -13.43 -16.68 -19.99 -23.12 -25.86 -28.41 -31.10 -33.83 -36.51 -39.06 -41.36 -43.35 -44.92 -46.04 -46.75 -47.16 -47.32 -47.34 -47.27 -47.21 -47.23 -47.27 -47.22 -47.11 -46.95 -46.78 -46.61 -46.48 -46.39 -46.44 -46.63 -46.90 -47.15 -47.30 -47.29 -47.02 -46.41 -45.44 -44.16 -42.64 -40.93 -39.12 -37.25 -35.40 -33.63 -31.79 -29.74 -27.58 -25.44 -23.41 -21.60 -20.12 -19.07 -18.51 -18.38 -18.57 -18.98 -19.52 -20.08 -20.56 -20.86 -21.16 -21.63 -22.15 -22.63 -22.96 -23.03 -22.74 -21.98 -20.62 -18.72 -16.43 -13.89
-7.73 -10.92 -14.41 -17.96 -21.33 -24.27 -27.01 -29.90 -32.83 -35.71 -38.43 -40.91 -43.04 -44.72 -45.91 -46.67 -47.10 -47.27 -47.28 -47.20 -47.13 -47.15 -47.18 -47.11 -46.98 -46.80 -46.60 -46.42 -46.27 -46.20 -46.28 -46.53 -46.86 -47.18 -47.41 -47.45 -47.22 -46.62 -45.64 -44.33 -42.76 -41.00 -39.11 -37.16 -35.22 -33.36 -31.40 -29.20 -26.90 -24.60 -22.41 -20.45 -18.84 -17.68 -17.05 -16.86 -17.00 -17.38 -17.89 -18.43 -18.91 -19.21 -19.50 -19.96 -20.48 -20.97 -21.32 -21.43 -21.21 -20.56 -19.35 -17.64 -15.57 -13.28
-5.84 -9.14 -12.76 -16.44 -19.94 -23.00 -25.86 -28.88 -31.95 -34.97 -37.83 -40.43 -42.66 -44.42 -45.66 -46.46 -46.90 -47.07 -47.07 -46.99 -46.91 -46.92 -46.96 -46.88 -46.73 -46.54 -46.33 -46.15 -46.01 -45.96 -46.08 -46.40 -46.81 -47.22 -47.53 -47.64 -47.46 -46.89 -45.90 -44.58 -42.97 -41.17 -39.22 -37.21 -35.19 -33.24 -31.18 -28.86 -26.42 -23.96 -21.63 -19.53 -17.79 -16.54 -15.83 -15.57 -15.66 -15.99 -16.46 -16.98 -17.43 -17.71 -17.98 -18.42 -18.92 -19.40 -19.76 -19.90 -19.74 -19.18 -18.11 -16.58 -14.71 -12.65
-5.08 -8.34 -11.93 -15.60 -19.09 -22.15 -25.04 -28.11 -31.24 -34.33 -37.26 -39.92 -42.21 -44.02 -45.28 -46.09 -46.53 -46.70 -46.69 -46.60 -46.52 -46.54 -46.58 -46.50 -46.35 -46.16 -45.97 -45.80 -45.69 -45.67 -45.86 -46.25 -46.76 -47.27 -47.68 -47.88 -47.77 -47.24 -46.27 -44.94 -43.32 -41.49 -39.51 -37.44 -35.36 -33.34 -31.19 -28.77 -26.20 -23.61 -21.14 -18.91 -17.06 -15.71 -14.91 -14.57 -14.59 -14.86 -15.29 -15.75 -16.16 -16.41 -16.66 -17.06 -17.53 -17.99 -18.34 -18.50 -18.38 -17.89 -16.93 -15.56 -13.89 -12.03
-5.72 -8.76 -12.12 -15.57 -18.87 -21.81 -24.62 -27.64 -30.75 -33.83 -36.77 -39.45 -41.74 -43.55 -44.80 -45.59 -46.03 -46.19 -46.18 -46.08 -46.00 -46.03 -46.07 -46.01 -45.87 -45.69 -45.51 -45.37 -45.30 -45.35 -45.61 -46.11 -46.74 -47.38 -47.91 -48.23 -48.21 -47.75 -46.82 -45.52 -43.91 -42.08 -40.08 -37.98 -35.86 -33.78 -31.55 -29.02 -26.33 -23.61 -21.01 -18.64 -16.66 -15.20 -14.31 -13.87 -13.80 -13.98 -14.32 -14.71 -15.06 -15.25 -15.45 -15.80 -16.22 -16.64 -16.97 -17.12 -17.03 -16.60 -15.75 -14.53 -13.04 -11.38
-7.39 -10.07 -13.05 -16.14 -19.14 -21.84 -24.49 -27.39 -30.42 -33.44 -36.33 -38.97 -41.24 -43.00 -44.22 -44.99 -45.40 -45.55 -45.54 -45.44 -45.37 -45.41 -45.46 -45.41 -45.29 -45.13 -44.99 -44.89 -44.87 -44.98 -45.34 -45.97 -46.74 -47.52 -48.21 -48.66 -48.76 -48.38 -47.51 -46.25 -44.67 -42.85 -40.85 -38.74 -36.59 -34.46 -32.16 -29.54 -26.73 -23.88 -21.14 -18.64 -16.53 -14.96 -13.95 -13.41 -13.22 -13.30 -13.53 -13.83 -14.09 -14.21 -14.33 -14.61 -14.96 -15.32 -15.61 -15.75 -15.66 -15.28 -14.53 -13.45 -12.14 -10.69
-9.60 -11.85 -14.39 -17.05 -19.68 -22.09 -24.54 -27.27 -30.17 -33.08 -35.89 -38.46 -40.67 -42.37 -43.54 -44.26 -44.65 -44.79 -44.77 -44.68 -44.61 -44.66 -44.73 -44.70 -44.60 -44.48 -44.38 -44.33 -44.38 -44.58 -45.04 -45.80 -46.71 -47.66 -48.49 -49.09 -49.31 -49.03 -48.22 -47.02 -45.48 -43.68 -41.69 -39.57 -37.40 -35.24 -32.88 -30.17 -27.26 -24.30 -21.43 -18.81 -16.58 -14.89 -13.77 -13.11 -12.81 -12.77 -12.89 -13.08 -13.24 -13.28 -13.32 -13.51 -13.79 -14.07 -14.30 -14.41 -14.32 -13.96 -13.30 -12.35 -11.21 -9.95
-11.84 -13.68 -15.78 -18.02 -20.26 -22.39 -24.62 -27.17 -29.91 -32.70 -35.40 -37.88 -40.00 -41.63 -42.73 -43.41 -43.77 -43.89 -43.86 -43.78 -43.72 -43.79 -43.88 -43.88 -43.82 -43.74 -43.70 -43.72 -43.84 -44.12 -44.69 -45.57 -46.63 -47.73 -48.72 -49.45 -49.79 -49.60 -48.86 -47.70 -46.21 -44.44 -42.46 -40.34 -38.15 -35.96 -33.56 -30.78 -27.79 -24.74 -21.77 -19.04 -16.71 -14.91 -13.70 -12.94 -12.52 -12.37 -12.38 -12.47 -12.53 -12.48 -12.43 -12.53 -12.71 -12.91 -13.07 -13.12 -13.01 -12.68 -12.08 -11.25 -10.26 -9.17
-13.61 -15.11 -16.85 -18.74 -20.68 -22.56 -24.60 -26.98 -29.56 -32.22 -34.80 -37.17 -39.20 -40.75 -41.79 -42.42 -42.75 -42.85 -42.82 -42.74 -42.70 -42.78 -42.91 -42.94 -42.93 -42.92 -42.94 -43.03 -43.24 -43.60 -44.27 -45.27 -46.46 -47.69 -48.81 -49.66 -50.10 -49.99 -49.31 -48.20 -46.73 -44.97 -43.00 -40.88 -38.68 -36.47 -34.04 -31.23 -28.18 -25.07 -22.03 -19.23 -16.82 -14.95 -13.66 -12.81 -12.31 -12.06 -11.98 -11.97 -11.94 -11.81 -11.67 -11.67 -11.75 -11.86 -11.93 -11.92 -11.78 -11.45 -10.90 -10.17 -9.30 -8.35
-14.47 -15.77 -17.31 -19.00 -20.74 -22.47 -24.37 -26.61 -29.06 -31.59 -34.05 -36.32 -38.26 -39.73 -40.71 -41.30 -41.59 -41.68 -41.64 -41.56 -41.53 -41.64 -41.80 -41.89 -41.95 -42.01 -42.11 -42.29 -42.59 -43.03 -43.79 -44.89 -46.18 -47.51 -48.73 -49.67 -50.19 -50.14 -49.49 -48.41 -46.96 -45.20 -43.23 -41.10 -38.89 -36.67 -34.23 -31.40 -28.34 -25.20 -22.14 -19.31 -16.86 -14.96 -13.62 -12.71 -12.14 -11.83 -11.67 -11.59 -11.49 -11.29 -11.07 -10.97 -10.95 -10.95 -10.93 -10.85 -10.66 -10.31 -9.78 -9.11 -8.34 -7.50
-14.64 -15.88 -17.32 -18.91 -20.55 -22.19 -24.00 -26.14 -28.48 -30.89 -33.25 -35.41 -37.25 -38.65 -39.57 -40.10 -40.35 -40.39 -40.32 -40.23 -40.20 -40.33 -40.54 -40.70 -40.84 -41.01 -41.22 -41.50 -41.90 -42.44 -43.29 -44.48 -45.87 -47.30 -48.60 -49.63 -50.22 -50.22 -49.61 -48.55 -47.11 -45.36 -43.39 -41.26 -39.04 -36.83 -34.39 -31.57 -28.52 -25.39 -22.34 -19.50 -17.05 -15.12 -13.75 -12.80 -12.18 -11.81 -11.60 -11.45 -11.28 -11.01 -10.70 -10.50 -10.36 -10.24 -10.11 -9.93 -9.67 -9.29 -8.76 -8.13 -7.40 -6.63
-14.47 -15.69 -17.11 -18.66 -20.26 -21.84 -23.59 -25.64 -27.87 -30.17 -32.40 -34.45 -36.20 -37.51 -38.36 -38.82 -39.00 -38.99 -38.87 -38.75 -38.72 -38.87 -39.12 -39.37 -39.62 -39.91 -40.25 -40.67 -41.19 -41.83 -42.77 -44.06 -45.54 -47.06 -48.45 -49.55 -50.21 -50.26 -49.70 -48.66 -47.24 -45.50 -43.53 -41.40 -39.19 -36.99 -34.58 -31.79 -28.77 -25.68 -22.65 -19.84 -17.39 -15.46 -14.07 -13.09 -12.43 -12.01 -11.74 -11.53 -11.29 -10.94 -10.54 -10.22 -9.95 -9.70 -9.45 -9.16 -8.81 -8.37 -7.82 -7.18 -6.49 -5.75
-14.00 -15.27 -16.72 -18.27 -19.86 -21.42 -23.12 -25.08 -27.19 -29.36 -31.45 -33.37 -35.00 -36.23 -37.00 -37.39 -37.51 -37.44 -37.28 -37.14 -37.11 -37.28 -37.59 -37.93 -38.30 -38.72 -39.20 -39.76 -40.41 -41.16 -42.19 -43.56 -45.12 -46.71 -48.17 -49.33 -50.04 -50.14 -49.60 -48.59 -47.17 -45.43 -43.46 -41.33 -39.14 -36.96 -34.58 -31.85 -28.89 -25.86 -22.89 -20.13 -17.72 -15.81 -14.41 -13.42 -12.74 -12.29 -11.97 -11.71 -11.41 -10.98 -10.49 -10.05 -9.64 -9.25 -8.86 -8.44 -7.99 -7.48 -6.89 -6.24 -5.54 -4.83
-13.31 -14.68 -16.20 -17.80 -19.41 -20.96 -22.59 -24.45 -26.42 -28.42 -30.35 -32.11 -33.60 -34.73 -35.43 -35.77 -35.83 -35.73 -35.56 -35.41 -35.39 -35.60 -35.98 -36.41 -36.91 -37.46 -38.08 -38.77 -39.54 -40.38 -41.48 -42.92 -44.54 -46.17 -47.67 -48.86 -49.60 -49.72 -49.20 -48.18 -46.75 -45.00 -43.01 -40.88 -38.70 -36.54 -34.22 -31.56 -28.70 -25.76 -22.89 -20.22 -17.88 -16.01 -14.64 -13.66 -12.98 -12.52 -12.18 -11.87 -11.52 -11.03 -10.45 -9.90 -9.35 -8.82 -8.28 -7.73 -7.16 -6.57 -5.93 -5.25 -4.54 -3.82
-12.49 -13.98 -15.60 -17.27 -18.91 -20.45 -22.01 -23.73 -25.52 -27.32 -29.03 -30.60 -31.93 -32.94 -33.58 -33.88 -33.93 -33.83 -33.68 -33.57 -33.60 -33.86 -34.31 -34.84 -35.45 -36.13 -36.88 -37.69 -38.55 -39.47 -40.62 -42.09 -43.72 -45.36 -46.86 -48.05 -48.78 -48.90 -48.36 -47.31 -45.84 -44.04 -42.02 -39.87 -37.68 -35.56 -33.30 -30.74 -28.00 -25.21 -22.47 -19.93 -17.70 -15.91 -14.59 -13.65 -13.01 -12.56 -12.23 -11.91 -11.53 -10.99 -10.34 -9.67 -9.00 -8.32 -7.63 -6.94 -6.26 -5.59 -4.89 -4.17 -3.43 -2.70
-11.59 -13.22 -14.96 -16.71 -18.39 -19.91 -21.37 -22.91 -24.46 -25.99 -27.44 -28.75 -29.88 -30.78 -31.36 -31.66 -31.75 -31.72 -31.65 -31.63 -31.75 -32.08 -32.61 -33.24 -33.95 -34.73 -35.58 -36.48 -37.41 -38.37 -39.53 -40.99 -42.60 -44.20 -45.64 -46.78 -47.46 -47.53 -46.94 -45.82 -44.27 -42.39 -40.30 -38.10 -35.90 -33.80 -31.63 -29.19 -26.61 -24.00 -21.45 -19.09 -17.01 -15.34 -14.11 -13.26 -12.68 -12.29 -12.00 -11.71 -11.33 -10.77 -10.06 -9.30 -8.49 -7.67 -6.84 -6.02 -5.23 -4.47 -3.72 -2.95 -2.19 -1.44
-10.39 -12.21 -14.12 -16.00 -17.74 -19.24 -20.56 -21.83 -23.06 -24.21 -25.29 -26.27 -27.14 -27.88 -28.44 -28.78 -28.98 -29.11 -29.22 -29.38 -29.66 -30.12 -30.75 -31.49 -32.31 -33.20 -34.13 -35.10 -36.08 -37.05 -38.19 -39.59 -41.12 -42.61 -43.94 -44.96 -45.53 -45.49 -44.79 -43.53 -41.83 -39.81 -37.59 -35.29 -33.05 -30.97 -28.89 -26.62 -24.26 -21.90 -19.62 -17.52 -15.67 -14.18 -13.11 -12.40 -11.96 -11.69 -11.49 -11.27 -10.94 -10.40 -9.65 -8.81 -7.89 -6.93 -5.96 -5.00 -4.09 -3.25 -2.44 -1.63 -0.82 -0.04
-8.80 -10.89 -13.03 -15.08 -16.92 -18.40 -19.54 -20.50 -21.30 -21.99 -22.60 -23.16 -23.71 -24.28 -24.82 -25.26 -25.64 -26.00 -26.37 -26.79 -27.30 -27.93 -28.69 -29.56 -30.51 -31.50 -32.53 -33.56 -34.57 -35.54 -36.63 -37.93 -39.32 -40.66 -41.82 -42.66 -43.06 -42.87 -42.00 -40.54 -38.62 -36.38 -33.98 -31.55 -29.22 -27.16 -25.19 -23.14 -21.06 -19.03 -17.09 -15.32 -13.78 -12.54 -11.68 -11.17 -10.93 -10.83 -10.79 -10.70 -10.46 -9.96 -9.20 -8.29 -7.26 -6.16 -5.03 -3.93 -2.90 -1.97 -1.10 -0.22 0.64 1.46
-7.07 -9.45 -11.85 -14.11 -16.06 -17.52 -18.48 -19.09 -19.44 -19.62 -19.71 -19.82 -20.02 -20.41 -20.93 -21.49 -22.08 -22.71 -23.38 -24.10 -24.86 -25.68 -26.58 -27.58 -28.64 -29.74 -30.85 -31.93 -32.95 -33.89 -34.90 -36.08 -37.30 -38.45 -39.40 -40.03 -40.23 -39.85 -38.79 -37.10 -34.94 -32.47 -29.86 -27.27 -24.87 -22.81 -20.98 -19.17 -17.40 -15.72 -14.17 -12.78 -11.58 -10.62 -10.00 -9.73 -9.71 -9.82 -9.96 -10.02 -9.88 -9.44 -8.69 -7.71 -6.57 -5.33 -4.05 -2.80 -1.64 -0.62 0.32 1.27 2.20 3.07
-5.42 -8.09 -10.75 -13.22 -15.28 -16.73 -17.50 -17.77 -17.67 -17.35 -16.95 -16.62 -16.48 -16.68 -17.20 -17.87 -18.67 -19.56 -20.52 -21.52 -22.53 -23.52 -24.55 -25.66 -26.82 -27.99 -29.15 -30.26 -31.28 -32.17 -33.08 -34.11 -35.15 -36.09 -36.81 -37.22 -37.19 -36.64 -35.38 -33.46 -31.07 -28.38 -25.58 -22.86 -20.39 -18.35 -16.66 -15.09 -13.64 -12.33 -11.16 -10.15 -9.30 -8.62 -8.24 -8.21 -8.41 -8.73 -9.04 -9.25 -9.22 -8.84 -8.09 -7.05 -5.80 -4.42 -3.00 -1.60 -0.31 1.40 1.84 2.91 3.89 4.80
-4.09 -7.01 -9.90 -12.54 -14.69 -16.13 -16.75 -16.72 -16.23 -15.48 -14.64 -13.91 -13.47 -13.51 -14.01 -14.77 -15.73 -16.85 -18.05 -19.28 -20.49 -21.61 -22.72 -23.90 -25.12 -26.34 -27.52 -28.62 -29.61 -30.43 -31.24 -32.11 -32.95 -33.67 -34.17 -34.35 -34.13 -33.40 -31.98 -29.88 -27.30 -24.45 -21.51 -18.69 -16.18 -14.19 -12.64 -11.29 -10.14 -9.17 -8.36 -7.70 -7.16 -6.73 -6.57 -6.74 -7.14 -7.63 -8.10 -8.43 -8.48 -8.15 -7.39 -6.28 -4.93 -3.42 -1.85 -0.31 1.11 3.53 2.87 3.18 4.65 6.23
-3.32 -6.41 -9.46 -12.22 -14.44 -15.86 -16.36 -16.11 -15.34 -14.27 -13.12 -12.10 -11.43 -11.34 -11.80 -12.60 -13.66 -14.90 -16.24 -17.61 -18.93 -20.11 -21.24 -22.44 -23.66 -24.87 -26.03 -27.08 -28.00 -28.74 -29.43 -30.14 -30.79 -31.31 -31.61 -31.60 -31.21 -30.35 -28.82 -26.61 -23.94 -21.01 -18.02 -15.18 -12.69 -10.77 -9.35 -8.20 -7.30 -6.61 -6.08 -5.69 -5.40 -5.16 -5.16 -5.48 -6.01 -6.62 -7.18 -7.58 -7.68 -7.36 -6.57 -5.39 -3.94 -2.30 -0.60 1.08 2.62 3.92 3.77 5.76 9.57 11.53
-3.14 -6.34 -9.48 -12.30 -14.54 -15.95 -16.38 -16.01 -15.08 -13.82 -12.48 -11.28 -10.47 -10.27 -10.68 -11.47 -12.55 -13.82 -15.19 -16.59 -17.91 -19.07 -20.16 -21.31 -22.47 -23.61 -24.68 -25.64 -26.45 -27.08 -27.62 -28.16 -28.62 -28.94 -29.04 -28.87 -28.34 -27.38 -25.81 -23.58 -20.92 -18.02 -15.08 -12.31 -9.91 -8.09 -6.80 -5.83 -5.13 -4.65 -4.34 -4.15 -4.03 -3.94 -4.04 -4.45 -5.06 -5.72 -6.33 -6.74 -6.85 -6.51 -5.67 -4.41 -2.85 -1.09 0.74 2.55 4.21 5.61 7.01 5.42 8.19 11.45
-3.37 -6.63 -9.82 -12.67 -14.93 -16.33 -16.72 -16.29 -15.28 -13.92 -13.48 -12.43 -11.36 -9.99 -10.35 -11.09 -12.13 -13.36 -14.70 -16.05 -17.31 -18.40 -19.39 -20.43 -21.47 -22.48 -23.41 -24.23 -24.90 -25.38 -25.75 -26.08 -26.33 -26.43 -26.33 -25.98 -25.32 -24.30 -22.71 -20.53 -17.94 -15.15 -12.34 -9.72 -7.46 -5.78 -4.63 -3.83 -3.30 -3.01 -2.88 -2.85 -2.88 -2.89 -3.07 -3.55 -4.20 -4.89 -5.50 -5.91 -5.99 -5.62 -4.71 -3.37 -1.70 0.18 2.14 4.08 5.86 7.38 6.42 10.88 7.17 6.66
-3.95 -7.22 -10.42 -13.27 -15.53 -16.92 -17.31 -16.86 -15.83 -14.44 1.26 6.42 5.11 -10.33 -10.62 -11.29 -12.25 -13.40 -14.64 -15.88 -17.03 -17.99 -18.85 -19.74 -20.62 -21.46 -22.22 -22.86 -23.35 -23.66 -23.84 -23.96 -23.98 -23.86 -23.56 -23.04 -22.26 -21.18 -19.61 -17.52 -15.07 -12.44 -9.83 -7.39 -5.32 -3.79 -3.38 -2.76 -2.38 -2.24 -2.19 -1.75 -1.89 -1.98 -2.21 -2.72 -3.38 -4.06 -4.66 -5.03 -5.07 -4.64 -3.67 -2.23 -0.45 1.54 3.63 5.69 7.60 9.23 3.76 5.25 6.69 6.93
-4.79 -8.06 -11.22 -14.05 -16.28 -17.67 -18.07 -17.64 -16.62 -15.27 4.61 8.53 5.59 -11.11 -11.32 -11.90 -12.75 -13.77 -14.87 -15.97 -16.97 -17.77 -18.47 -19.18 -19.87 -20.51 -21.07 -21.52 -21.82 -21.95 -21.94 -21.85 -21.65 -21.31 -20.82 -20.15 -19.27 -18.16 -16.63 -14.65 -12.37 -9.95 -7.56 -5.35 -3.35 -1.91 7.24 8.20 8.18 8.16 7.08 -0.81 -1.01 -1.16 -1.41 -1.92 -2.55 -3.20 -3.75 -4.06 -4.03 -3.53 -2.48 -0.95 0.93 3.03 5.23 7.41 9.44 11.02 6.13 8.16 7.09 8.09
