Instances/Lesbos/GMRTv3_3_20170610topo.asc
ncols 644
nrows 446
xllcorner 26.3067626953125
yllcorner 39.140286216515484
cellsize 0.0010986328125
nodata_value -2147483648
[rows 330 to 362 of 446, columns 222 to 295 of 644]
-50.01 -49.63 -49.20 -48.76 -48.28 -47.74 -47.11 -46.35 -45.45 -44.38 -43.08 -41.56 -39.87 -38.07 -36.22 -34.37 -32.58 -30.91 -29.24 -27.49 -25.72 -23.99 -22.37 -20.91 -19.69 -18.76 -18.12 -17.73 -17.54 -17.54 -17.68 -17.93 -18.27 -18.65 -19.27 -20.21 -21.34 -22.53 -23.65 -24.55 -25.11 -25.19 -24.76 -23.94 -22.81 -21.45 -19.95 -18.37 -16.80 -15.31 -13.74 -11.94 -10.01 -8.07 -6.25 -4.65 -3.39 -2.59 -2.34 -2.57 -3.16 -3.97 -4.86 -5.70 -6.36 -6.69 -6.79 -6.80 -6.73 -6.55 -6.27 -5.88 -5.36 -4.72
-50.29 -49.90 -49.46 -49.00 -48.49 -47.93 -47.28 -46.53 -45.65 -44.63 -43.42 -42.02 -40.47 -38.83 -37.14 -35.46 -33.84 -32.33 -30.83 -29.27 -27.69 -26.15 -24.71 -23.42 -22.34 -21.52 -20.97 -20.63 -20.49 -20.50 -20.65 -20.89 -21.21 -21.57 -22.13 -22.99 -24.03 -25.12 -26.13 -26.93 -27.40 -27.41 -26.93 -26.07 -24.91 -23.52 -22.00 -20.41 -18.84 -17.36 -15.81 -14.04 -12.16 -10.28 -8.51 -6.97 -5.75 -4.98 -4.75 -5.01 -5.61 -6.42 -7.32 -8.16 -8.82 -9.17 -9.27 -9.29 -9.21 -9.04 -8.77 -8.38 -7.87 -7.24
-50.52 -50.13 -49.67 -49.19 -48.67 -48.08 -47.43 -46.68 -45.83 -44.86 -43.73 -42.43 -41.01 -39.50 -37.97 -36.44 -34.97 -33.60 -32.26 -30.86 -29.45 -28.09 -26.82 -25.68 -24.73 -24.01 -23.53 -23.25 -23.14 -23.17 -23.32 -23.56 -23.86 -24.19 -24.70 -25.50 -26.45 -27.44 -28.35 -29.06 -29.46 -29.42 -28.92 -28.05 -26.89 -25.52 -24.02 -22.46 -20.92 -19.48 -17.98 -16.27 -14.47 -12.66 -10.97 -9.49 -8.33 -7.60 -7.39 -7.65 -8.24 -9.03 -9.91 -10.74 -11.38 -11.72 -11.82 -11.83 -11.76 -11.59 -11.32 -10.95 -10.46 -9.86
-50.70 -50.30 -49.84 -49.34 -48.80 -48.21 -47.55 -46.82 -46.00 -45.08 -44.03 -42.83 -41.53 -40.16 -38.76 -37.38 -36.06 -34.83 -33.63 -32.39 -31.16 -29.96 -28.85 -27.86 -27.03 -26.41 -26.00 -25.76 -25.68 -25.73 -25.88 -26.10 -26.38 -26.68 -27.15 -27.86 -28.72 -29.60 -30.41 -31.04 -31.37 -31.30 -30.80 -29.96 -28.85 -27.55 -26.12 -24.63 -23.18 -21.81 -20.39 -18.78 -17.08 -15.39 -13.80 -12.41 -11.32 -10.63 -10.43 -10.67 -11.22 -11.97 -12.79 -13.56 -14.16 -14.47 -14.55 -14.54 -14.45 -14.27 -13.99 -13.62 -13.15 -12.57
-50.84 -50.43 -49.96 -49.45 -48.90 -48.30 -47.65 -46.93 -46.14 -45.28 -44.31 -43.21 -42.02 -40.78 -39.52 -38.29 -37.10 -36.01 -34.95 -33.87 -32.79 -31.76 -30.80 -29.95 -29.24 -28.71 -28.36 -28.17 -28.11 -28.16 -28.31 -28.51 -28.76 -29.03 -29.45 -30.08 -30.83 -31.61 -32.32 -32.86 -33.14 -33.05 -32.58 -31.79 -30.76 -29.56 -28.24 -26.87 -25.53 -24.27 -22.96 -21.47 -19.90 -18.34 -16.87 -15.59 -14.58 -13.94 -13.74 -13.95 -14.44 -15.11 -15.85 -16.54 -17.07 -17.33 -17.38 -17.34 -17.22 -17.01 -16.72 -16.34 -15.88 -15.33
-50.95 -50.52 -50.04 -49.53 -48.97 -48.37 -47.72 -47.02 -46.27 -45.46 -44.56 -43.56 -42.48 -41.36 -40.23 -39.13 -38.08 -37.11 -36.19 -35.25 -34.32 -33.44 -32.63 -31.91 -31.31 -30.86 -30.57 -30.41 -30.37 -30.43 -30.56 -30.75 -30.97 -31.20 -31.56 -32.11 -32.77 -33.44 -34.05 -34.51 -34.74 -34.65 -34.21 -33.50 -32.58 -31.50 -30.31 -29.09 -27.88 -26.74 -25.55 -24.21 -22.79 -21.37 -20.04 -18.87 -17.94 -17.35 -17.15 -17.31 -17.74 -18.32 -18.96 -19.55 -20.00 -20.20 -20.20 -20.12 -19.96 -19.72 -19.41 -19.03 -18.58 -18.06
-51.01 -50.58 -50.09 -49.57 -49.01 -48.41 -47.77 -47.09 -46.37 -45.61 -44.78 -43.87 -42.89 -41.89 -40.88 -39.90 -38.97 -38.12 -37.31 -36.51 -35.72 -34.98 -34.29 -33.69 -33.19 -32.81 -32.57 -32.44 -32.41 -32.47 -32.59 -32.75 -32.95 -33.15 -33.46 -33.93 -34.49 -35.07 -35.59 -35.98 -36.16 -36.07 -35.69 -35.06 -34.25 -33.30 -32.27 -31.19 -30.12 -29.11 -28.06 -26.86 -25.59 -24.32 -23.13 -22.08 -21.24 -20.69 -20.49 -20.61 -20.95 -21.43 -21.96 -22.45 -22.81 -22.95 -22.91 -22.79 -22.60 -22.33 -22.00 -21.62 -21.18 -20.70
-51.05 -50.60 -50.11 -49.58 -49.02 -48.42 -47.79 -47.13 -46.44 -45.73 -44.96 -44.13 -43.25 -42.35 -41.45 -40.58 -39.76 -39.01 -38.31 -37.62 -36.95 -36.32 -35.75 -35.25 -34.83 -34.52 -34.31 -34.21 -34.19 -34.24 -34.35 -34.49 -34.66 -34.84 -35.10 -35.50 -35.98 -36.47 -36.91 -37.24 -37.39 -37.31 -36.97 -36.43 -35.74 -34.92 -34.02 -33.09 -32.16 -31.28 -30.35 -29.29 -28.17 -27.05 -25.98 -25.04 -24.29 -23.78 -23.58 -23.66 -23.92 -24.31 -24.74 -25.12 -25.40 -25.48 -25.40 -25.25 -25.03 -24.75 -24.41 -24.03 -23.61 -23.16
-51.06 -50.60 -50.10 -49.57 -49.00 -48.41 -47.79 -47.14 -46.49 -45.81 -45.10 -44.34 -43.54 -42.73 -41.93 -41.15 -40.42 -39.76 -39.15 -38.55 -37.98 -37.45 -36.96 -36.54 -36.19 -35.92 -35.75 -35.66 -35.65 -35.69 -35.78 -35.91 -36.05 -36.21 -36.43 -36.78 -37.19 -37.61 -37.99 -38.28 -38.41 -38.34 -38.05 -37.59 -37.00 -36.30 -35.54 -34.74 -33.94 -33.17 -32.36 -31.44 -30.46 -29.47 -28.54 -27.71 -27.03 -26.57 -26.36 -26.39 -26.59 -26.88 -27.21 -27.50 -27.70 -27.73 -27.62 -27.45 -27.22 -26.93 -26.60 -26.24 -25.84 -25.43
-51.02 -50.55 -50.05 -49.51 -48.95 -48.36 -47.75 -47.13 -46.50 -45.86 -45.20 -44.49 -43.76 -43.03 -42.31 -41.61 -40.96 -40.37 -39.82 -39.29 -38.80 -38.33 -37.92 -37.55 -37.25 -37.02 -36.86 -36.78 -36.76 -36.79 -36.87 -36.97 -37.10 -37.23 -37.43 -37.73 -38.09 -38.46 -38.79 -39.05 -39.18 -39.14 -38.92 -38.55 -38.08 -37.52 -36.90 -36.24 -35.58 -34.95 -34.27 -33.49 -32.66 -31.82 -31.02 -30.30 -29.70 -29.28 -29.07 -29.05 -29.16 -29.35 -29.56 -29.75 -29.86 -29.84 -29.70 -29.51 -29.28 -29.00 -28.69 -28.35 -27.99 -27.61
-50.95 -50.46 -49.95 -49.42 -48.85 -48.28 -47.68 -47.08 -46.48 -45.87 -45.25 -44.60 -43.93 -43.26 -42.60 -41.97 -41.38 -40.85 -40.36 -39.88 -39.44 -39.03 -38.66 -38.33 -38.06 -37.85 -37.70 -37.62 -37.59 -37.61 -37.67 -37.75 -37.85 -37.97 -38.14 -38.41 -38.73 -39.06 -39.36 -39.60 -39.74 -39.74 -39.59 -39.34 -38.99 -38.58 -38.11 -37.62 -37.11 -36.61 -36.07 -35.44 -34.77 -34.08 -33.42 -32.81 -32.31 -31.93 -31.71 -31.62 -31.64 -31.71 -31.80 -31.88 -31.89 -31.81 -31.65 -31.45 -31.22 -30.95 -30.66 -30.36 -30.03 -29.70
-50.85 -50.35 -49.83 -49.29 -48.74 -48.17 -47.59 -47.01 -46.43 -45.86 -45.28 -44.67 -44.05 -43.44 -42.84 -42.26 -41.73 -41.24 -40.79 -40.35 -39.95 -39.58 -39.24 -38.94 -38.69 -38.49 -38.35 -38.26 -38.22 -38.22 -38.25 -38.31 -38.40 -38.50 -38.65 -38.89 -39.17 -39.46 -39.75 -39.98 -40.13 -40.17 -40.11 -39.96 -39.75 -39.48 -39.17 -38.83 -38.47 -38.10 -37.70 -37.22 -36.70 -36.16 -35.64 -35.15 -34.72 -34.38 -34.15 -34.01 -33.93 -33.89 -33.86 -33.82 -33.74 -33.61 -33.43 -33.22 -32.99 -32.74 -32.48 -32.21 -31.93 -31.64
-50.73 -50.22 -49.70 -49.16 -48.61 -48.05 -47.49 -46.93 -46.37 -45.83 -45.28 -44.71 -44.14 -43.58 -43.03 -42.51 -42.02 -41.56 -41.15 -40.75 -40.37 -40.03 -39.71 -39.44 -39.20 -39.01 -38.87 -38.77 -38.71 -38.69 -38.70 -38.74 -38.80 -38.89 -39.02 -39.23 -39.48 -39.75 -40.01 -40.24 -40.41 -40.49 -40.49 -40.44 -40.35 -40.21 -40.04 -39.84 -39.62 -39.38 -39.10 -38.76 -38.38 -37.98 -37.57 -37.19 -36.84 -36.54 -36.30 -36.11 -35.95 -35.80 -35.66 -35.52 -35.37 -35.19 -34.98 -34.77 -34.55 -34.33 -34.09 -33.86 -33.61 -33.36
-50.61 -50.09 -49.57 -49.03 -48.48 -47.93 -47.38 -46.84 -46.30 -45.78 -45.26 -44.74 -44.21 -43.70 -43.20 -42.72 -42.27 -41.86 -41.47 -41.11 -40.76 -40.44 -40.14 -39.88 -39.66 -39.47 -39.33 -39.22 -39.15 -39.11 -39.10 -39.11 -39.16 -39.23 -39.34 -39.52 -39.74 -39.98 -40.21 -40.43 -40.61 -40.72 -40.78 -40.80 -40.81 -40.78 -40.72 -40.64 -40.53 -40.39 -40.21 -39.99 -39.72 -39.43 -39.13 -38.84 -38.55 -38.29 -38.05 -37.82 -37.59 -37.36 -37.14 -36.92 -36.71 -36.49 -36.28 -36.07 -35.86 -35.66 -35.45 -35.24 -35.04 -34.82
-50.50 -49.97 -49.45 -48.91 -48.36 -47.81 -47.27 -46.74 -46.22 -45.72 -45.23 -44.74 -44.27 -43.80 -43.36 -42.93 -42.52 -42.15 -41.79 -41.46 -41.14 -40.84 -40.57 -40.33 -40.11 -39.93 -39.79 -39.67 -39.59 -39.53 -39.50 -39.49 -39.52 -39.56 -39.65 -39.80 -39.98 -40.19 -40.40 -40.59 -40.76 -40.89 -40.98 -41.05 -41.12 -41.16 -41.19 -41.18 -41.15 -41.08 -40.97 -40.82 -40.64 -40.44 -40.21 -39.98 -39.74 -39.51 -39.28 -39.03 -38.76 -38.49 -38.22 -37.96 -37.71 -37.48 -37.26 -37.06 -36.87 -36.68 -36.50 -36.32 -36.14 -35.95
-50.38 -49.85 -49.32 -48.77 -48.22 -47.67 -47.13 -46.60 -46.09 -45.61 -45.15 -44.71 -44.28 -43.87 -43.47 -43.09 -42.73 -42.39 -42.07 -41.76 -41.47 -41.19 -40.94 -40.71 -40.50 -40.33 -40.18 -40.05 -39.95 -39.88 -39.83 -39.80 -39.80 -39.83 -39.89 -40.00 -40.15 -40.32 -40.49 -40.66 -40.81 -40.93 -41.03 -41.12 -41.21 -41.29 -41.35 -41.39 -41.39 -41.36 -41.29 -41.19 -41.05 -40.90 -40.72 -40.53 -40.33 -40.12 -39.90 -39.65 -39.38 -39.10 -38.82 -38.55 -38.29 -38.07 -37.86 -37.68 -37.51 -37.35 -37.19 -37.03 -36.88 -36.71
-50.24 -49.71 -49.17 -48.63 -48.07 -47.51 -46.97 -46.44 -45.94 -45.47 -45.04 -44.64 -44.25 -43.89 -43.54 -43.21 -42.90 -42.59 -42.29 -42.00 -41.72 -41.46 -41.22 -40.99 -40.79 -40.62 -40.46 -40.33 -40.21 -40.12 -40.05 -40.00 -39.98 -39.98 -40.02 -40.10 -40.21 -40.34 -40.48 -40.62 -40.74 -40.84 -40.93 -41.02 -41.11 -41.19 -41.26 -41.30 -41.32 -41.30 -41.24 -41.16 -41.05 -40.91 -40.76 -40.59 -40.41 -40.23 -40.02 -39.79 -39.54 -39.28 -39.02 -38.76 -38.53 -38.32 -38.14 -37.98 -37.84 -37.70 -37.57 -37.44 -37.30 -37.15
-50.10 -49.57 -49.03 -48.48 -47.91 -47.35 -46.80 -46.27 -45.78 -45.32 -44.92 -44.55 -44.20 -43.89 -43.59 -43.30 -43.02 -42.74 -42.46 -42.19 -41.93 -41.67 -41.43 -41.21 -41.01 -40.83 -40.67 -40.52 -40.39 -40.28 -40.19 -40.12 -40.08 -40.05 -40.06 -40.11 -40.19 -40.29 -40.39 -40.50 -40.59 -40.66 -40.73 -40.80 -40.87 -40.94 -41.00 -41.03 -41.04 -41.02 -40.96 -40.88 -40.77 -40.64 -40.49 -40.34 -40.17 -40.01 -39.82 -39.62 -39.40 -39.17 -38.95 -38.73 -38.52 -38.34 -38.19 -38.06 -37.95 -37.84 -37.74 -37.63 -37.51 -37.37
-49.96 -49.43 -48.90 -48.34 -47.77 -47.20 -46.64 -46.11 -45.62 -45.18 -44.80 -44.46 -44.15 -43.88 -43.62 -43.37 -43.12 -42.87 -42.60 -42.34 -42.09 -41.84 -41.60 -41.38 -41.18 -40.99 -40.82 -40.66 -40.52 -40.39 -40.28 -40.19 -40.12 -40.07 -40.06 -40.08 -40.12 -40.18 -40.25 -40.32 -40.39 -40.43 -40.47 -40.52 -40.57 -40.62 -40.65 -40.67 -40.67 -40.63 -40.57 -40.47 -40.36 -40.22 -40.08 -39.93 -39.77 -39.62 -39.46 -39.29 -39.11 -38.92 -38.74 -38.56 -38.40 -38.25 -38.13 -38.03 -37.94 -37.86 -37.78 -37.68 -37.58 -37.44
-49.83 -49.31 -48.78 -48.22 -47.65 -47.08 -46.52 -45.99 -45.51 -45.08 -44.71 -44.40 -44.12 -43.88 -43.65 -43.43 -43.21 -42.97 -42.72 -42.47 -42.22 -41.98 -41.75 -41.52 -41.31 -41.12 -40.94 -40.77 -40.61 -40.47 -40.34 -40.22 -40.13 -40.06 -40.02 -40.01 -40.03 -40.06 -40.10 -40.14 -40.17 -40.19 -40.21 -40.24 -40.27 -40.30 -40.32 -40.32 -40.31 -40.26 -40.19 -40.09 -39.97 -39.83 -39.68 -39.53 -39.39 -39.25 -39.11 -38.97 -38.82 -38.68 -38.53 -38.39 -38.26 -38.15 -38.05 -37.97 -37.90 -37.84 -37.78 -37.70 -37.60 -37.47
-49.72 -49.21 -48.69 -48.13 -47.57 -47.00 -46.45 -45.93 -45.45 -45.03 -44.68 -44.38 -44.13 -43.91 -43.70 -43.50 -43.30 -43.07 -42.83 -42.59 -42.35 -42.11 -41.87 -41.65 -41.44 -41.24 -41.05 -40.87 -40.70 -40.53 -40.38 -40.25 -40.14 -40.05 -39.99 -39.95 -39.94 -39.94 -39.95 -39.96 -39.98 -39.98 -39.99 -40.01 -40.03 -40.06 -40.08 -40.08 -40.06 -40.02 -39.95 -39.85 -39.73 -39.60 -39.46 -39.32 -39.18 -39.05 -38.93 -38.81 -38.69 -38.57 -38.46 -38.34 -38.24 -38.14 -38.05 -37.99 -37.93 -37.88 -37.82 -37.75 -37.65 -37.52
-49.64 -49.14 -48.62 -48.08 -47.53 -46.97 -46.43 -45.92 -45.45 -45.05 -44.70 -44.42 -44.17 -43.96 -43.76 -43.57 -43.37 -43.15 -42.92 -42.68 -42.44 -42.20 -41.97 -41.74 -41.53 -41.32 -41.13 -40.93 -40.74 -40.56 -40.39 -40.24 -40.11 -40.00 -39.92 -39.86 -39.82 -39.79 -39.78 -39.77 -39.77 -39.76 -39.76 -39.79 -39.82 -39.85 -39.88 -39.90 -39.90 -39.86 -39.80 -39.70 -39.59 -39.46 -39.33 -39.20 -39.07 -38.95 -38.85 -38.74 -38.64 -38.54 -38.45 -38.35 -38.26 -38.17 -38.10 -38.03 -37.98 -37.93 -37.87 -37.79 -37.69 -37.56
-49.57 -49.08 -48.58 -48.06 -47.52 -46.98 -46.45 -45.96 -45.50 -45.10 -44.77 -44.48 -44.24 -44.02 -43.82 -43.63 -43.43 -43.21 -42.97 -42.73 -42.49 -42.25 -42.02 -41.79 -41.57 -41.36 -41.15 -40.94 -40.73 -40.53 -40.35 -40.18 -40.02 -39.90 -39.79 -39.71 -39.64 -39.60 -39.56 -39.53 -39.52 -39.50 -39.51 -39.53 -39.58 -39.63 -39.67 -39.71 -39.71 -39.69 -39.63 -39.54 -39.43 -39.31 -39.17 -39.04 -38.92 -38.82 -38.72 -38.64 -38.56 -38.48 -38.40 -38.33 -38.25 -38.17 -38.10 -38.03 -37.97 -37.91 -37.84 -37.76 -37.65 -37.51
-49.51 -49.04 -48.56 -48.05 -47.53 -47.01 -46.51 -46.03 -45.58 -45.19 -44.85 -44.57 -44.32 -44.09 -43.88 -43.68 -43.47 -43.24 -43.00 -42.76 -42.52 -42.28 -42.04 -41.80 -41.58 -41.35 -41.13 -40.91 -40.69 -40.47 -40.27 -40.08 -39.91 -39.76 -39.64 -39.53 -39.45 -39.38 -39.32 -39.28 -39.25 -39.23 -39.23 -39.27 -39.33 -39.39 -39.45 -39.50 -39.53 -39.51 -39.46 -39.37 -39.26 -39.14 -39.01 -38.88 -38.76 -38.66 -38.58 -38.51 -38.45 -38.39 -38.34 -38.28 -38.21 -38.14 -38.07 -38.00 -37.92 -37.85 -37.76 -37.66 -37.54 -37.40
-49.45 -49.00 -48.54 -48.06 -47.56 -47.06 -46.58 -46.11 -45.68 -45.29 -44.96 -44.67 -44.41 -44.17 -43.95 -43.73 -43.50 -43.27 -43.02 -42.77 -42.52 -42.28 -42.04 -41.80 -41.56 -41.33 -41.10 -40.86 -40.63 -40.39 -40.17 -39.96 -39.78 -39.61 -39.47 -39.35 -39.24 -39.15 -39.08 -39.02 -38.98 -38.96 -38.96 -39.01 -39.08 -39.16 -39.24 -39.31 -39.34 -39.34 -39.29 -39.21 -39.10 -38.97 -38.84 -38.71 -38.60 -38.50 -38.44 -38.38 -38.34 -38.30 -38.26 -38.21 -38.16 -38.09 -38.01 -37.93 -37.84 -37.75 -37.65 -37.53 -37.39 -37.24
-49.40 -48.97 -48.53 -48.07 -47.59 -47.12 -46.65 -46.20 -45.78 -45.40 -45.07 -44.77 -44.50 -44.25 -44.01 -43.77 -43.54 -43.29 -43.03 -42.78 -42.53 -42.28 -42.04 -41.79 -41.55 -41.31 -41.07 -40.82 -40.57 -40.32 -40.08 -39.86 -39.65 -39.48 -39.32 -39.18 -39.06 -38.95 -38.86 -38.79 -38.74 -38.71 -38.72 -38.77 -38.85 -38.95 -39.04 -39.12 -39.17 -39.17 -39.13 -39.05 -38.94 -38.82 -38.69 -38.56 -38.45 -38.36 -38.30 -38.26 -38.23 -38.20 -38.17 -38.14 -38.09 -38.02 -37.94 -37.84 -37.74 -37.63 -37.51 -37.37 -37.22 -37.06
-49.34 -48.93 -48.51 -48.07 -47.62 -47.16 -46.72 -46.28 -45.88 -45.51 -45.17 -44.87 -44.59 -44.33 -44.07 -43.82 -43.58 -43.32 -43.06 -42.80 -42.54 -42.29 -42.04 -41.79 -41.55 -41.30 -41.05 -40.79 -40.52 -40.27 -40.02 -39.78 -39.57 -39.38 -39.21 -39.05 -38.92 -38.79 -38.69 -38.61 -38.55 -38.52 -38.52 -38.58 -38.66 -38.76 -38.86 -38.95 -39.01 -39.02 -38.98 -38.90 -38.80 -38.68 -38.56 -38.44 -38.33 -38.25 -38.19 -38.16 -38.13 -38.12 -38.09 -38.06 -38.02 -37.94 -37.85 -37.75 -37.63 -37.50 -37.36 -37.21 -37.05 -36.87
-49.27 -48.88 -48.48 -48.06 -47.63 -47.20 -46.78 -46.36 -45.97 -45.61 -45.28 -44.97 -44.68 -44.41 -44.14 -43.88 -43.62 -43.36 -43.09 -42.83 -42.57 -42.32 -42.06 -41.81 -41.56 -41.31 -41.05 -40.78 -40.51 -40.24 -39.98 -39.73 -39.51 -39.31 -39.13 -38.97 -38.81 -38.68 -38.57 -38.47 -38.41 -38.37 -38.37 -38.42 -38.50 -38.61 -38.71 -38.80 -38.86 -38.88 -38.84 -38.78 -38.68 -38.58 -38.46 -38.35 -38.25 -38.17 -38.12 -38.09 -38.06 -38.04 -38.02 -37.99 -37.93 -37.85 -37.75 -37.63 -37.50 -37.36 -37.20 -37.03 -36.86 -36.67
-49.20 -48.83 -48.45 -48.05 -47.65 -47.24 -46.84 -46.45 -46.07 -45.72 -45.39 -45.08 -44.79 -44.50 -44.22 -43.95 -43.68 -43.41 -43.13 -42.87 -42.60 -42.34 -42.09 -41.83 -41.57 -41.31 -41.05 -40.77 -40.50 -40.22 -39.95 -39.70 -39.47 -39.26 -39.07 -38.90 -38.74 -38.59 -38.47 -38.37 -38.29 -38.24 -38.24 -38.29 -38.37 -38.47 -38.57 -38.66 -38.72 -38.74 -38.71 -38.66 -38.58 -38.48 -38.38 -38.29 -38.20 -38.12 -38.07 -38.03 -38.00 -37.98 -37.94 -37.90 -37.83 -37.74 -37.63 -37.49 -37.34 -37.18 -37.00 -36.82 -36.63 -36.44
-49.12 -48.77 -48.41 -48.04 -47.67 -47.29 -46.91 -46.54 -46.18 -45.84 -45.52 -45.20 -44.90 -44.60 -44.31 -44.02 -43.74 -43.45 -43.17 -42.90 -42.63 -42.37 -42.11 -41.85 -41.59 -41.32 -41.05 -40.77 -40.49 -40.21 -39.93 -39.67 -39.43 -39.22 -39.03 -38.84 -38.68 -38.52 -38.39 -38.28 -38.20 -38.15 -38.14 -38.18 -38.25 -38.34 -38.44 -38.52 -38.59 -38.61 -38.59 -38.55 -38.48 -38.41 -38.32 -38.24 -38.16 -38.09 -38.03 -37.99 -37.95 -37.91 -37.86 -37.80 -37.72 -37.61 -37.48 -37.33 -37.16 -36.98 -36.78 -36.58 -36.38 -36.17
-49.06 -48.72 -48.38 -48.04 -47.69 -47.34 -46.98 -46.64 -46.29 -45.96 -45.64 -45.32 -45.00 -44.69 -44.39 -44.08 -43.79 -43.49 -43.21 -42.93 -42.66 -42.39 -42.12 -41.86 -41.59 -41.32 -41.05 -40.76 -40.48 -40.19 -39.92 -39.65 -39.41 -39.19 -38.99 -38.81 -38.63 -38.47 -38.34 -38.22 -38.13 -38.07 -38.06 -38.09 -38.15 -38.24 -38.33 -38.41 -38.46 -38.49 -38.47 -38.44 -38.39 -38.33 -38.27 -38.20 -38.13 -38.06 -38.00 -37.95 -37.90 -37.84 -37.77 -37.70 -37.60 -37.48 -37.33 -37.16 -36.97 -36.76 -36.55 -36.33 -36.11 -35.90
-49.00 -48.69 -48.37 -48.05 -47.72 -47.39 -47.06 -46.73 -46.40 -46.08 -45.75 -45.43 -45.10 -44.77 -44.45 -44.14 -43.83 -43.52 -43.23 -42.94 -42.67 -42.39 -42.12 -41.85 -41.58 -41.31 -41.03 -40.75 -40.46 -40.17 -39.90 -39.63 -39.39 -39.17 -38.97 -38.78 -38.60 -38.44 -38.30 -38.18 -38.09 -38.03 -38.00 -38.03 -38.08 -38.15 -38.23 -38.30 -38.35 -38.37 -38.37 -38.35 -38.31 -38.27 -38.21 -38.16 -38.09 -38.03 -37.96 -37.90 -37.84 -37.77 -37.68 -37.59 -37.47 -37.33 -37.17 -36.98 -36.77 -36.55 -36.32 -36.08 -35.85 -35.63
-48.97 -48.67 -48.37 -48.07 -47.76 -47.45 -47.13 -46.82 -46.50 -46.18 -45.85 -45.52 -45.18 -44.84 -44.50 -44.17 -43.85 -43.53 -43.23 -42.94 -42.66 -42.38 -42.10 -41.83 -41.56 -41.28 -41.00 -40.72 -40.43 -40.15 -39.87 -39.61 -39.36 -39.15 -38.94 -38.76 -38.58 -38.42 -38.28 -38.16 -38.07 -38.00 -37.97 -37.98 -38.03 -38.09 -38.15 -38.22 -38.26 -38.28 -38.27 -38.26 -38.23 -38.20 -38.15 -38.10 -38.05 -37.98 -37.91 -37.84 -37.77 -37.68 -37.58 -37.47 -37.34 -37.19 -37.01 -36.81 -36.58 -36.35 -36.10 -35.85 -35.61 -35.38
