Instances/Dardanelles/GMRTv3_3_20170610topo.asc
ncols 756
nrows 639
xllcorner 26.28973388671875
yllcorner 40.00279272074258
cellsize 5.4931640625E-4
nodata_value -2147483648
[rows 429 to 461 of 639, columns 148 to 221 of 756]
-65.10 -63.77 -62.40 -61.02 -59.63 -58.24 -56.87 -55.53 -54.23 -52.99 -51.78 -50.56 -49.33 -48.10 -46.87 -45.63 -44.40 -43.17 -41.95 -40.73 -39.53 -38.33 -37.14 -35.97 -34.82 -33.68 -32.57 -31.46 -30.37 -29.29 -28.23 -27.17 -26.12 -25.09 -24.06 -23.03 -22.01 -21.00 -19.98 -18.97 -17.96 -16.95 -15.95 -14.95 -13.96 -12.97 -12.00 -11.02 -10.05 -9.08 -8.12 -7.16 -6.19 -5.23 -4.27 -3.31 -2.34 -1.37 -0.45 0.38 1.15 1.88 2.57 3.26 3.97 4.70 5.49 3.46 5.90 5.83 4.55 6.93 2.89 4.04
-63.61 -62.24 -60.83 -59.41 -57.98 -56.56 -55.16 -53.79 -52.47 -51.22 -49.99 -48.76 -47.53 -46.30 -45.07 -43.85 -42.63 -41.41 -40.20 -39.01 -37.82 -36.64 -35.48 -34.33 -33.20 -32.08 -30.98 -29.89 -28.82 -27.77 -26.72 -25.69 -24.67 -23.65 -22.65 -21.65 -20.66 -19.67 -18.69 -17.71 -16.74 -15.76 -14.80 -13.84 -12.90 -11.98 -11.06 -10.14 -9.23 -8.32 -7.42 -6.51 -5.60 -4.68 -3.75 -2.81 -1.86 -0.90 0.02 0.87 1.65 2.40 3.12 3.84 4.58 5.36 6.20 4.90 7.85 8.84 6.86 4.99 4.00 4.03
-61.87 -60.46 -59.03 -57.59 -56.14 -54.70 -53.29 -51.92 -50.59 -49.33 -48.10 -46.87 -45.65 -44.43 -43.22 -42.02 -40.82 -39.63 -38.45 -37.28 -36.12 -34.97 -33.84 -32.71 -31.61 -30.51 -29.43 -28.36 -27.31 -26.27 -25.24 -24.23 -23.22 -22.23 -21.24 -20.26 -19.29 -18.33 -17.37 -16.42 -15.47 -14.53 -13.60 -12.69 -11.80 -10.93 -10.07 -9.22 -8.37 -7.53 -6.68 -5.83 -4.96 -4.09 -3.20 -2.29 -1.35 -0.39 0.54 1.39 2.20 2.97 3.72 4.48 5.26 6.20 6.13 7.14 9.97 9.90 8.97 5.00 3.79 2.91
-59.89 -58.48 -57.04 -55.59 -54.14 -52.70 -51.29 -49.92 -48.60 -47.34 -46.12 -44.91 -43.71 -42.51 -41.33 -40.16 -38.99 -37.84 -36.70 -35.56 -34.44 -33.32 -32.22 -31.13 -30.05 -28.98 -27.92 -26.87 -25.83 -24.81 -23.79 -22.79 -21.79 -20.81 -19.84 -18.87 -17.91 -16.97 -16.03 -15.10 -14.18 -13.26 -12.37 -11.51 -10.67 -9.86 -9.06 -8.27 -7.48 -6.70 -5.91 -5.12 -4.31 -3.47 -2.62 -1.73 -0.81 0.15 1.09 1.96 2.78 3.58 4.37 5.17 6.20 3.92 3.27 7.07 8.46 8.46 7.46 4.93 3.43 3.49
-57.73 -56.31 -54.88 -53.43 -52.00 -50.57 -49.18 -47.82 -46.52 -45.27 -44.07 -42.88 -41.71 -40.55 -39.41 -38.27 -37.15 -36.04 -34.94 -33.85 -32.76 -31.69 -30.63 -29.57 -28.52 -27.48 -26.44 -25.41 -24.39 -23.38 -22.37 -21.37 -20.39 -19.41 -18.44 -17.49 -16.54 -15.61 -14.68 -13.77 -12.87 -11.98 -11.12 -10.31 -9.52 -8.76 -8.02 -7.29 -6.57 -5.85 -5.12 -4.38 -3.62 -2.83 -2.01 -1.15 -0.25 0.71 1.67 2.56 3.41 4.24 5.06 5.99 4.13 3.70 4.91 6.16 7.15 7.15 6.09 5.90 4.91 4.91
-55.41 -54.00 -52.58 -51.16 -49.74 -48.34 -46.97 -45.64 -44.36 -43.14 -41.96 -40.81 -39.67 -38.55 -37.45 -36.36 -35.29 -34.23 -33.17 -32.13 -31.10 -30.07 -29.05 -28.03 -27.02 -26.00 -24.99 -23.98 -22.97 -21.97 -20.97 -19.99 -19.00 -18.03 -17.07 -16.12 -15.18 -14.25 -13.34 -12.45 -11.57 -10.70 -9.88 -9.10 -8.36 -7.66 -6.97 -6.31 -5.65 -4.99 -4.32 -3.63 -2.92 -2.17 -1.39 -0.55 0.35 1.31 2.28 3.19 4.07 4.95 5.64 5.17 6.23 5.28 4.99 4.94 5.83 5.94 6.00 5.89 5.00 5.11
-52.97 -51.58 -50.18 -48.79 -47.40 -46.03 -44.69 -43.39 -42.14 -40.96 -39.81 -38.69 -37.60 -36.53 -35.47 -34.44 -33.42 -32.41 -31.41 -30.42 -29.44 -28.46 -27.49 -26.51 -25.53 -24.55 -23.56 -22.57 -21.58 -20.59 -19.61 -18.62 -17.65 -16.68 -15.72 -14.77 -13.84 -12.92 -12.02 -11.14 -10.28 -9.44 -8.64 -7.90 -7.21 -6.56 -5.93 -5.32 -4.72 -4.12 -3.50 -2.87 -2.20 -1.50 -0.74 0.08 0.97 1.93 2.92 3.85 4.90 4.79 5.41 7.19 7.12 7.25 5.52 5.06 4.99 6.12 6.06 4.82 4.83 5.89
-50.44 -49.08 -47.71 -46.34 -44.99 -43.66 -42.36 -41.10 -39.89 -38.73 -37.63 -36.55 -35.50 -34.48 -33.48 -32.50 -31.54 -30.59 -29.65 -28.71 -27.79 -26.86 -25.93 -25.00 -24.06 -23.12 -22.16 -21.19 -20.22 -19.24 -18.26 -17.29 -16.32 -15.35 -14.40 -13.46 -12.53 -11.62 -10.72 -9.86 -9.01 -8.19 -7.43 -6.73 -6.08 -5.47 -4.90 -4.34 -3.80 -3.25 -2.69 -2.10 -1.48 -0.80 -0.07 0.73 1.61 2.58 3.58 4.53 3.30 3.91 6.02 6.18 6.25 5.35 5.20 4.18 4.25 4.42 5.25 6.58 7.26 8.20
-47.85 -46.52 -45.19 -43.86 -42.55 -41.26 -40.00 -38.78 -37.61 -36.49 -35.42 -34.39 -33.40 -32.43 -31.48 -30.56 -29.65 -28.76 -27.88 -27.01 -26.14 -25.27 -24.39 -23.51 -22.61 -21.70 -20.77 -19.82 -18.87 -17.91 -16.94 -15.98 -15.02 -14.06 -13.11 -12.17 -11.25 -10.35 -9.47 -8.61 -7.79 -6.99 -6.25 -5.58 -4.98 -4.42 -3.89 -3.38 -2.89 -2.39 -1.87 -1.33 -0.74 -0.10 0.60 1.39 2.27 3.25 4.27 5.10 4.03 5.03 6.00 6.00 5.01 5.05 5.00 4.00 2.97 2.96 4.01 8.08 11.20 13.23
-45.25 -43.95 -42.65 -41.36 -40.09 -38.84 -37.63 -36.45 -35.32 -34.24 -33.22 -32.23 -31.28 -30.37 -29.48 -28.62 -27.77 -26.94 -26.12 -25.31 -24.49 -23.68 -22.85 -22.02 -21.16 -20.29 -19.39 -18.47 -17.54 -16.60 -15.65 -14.70 -13.75 -12.80 -11.86 -10.94 -10.03 -9.13 -8.27 -7.42 -6.61 -5.84 -5.13 -4.49 -3.92 -3.40 -2.91 -2.45 -2.00 -1.54 -1.07 -0.56 -0.01 0.61 1.29 2.07 2.94 3.93 4.15 3.25 4.00 5.05 5.68 6.05 6.44 5.98 5.32 3.91 2.91 3.27 5.75 9.80 13.56 16.24
-42.67 -41.39 -40.13 -38.88 -37.65 -36.44 -35.27 -34.13 -33.04 -32.00 -31.02 -30.07 -29.18 -28.31 -27.48 -26.68 -25.89 -25.12 -24.36 -23.61 -22.85 -22.09 -21.32 -20.53 -19.72 -18.88 -18.02 -17.13 -16.23 -15.31 -14.38 -13.45 -12.52 -11.59 -10.66 -9.75 -8.85 -7.98 -7.12 -6.30 -5.51 -4.75 -4.06 -3.46 -2.92 -2.43 -1.98 -1.56 -1.14 -0.72 -0.28 0.20 0.73 1.32 1.99 2.76 3.63 4.73 2.94 3.29 4.15 4.33 4.30 5.19 6.96 7.40 6.70 5.40 4.40 5.36 7.66 11.06 13.29 18.10
-40.13 -38.88 -37.65 -36.43 -35.24 -34.07 -32.93 -31.84 -30.79 -29.78 -28.84 -27.94 -27.09 -26.27 -25.50 -24.75 -24.02 -23.31 -22.61 -21.91 -21.21 -20.50 -19.78 -19.04 -18.28 -17.48 -16.65 -15.80 -14.93 -14.04 -13.14 -12.23 -11.32 -10.41 -9.51 -8.62 -7.74 -6.89 -6.06 -5.25 -4.48 -3.75 -3.08 -2.50 -1.99 -1.53 -1.11 -0.72 -0.33 0.07 0.49 0.94 1.45 2.03 2.69 3.46 4.34 4.00 3.00 3.00 2.00 3.00 3.00 6.01 8.01 9.01 8.01 7.01 6.01 8.01 10.00 11.00 13.00 18.00
-37.67 -36.44 -35.23 -34.04 -32.88 -31.74 -30.64 -29.58 -28.56 -27.59 -26.68 -25.82 -25.01 -24.25 -23.52 -22.82 -22.15 -21.49 -20.85 -20.21 -19.56 -18.91 -18.24 -17.55 -16.83 -16.08 -15.29 -14.47 -13.64 -12.79 -11.92 -11.05 -10.17 -9.29 -8.42 -7.56 -6.71 -5.88 -5.07 -4.29 -3.55 -2.84 -2.19 -1.63 -1.14 -0.71 -0.31 0.07 0.44 0.82 1.22 1.66 2.16 2.74 3.69 5.90 6.63 5.31 3.54 2.97 2.21 3.48 5.86 9.17 11.17 11.86 11.97 11.00 9.49 8.77 10.24 10.10 13.17 18.48
-35.12 -33.92 -32.73 -31.57 -30.44 -29.34 -28.27 -27.24 -26.26 -25.33 -24.45 -23.64 -22.87 -22.16 -21.49 -20.84 -20.23 -19.63 -19.05 -18.46 -17.88 -17.28 -16.67 -16.04 -15.37 -14.66 -13.92 -13.15 -12.37 -11.56 -10.74 -9.91 -9.08 -8.24 -7.41 -6.59 -5.78 -4.98 -4.21 -3.46 -2.74 -2.05 -1.43 -0.89 -0.41 0.01 0.39 0.76 1.12 1.49 1.89 2.34 2.84 3.35 6.30 8.78 8.88 6.77 5.09 3.58 4.20 6.24 10.01 13.40 15.55 16.15 15.43 13.86 9.97 8.46 11.62 12.92 15.84 21.24
-32.43 -31.25 -30.09 -28.96 -27.86 -26.80 -25.77 -24.78 -23.84 -22.95 -22.11 -21.35 -20.64 -19.98 -19.37 -18.79 -18.24 -17.70 -17.19 -16.67 -16.15 -15.63 -15.08 -14.50 -13.90 -13.25 -12.56 -11.85 -11.11 -10.36 -9.60 -8.83 -8.05 -7.27 -6.49 -5.71 -4.95 -4.19 -3.46 -2.74 -2.05 -1.39 -0.78 -0.26 0.20 0.62 1.00 1.36 1.73 2.10 2.51 2.96 3.48 4.91 7.96 9.06 7.12 6.08 4.97 4.90 6.92 8.89 11.99 15.05 15.11 16.11 16.04 13.08 10.93 10.92 12.99 14.96 18.95 23.95
-29.64 -28.49 -27.36 -26.26 -25.20 -24.17 -23.19 -22.24 -21.34 -20.49 -19.71 -18.99 -18.34 -17.74 -17.19 -16.68 -16.20 -15.74 -15.29 -14.85 -14.40 -13.95 -13.47 -12.96 -12.42 -11.83 -11.20 -10.55 -9.88 -9.20 -8.50 -7.79 -7.07 -6.35 -5.63 -4.91 -4.19 -3.49 -2.79 -2.12 -1.46 -0.82 -0.23 0.28 0.73 1.15 1.53 1.90 2.28 2.67 3.09 3.56 4.21 6.30 7.85 6.67 5.72 5.14 6.09 6.95 6.79 9.51 10.37 11.25 12.53 13.67 14.74 11.93 12.09 11.04 11.76 14.85 17.60 22.64
-26.79 -25.66 -24.57 -23.51 -22.48 -21.50 -20.56 -19.66 -18.80 -18.00 -17.26 -16.60 -16.00 -15.47 -14.99 -14.55 -14.14 -13.75 -13.38 -13.01 -12.64 -12.26 -11.86 -11.42 -10.94 -10.42 -9.86 -9.27 -8.67 -8.05 -7.42 -6.78 -6.13 -5.48 -4.82 -4.16 -3.50 -2.84 -2.20 -1.56 -0.93 -0.32 0.25 0.75 1.20 1.62 2.01 2.40 2.79 3.20 3.64 4.14 5.13 5.95 5.84 5.94 5.56 5.50 5.38 5.74 6.29 6.56 7.56 8.14 9.71 13.08 14.08 12.00 11.38 9.83 10.39 12.84 14.78 18.67
-23.91 -22.82 -21.76 -20.73 -19.75 -18.81 -17.91 -17.06 -16.25 -15.50 -14.81 -14.20 -13.67 -13.20 -12.79 -12.42 -12.08 -11.77 -11.47 -11.18 -10.89 -10.58 -10.25 -9.89 -9.48 -9.02 -8.52 -8.01 -7.48 -6.93 -6.37 -5.80 -5.22 -4.64 -4.04 -3.45 -2.85 -2.24 -1.64 -1.05 -0.45 0.14 0.69 1.18 1.64 2.06 2.46 2.87 3.28 3.72 4.19 4.79 4.11 5.04 4.98 6.00 5.17 5.04 5.78 8.58 9.64 10.52 11.36 9.35 9.55 11.21 12.43 12.22 11.99 9.77 9.88 11.87 13.93 16.91
-21.05 -19.99 -18.96 -17.98 -17.04 -16.15 -15.30 -14.49 -13.73 -13.02 -12.39 -11.84 -11.37 -10.96 -10.61 -10.31 -10.05 -9.81 -9.59 -9.38 -9.16 -8.93 -8.67 -8.37 -8.04 -7.64 -7.21 -6.76 -6.30 -5.83 -5.34 -4.84 -4.33 -3.82 -3.29 -2.76 -2.21 -1.67 -1.11 -0.55 0.01 0.57 1.11 1.60 2.06 2.49 2.91 3.34 3.78 4.25 4.75 4.05 4.22 3.93 5.11 5.78 3.83 3.93 8.23 11.01 10.82 12.03 16.34 19.02 17.13 11.35 7.74 7.54 9.77 12.20 12.32 14.32 15.48 18.46
-18.25 -17.22 -16.23 -15.29 -14.39 -13.54 -12.74 -11.99 -11.28 -10.61 -10.03 -9.53 -9.12 -8.78 -8.49 -8.26 -8.07 -7.90 -7.75 -7.61 -7.46 -7.30 -7.11 -6.89 -6.62 -6.29 -5.92 -5.54 -5.14 -4.74 -4.32 -3.90 -3.46 -3.01 -2.54 -2.07 -1.58 -1.09 -0.58 -0.06 0.47 1.02 1.54 2.03 2.49 2.94 3.38 3.83 4.31 4.78 5.50 5.92 6.13 4.46 6.01 3.81 2.82 4.40 8.67 9.48 9.32 13.03 17.24 23.22 23.36 13.80 9.31 6.09 9.10 13.92 15.05 17.05 20.06 23.98
-15.53 -14.54 -13.59 -12.69 -11.84 -11.04 -10.29 -9.58 -8.92 -8.30 -7.76 -7.32 -6.96 -6.68 -6.46 -6.29 -6.16 -6.06 -5.98 -5.90 -5.82 -5.73 -5.60 -5.44 -5.23 -4.96 -4.65 -4.33 -4.00 -3.66 -3.31 -2.95 -2.58 -2.19 -1.79 -1.37 -0.94 -0.49 -0.02 0.46 0.97 1.49 2.01 2.50 2.97 3.43 3.90 4.37 4.84 5.70 6.77 8.00 6.14 5.09 6.82 4.68 4.57 5.77 7.23 9.18 10.22 12.74 15.01 17.60 17.46 12.16 11.81 10.03 13.99 15.93 16.11 18.04 22.68 27.72
-12.95 -11.99 -11.09 -10.23 -9.43 -8.67 -7.97 -7.30 -6.69 -6.12 -5.63 -5.23 -4.93 -4.70 -4.53 -4.42 -4.35 -4.31 -4.29 -4.27 -4.25 -4.21 -4.15 -4.04 -3.88 -3.67 -3.41 -3.15 -2.87 -2.59 -2.30 -2.00 -1.69 -1.35 -1.01 -0.64 -0.25 0.15 0.58 1.04 1.52 2.03 2.54 3.03 3.51 3.99 4.47 4.98 6.13 8.07 8.04 5.94 3.93 3.96 6.95 7.17 6.18 7.08 6.02 5.85 6.80 6.68 6.57 7.53 9.70 11.95 13.09 15.24 17.02 14.92 14.96 18.00 23.00 28.01
-10.53 -9.62 -8.75 -7.95 -7.19 -6.48 -5.82 -5.20 -4.63 -4.11 -3.66 -3.31 -3.04 -2.86 -2.74 -2.68 -2.66 -2.67 -2.70 -2.73 -2.76 -2.77 -2.76 -2.70 -2.59 -2.41 -2.20 -1.98 -1.76 -1.53 -1.29 -1.04 -0.77 -0.49 -0.19 0.14 0.49 0.86 1.26 1.69 2.15 2.65 3.15 3.65 4.14 4.63 5.14 5.64 8.15 8.05 7.32 5.23 3.91 4.72 6.29 9.19 9.58 8.07 7.07 5.24 4.76 3.69 2.62 3.93 8.12 10.88 13.76 16.56 15.25 13.88 15.36 18.00 22.69 27.32
-8.33 -7.45 -6.63 -5.87 -5.16 -4.49 -3.88 -3.31 -2.78 -2.29 -1.88 -1.56 -1.34 -1.20 -1.12 -1.10 -1.12 -1.16 -1.23 -1.31 -1.37 -1.42 -1.44 -1.42 -1.35 -1.21 -1.03 -0.85 -0.67 -0.47 -0.27 -0.06 0.17 0.42 0.69 0.98 1.30 1.65 2.03 2.44 2.89 3.38 3.88 4.38 4.88 5.39 6.20 6.83 8.00 7.34 5.20 4.60 5.47 6.06 7.03 8.26 10.18 8.00 6.93 6.77 6.40 5.33 4.25 7.09 10.50 11.81 12.31 12.73 13.20 14.74 16.03 18.00 21.38 25.35
-6.36 -5.53 -4.76 -4.04 -3.38 -2.76 -2.19 -1.66 -1.17 -0.71 -0.33 -0.05 0.15 0.26 0.31 0.31 0.26 0.18 0.09 -0.01 -0.10 -0.18 -0.22 -0.22 -0.17 -0.05 0.10 0.26 0.42 0.59 0.76 0.95 1.16 1.39 1.63 1.91 2.21 2.54 2.91 3.31 3.76 4.24 4.75 5.25 5.76 6.29 3.00 6.00 8.00 6.00 5.00 6.00 6.00 6.00 7.00 8.00 8.00 8.00 8.00 7.00 8.00 8.00 8.01 10.00 11.00 11.00 11.00 12.00 13.00 15.00 16.00 18.00 19.00 23.00
-4.64 -3.86 -3.14 -2.47 -1.85 -1.28 -0.75 -0.26 0.20 0.62 0.98 1.24 1.41 1.51 1.54 1.52 1.46 1.38 1.27 1.16 1.06 0.98 0.92 0.91 0.96 1.06 1.21 1.35 1.50 1.66 1.83 2.01 2.21 2.43 2.67 2.94 3.24 3.57 3.93 4.34 4.78 5.27 5.78 6.30 6.82 7.36 8.21 5.21 6.84 5.50 4.76 4.66 4.93 5.43 7.24 8.20 8.17 8.17 8.20 8.04 8.80 8.00 9.61 8.93 8.82 10.97 11.24 13.04 13.20 14.93 15.93 16.86 17.86 21.35
-3.12 -2.39 -1.72 -1.11 -0.54 -0.02 0.47 0.92 1.34 1.74 2.08 2.32 2.49 2.57 2.60 2.58 2.52 2.43 2.33 2.23 2.13 2.05 2.00 2.00 2.04 2.16 2.30 2.45 2.60 2.77 2.94 3.12 3.33 3.55 3.80 4.07 4.38 4.72 5.09 5.50 5.96 6.46 6.99 7.51 8.05 8.61 9.19 9.99 10.58 3.34 3.31 3.88 4.85 7.66 8.54 10.19 10.76 10.76 10.19 8.50 7.88 7.93 7.84 8.93 9.57 11.64 12.62 13.50 15.12 16.07 17.00 17.93 19.07 20.41
-1.77 -1.10 -0.49 0.07 0.58 1.06 1.50 1.91 2.30 2.68 3.00 3.23 3.39 3.48 3.51 3.49 3.44 3.37 3.28 3.20 3.12 3.06 3.02 3.03 3.10 3.22 3.38 3.54 3.71 3.88 4.07 4.27 4.49 4.73 5.00 5.29 5.61 5.96 6.35 6.78 7.26 7.96 8.32 8.86 9.42 10.00 10.60 11.54 12.26 2.04 3.00 4.95 6.91 8.96 10.85 12.82 14.77 14.81 12.88 10.88 8.92 8.92 8.92 9.92 10.89 11.94 13.89 15.81 18.80 19.74 21.69 23.65 22.67 22.75
-0.58 0.03 0.59 1.09 1.54 1.97 2.36 2.74 3.10 3.45 3.76 3.99 4.14 3.76 3.80 3.80 4.25 4.20 4.14 4.08 4.03 3.99 3.99 4.02 4.11 4.25 4.43 4.62 4.81 5.01 5.22 5.44 5.69 5.95 6.24 6.68 5.67 6.16 6.50 7.05 7.45 2.65 8.36 10.50 11.10 9.79 10.48 2.41 1.28 1.96 2.96 4.96 7.18 9.16 13.32 16.39 18.21 17.32 14.44 12.42 10.40 10.21 10.40 11.40 13.26 14.44 16.63 19.51 21.44 24.58 26.76 28.95 30.06 29.36
0.49 1.04 1.53 1.97 2.37 2.77 3.14 3.57 3.92 4.28 4.59 4.62 4.78 1.95 1.94 1.94 4.97 4.95 4.92 4.89 4.87 4.87 4.90 4.97 5.08 5.26 5.46 5.67 5.89 6.12 6.36 6.62 6.89 7.19 7.97 4.45 1.16 2.26 2.17 3.27 3.24 3.55 2.63 6.76 7.03 2.46 3.55 3.48 2.96 2.90 3.90 6.03 7.92 10.54 14.06 17.19 18.07 18.12 16.05 14.53 13.08 11.95 13.08 14.01 15.50 17.56 20.62 22.56 24.56 27.56 30.68 33.74 35.22 36.27
1.45 1.93 2.36 2.74 3.12 3.00 3.04 2.18 2.22 2.25 2.29 5.35 5.53 1.05 1.11 1.05 5.83 5.61 5.62 5.63 5.65 5.69 5.76 5.86 6.01 6.22 6.45 6.70 6.95 7.21 7.49 7.78 8.09 8.42 2.60 1.89 2.85 2.95 3.90 3.95 4.01 4.01 2.95 2.86 2.86 3.84 3.95 4.90 5.69 6.53 7.64 7.86 9.78 11.96 14.05 15.22 17.11 17.05 16.78 16.68 15.69 15.58 15.69 17.64 19.65 21.59 24.54 26.48 28.48 31.54 33.65 36.65 39.60 41.44
2.33 2.61 2.94 3.35 2.88 2.89 2.89 2.00 2.00 2.00 2.00 1.82 1.80 2.06 1.11 2.05 1.79 5.83 5.75 5.81 6.38 6.46 5.90 6.15 6.31 6.41 7.41 7.69 7.97 7.41 7.79 8.08 8.38 8.83 3.04 3.15 4.14 4.14 4.10 5.05 4.10 4.10 4.15 4.15 4.15 5.05 5.05 5.21 8.33 10.27 9.06 8.95 9.89 10.85 12.72 14.90 16.89 18.05 19.22 19.21 18.31 18.18 18.29 19.24 21.24 24.30 28.36 31.52 33.63 35.56 37.56 40.46 42.40 45.57
3.21 2.41 2.38 2.98 1.93 1.93 1.93 2.00 2.00 2.00 2.00 1.94 2.45 1.94 2.07 2.45 2.45 2.79 2.17 1.72 7.40 7.53 1.09 1.69 1.68 1.05 8.74 9.13 9.42 0.92 1.96 1.94 2.37 2.96 3.90 4.46 5.97 5.97 5.46 5.39 5.46 5.46 5.46 5.46 5.52 5.39 5.34 7.53 10.13 11.12 9.06 7.93 8.93 9.42 11.32 13.48 15.99 18.57 20.12 20.52 20.92 20.64 21.71 22.15 24.26 27.32 30.87 35.44 38.45 40.90 42.90 44.38 46.84 50.45
