Instances/Dardanelles/GMRTv3_3_20170610topo.asc
ncols 756
nrows 639
xllcorner 26.28973388671875
yllcorner 40.00279272074258
cellsize 5.4931640625E-4
nodata_value -2147483648
[rows 561 to 593 of 639, columns 0 to 73 of 756]
-68.12 -68.14 -68.15 -68.17 -68.19 -68.21 -68.23 -68.25 -68.27 -68.29 -68.31 -68.33 -68.36 -68.39 -68.42 -68.46 -68.51 -68.56 -68.61 -68.65 -68.68 -68.70 -68.72 -68.73 -68.73 -68.73 -68.73 -68.71 -68.69 -68.66 -68.61 -68.56 -68.49 -68.42 -68.34 -68.27 -68.20 -68.13 -68.07 -68.02 -67.97 -67.92 -67.87 -67.81 -67.74 -67.66 -67.57 -67.48 -67.39 -67.87 -67.81 -67.72 -67.61 -67.45 -67.23 -66.93 -66.54 -66.04 -65.42 -64.66 -63.75 -62.67 -61.41 -59.96 -58.35 -56.59 -54.71 -52.72 -50.64 -48.49 -46.29 -44.04 -41.78 -39.52
-68.39 -68.41 -68.42 -68.43 -68.45 -68.46 -68.48 -68.50 -68.51 -68.53 -68.55 -68.57 -68.59 -68.62 -68.65 -68.69 -68.74 -68.78 -68.83 -68.87 -68.90 -68.91 -68.92 -68.92 -68.92 -68.90 -68.88 -68.85 -68.82 -68.77 -68.72 -68.65 -68.57 -68.49 -68.40 -68.31 -68.23 -68.15 -68.07 -68.01 -67.94 -67.88 -67.81 -67.73 -67.64 -67.55 -67.44 -67.34 -67.23 -67.64 -67.54 -67.41 -67.26 -67.05 -66.78 -66.44 -65.99 -65.44 -64.76 -63.95 -62.97 -61.83 -60.50 -58.97 -57.28 -55.43 -53.45 -51.36 -49.18 -46.93 -44.63 -42.29 -39.95 -37.60
-68.65 -68.66 -68.67 -68.68 -68.69 -68.71 -68.72 -68.73 -68.75 -68.76 -68.78 -68.79 -68.81 -68.84 -68.87 -68.90 -68.94 -68.99 -69.03 -69.06 -69.08 -69.09 -69.09 -69.08 -69.06 -69.04 -69.01 -68.97 -68.92 -68.86 -68.79 -68.71 -68.62 -68.53 -68.43 -68.33 -68.23 -68.13 -68.04 -67.96 -67.88 -67.80 -67.71 -67.62 -67.52 -67.40 -67.29 -67.17 -67.04 -67.37 -67.22 -67.05 -66.85 -66.59 -66.27 -65.86 -65.36 -64.75 -64.02 -63.14 -62.10 -60.90 -59.50 -57.90 -56.12 -54.19 -52.12 -49.94 -47.67 -45.33 -42.94 -40.52 -38.09 -35.68
-68.90 -68.91 -68.92 -68.92 -68.93 -68.94 -68.95 -68.96 -68.97 -68.98 -69.00 -69.01 -69.02 -69.04 -69.07 -69.10 -69.14 -69.17 -69.21 -69.23 -69.25 -69.25 -69.24 -69.22 -69.19 -69.15 -69.10 -69.05 -68.99 -68.92 -68.84 -68.75 -68.65 -68.54 -68.42 -68.31 -68.20 -68.09 -67.98 -67.89 -67.79 -67.69 -67.59 -67.49 -67.36 -67.24 -67.10 -66.97 -66.83 -67.06 -66.86 -66.63 -66.37 -66.05 -65.67 -65.20 -64.63 -63.96 -63.16 -62.21 -61.11 -59.84 -58.38 -56.70 -54.85 -52.83 -50.68 -48.41 -46.05 -43.62 -41.15 -38.65 -36.15 -33.68
-69.15 -69.16 -69.16 -69.16 -69.16 -69.17 -69.17 -69.18 -69.19 -69.20 -69.21 -69.22 -69.23 -69.24 -69.26 -69.29 -69.31 -69.34 -69.37 -69.38 -69.39 -69.38 -69.36 -69.32 -69.28 -69.23 -69.18 -69.11 -69.04 -68.95 -68.86 -68.76 -68.64 -68.52 -68.39 -68.26 -68.14 -68.01 -67.90 -67.79 -67.68 -67.52 -67.40 -67.28 -67.15 -67.01 -66.87 -66.72 -66.58 -66.70 -66.44 -66.15 -65.82 -65.43 -64.97 -64.43 -63.79 -63.03 -62.16 -61.14 -59.97 -58.63 -57.10 -55.35 -53.41 -51.31 -49.07 -46.71 -44.27 -41.75 -39.20 -36.63 -34.06 -31.52
-69.39 -69.39 -69.39 -69.38 -69.38 -69.38 -69.39 -69.40 -69.40 -69.41 -69.41 -69.42 -69.42 -69.43 -69.44 -69.46 -69.48 -69.50 -69.51 -69.52 -69.51 -69.49 -69.46 -69.41 -69.36 -69.30 -69.23 -69.15 -69.06 -68.96 -68.86 -68.74 -68.61 -68.48 -68.34 -68.20 -68.06 -67.92 -67.79 -67.66 -67.54 -68.13 -68.01 -67.84 -67.63 -67.36 -67.08 -66.80 -66.53 -66.31 -65.98 -65.61 -65.20 -64.73 -64.19 -63.56 -62.84 -62.00 -61.04 -59.95 -58.70 -57.29 -55.68 -53.85 -51.83 -49.65 -47.32 -44.87 -42.34 -39.75 -37.11 -34.47 -31.84 -29.25
-69.62 -69.61 -69.61 -69.60 -69.59 -69.59 -69.59 -69.59 -69.60 -69.60 -69.60 -69.60 -69.60 -69.60 -69.61 -69.61 -69.62 -69.63 -69.63 -69.63 -69.61 -69.58 -69.53 -69.47 -69.41 -69.33 -69.24 -69.15 -69.05 -68.94 -68.82 -68.69 -68.55 -68.40 -68.25 -68.10 -67.94 -67.79 -67.65 -67.51 -67.37 -68.32 -68.19 -67.99 -67.72 -67.38 -67.00 -66.64 -66.27 -65.88 -65.47 -65.03 -64.53 -63.97 -63.33 -62.62 -61.80 -60.88 -59.83 -58.65 -57.33 -55.85 -54.16 -52.26 -50.15 -47.88 -45.46 -42.93 -40.32 -37.64 -34.93 -32.22 -29.53 -26.89
-69.84 -69.83 -69.81 -69.80 -69.79 -69.78 -69.77 -69.77 -69.77 -69.77 -69.76 -69.76 -69.75 -69.74 -69.74 -69.73 -69.73 -69.73 -69.72 -69.70 -69.67 -69.62 -69.57 -69.50 -69.42 -69.33 -69.23 -69.12 -69.01 -68.89 -68.75 -68.61 -68.46 -68.30 -68.13 -67.97 -67.80 -67.64 -67.48 -67.32 -67.17 -68.22 -68.07 -67.85 -67.55 -67.17 -66.74 -66.32 -65.88 -65.42 -64.93 -64.40 -63.81 -63.15 -62.42 -61.61 -60.70 -59.68 -58.54 -57.28 -55.87 -54.32 -52.56 -50.58 -48.39 -46.03 -43.53 -40.92 -38.22 -35.47 -32.69 -29.91 -27.16 -24.48
-70.04 -70.03 -70.01 -69.99 -69.97 -69.95 -69.94 -69.93 -69.92 -69.91 -69.90 -69.88 -69.87 -69.85 -69.83 -69.82 -69.80 -69.79 -69.76 -69.73 -69.69 -69.63 -69.56 -69.48 -69.38 -69.28 -69.17 -69.05 -68.92 -68.79 -68.64 -68.49 -68.33 -68.15 -67.98 -67.80 -67.62 -67.44 -67.27 -67.10 -66.93 -68.09 -67.93 -67.69 -67.36 -66.94 -66.46 -65.97 -65.47 -64.93 -64.35 -63.73 -63.05 -62.30 -61.47 -60.56 -59.55 -58.43 -57.21 -55.85 -54.37 -52.74 -50.91 -48.85 -46.58 -44.14 -41.56 -38.87 -36.09 -33.27 -30.42 -27.58 -24.78 -22.05
-70.24 -70.21 -70.19 -70.16 -70.13 -70.10 -70.08 -70.06 -70.04 -70.02 -70.00 -69.97 -69.94 -69.91 -69.89 -69.86 -69.83 -69.80 -69.77 -69.72 -69.66 -69.59 -69.51 -69.41 -69.31 -69.19 -69.07 -68.93 -68.80 -68.65 -68.49 -68.33 -68.15 -67.97 -67.78 -67.59 -67.40 -67.21 -67.03 -66.84 -66.66 -67.95 -67.77 -67.50 -67.15 -66.68 -66.15 -65.61 -65.03 -64.41 -63.75 -63.03 -62.26 -61.41 -60.48 -59.47 -58.37 -57.16 -55.84 -54.40 -52.83 -51.13 -49.23 -47.09 -44.75 -42.24 -39.58 -36.81 -33.96 -31.07 -28.16 -25.26 -22.42 -19.65
-70.43 -70.39 -70.35 -70.31 -70.28 -70.24 -70.20 -70.17 -70.14 -70.10 -70.07 -70.03 -69.99 -69.94 -69.90 -69.86 -69.82 -69.77 -69.72 -69.66 -69.59 -69.51 -69.41 -69.30 -69.19 -69.07 -68.94 -68.79 -68.64 -68.48 -68.31 -68.14 -67.95 -67.75 -67.55 -67.34 -67.13 -66.93 -66.72 -66.52 -66.32 -67.78 -67.58 -67.29 -66.90 -66.40 -65.82 -65.21 -64.56 -63.87 -63.12 -62.32 -61.45 -60.50 -59.48 -58.37 -57.17 -55.87 -54.46 -52.94 -51.29 -49.52 -47.55 -45.35 -42.93 -40.35 -37.62 -34.78 -31.87 -28.91 -25.95 -23.00 -20.11 -17.31
-70.61 -70.56 -70.51 -70.46 -70.41 -70.36 -70.31 -70.26 -70.21 -70.16 -70.11 -70.05 -70.00 -69.94 -69.88 -69.82 -69.77 -69.71 -69.64 -69.57 -69.49 -69.39 -69.28 -69.16 -69.03 -68.44 -68.29 -68.15 -68.00 -67.86 -67.73 -67.63 -67.55 -67.48 -67.43 -67.37 -67.31 -67.24 -67.16 -67.05 -66.91 -67.59 -67.37 -67.06 -66.63 -66.09 -65.46 -64.79 -64.07 -63.30 -62.48 -61.59 -60.62 -59.59 -58.47 -57.27 -55.98 -54.59 -53.09 -51.49 -49.77 -47.93 -45.90 -43.63 -41.16 -38.50 -35.71 -32.82 -29.85 -26.84 -23.82 -20.83 -17.90 -15.06
-70.77 -70.71 -70.65 -70.59 -70.52 -70.46 -70.40 -70.33 -70.27 -70.20 -70.13 -70.06 -69.98 -69.91 -69.83 -69.76 -69.69 -69.61 -69.53 -69.45 -69.35 -69.24 -69.11 -68.98 -68.83 -67.88 -67.73 -67.58 -67.44 -67.31 -67.22 -67.20 -67.22 -67.28 -67.36 -67.45 -67.54 -67.60 -67.64 -67.62 -67.54 -67.37 -67.13 -66.79 -66.33 -65.75 -65.07 -64.34 -63.56 -62.72 -61.82 -60.84 -59.80 -58.68 -57.47 -56.19 -54.81 -53.33 -51.76 -50.08 -48.29 -46.40 -44.31 -41.98 -39.45 -36.74 -33.90 -30.95 -27.93 -24.87 -21.81 -18.78 -15.81 -12.94
-70.91 -70.85 -70.77 -70.70 -70.62 -70.54 -70.47 -70.39 -70.30 -70.22 -70.13 -70.04 -69.95 -69.85 -69.76 -69.67 -69.59 -69.49 -69.40 -69.29 -69.18 -69.05 -68.92 -68.77 -68.61 -67.82 -67.66 -67.49 -67.34 -67.20 -67.10 -67.06 -67.07 -67.12 -67.19 -67.27 -67.35 -67.40 -67.42 -67.39 -67.29 -67.12 -66.86 -66.49 -66.00 -65.37 -64.65 -63.87 -63.03 -62.12 -61.15 -60.10 -58.98 -57.78 -56.50 -55.13 -53.68 -52.13 -50.48 -48.74 -46.89 -44.93 -42.79 -40.42 -37.83 -35.08 -32.20 -29.21 -26.15 -23.05 -19.96 -16.89 -13.89 -10.99
-71.03 -70.95 -70.87 -70.78 -70.69 -70.60 -70.51 -70.42 -70.32 -70.22 -70.11 -70.00 -69.89 -69.79 -69.68 -69.57 -69.46 -69.36 -69.24 -69.12 -68.99 -68.85 -68.69 -68.53 -68.36 -67.77 -67.59 -67.42 -67.25 -67.09 -66.98 -66.93 -66.93 -66.97 -67.03 -67.09 -67.15 -67.19 -67.19 -67.14 -67.03 -66.83 -66.54 -66.15 -65.62 -64.96 -64.20 -63.37 -62.47 -61.51 -60.47 -59.36 -58.17 -56.91 -55.56 -54.12 -52.60 -50.99 -49.28 -47.48 -45.57 -43.57 -41.39 -38.97 -36.35 -33.57 -30.65 -27.63 -24.54 -21.42 -18.29 -15.20 -12.17 -9.25
-71.12 -71.03 -70.94 -70.85 -70.75 -70.64 -70.54 -70.43 -70.32 -70.20 -70.08 -69.95 -69.83 -69.70 -69.57 -69.45 -69.33 -69.20 -69.07 -68.93 -68.78 -68.62 -68.45 -68.27 -68.08 -67.77 -67.59 -67.40 -67.22 -67.05 -66.92 -66.85 -66.84 -66.86 -66.90 -66.95 -66.99 -67.00 -66.98 -66.91 -66.76 -66.54 -66.22 -65.79 -65.24 -64.54 -63.73 -62.86 -61.92 -60.90 -59.81 -58.65 -57.41 -56.08 -54.68 -53.19 -51.61 -49.94 -48.18 -46.33 -44.39 -42.34 -40.12 -37.68 -35.04 -32.23 -29.30 -26.26 -23.16 -20.03 -16.89 -13.78 -10.73 -7.78
-71.18 -71.09 -70.99 -70.89 -70.78 -70.66 -70.55 -70.42 -70.30 -70.16 -70.02 -69.88 -69.74 -69.59 -69.45 -69.31 -69.17 -69.02 -68.87 -68.71 -68.54 -68.36 -68.17 -67.98 -67.77 -67.93 -67.73 -67.54 -67.35 -67.16 -67.01 -66.92 -66.89 -66.88 -66.90 -66.92 -66.93 -66.91 -66.86 -66.75 -66.58 -66.32 -65.97 -65.50 -64.91 -64.17 -63.33 -62.42 -61.43 -60.37 -59.23 -58.02 -56.73 -55.36 -53.90 -52.36 -50.74 -49.03 -47.23 -45.34 -43.36 -41.28 -39.04 -36.58 -33.94 -31.14 -28.21 -25.18 -22.09 -18.96 -15.83 -12.72 -9.66 -6.69
-71.22 -71.12 -71.02 -70.90 -70.79 -70.66 -70.53 -70.40 -70.25 -70.10 -69.95 -69.79 -69.63 -69.47 -69.31 -69.15 -68.98 -69.17 -69.00 -68.82 -68.64 -68.45 -68.25 -68.04 -67.83 -68.21 -68.01 -67.81 -67.60 -67.40 -67.23 -67.12 -67.05 -67.02 -67.00 -66.99 -66.96 -66.91 -66.82 -66.67 -66.46 -66.16 -65.76 -65.26 -64.63 -63.86 -62.98 -62.02 -60.99 -59.89 -58.71 -57.46 -56.12 -54.70 -53.21 -51.63 -49.97 -48.22 -46.39 -44.47 -42.46 -40.36 -38.11 -35.65 -33.02 -30.23 -27.33 -24.33 -21.27 -18.17 -15.06 -11.96 -8.91 -5.93
-71.24 -71.14 -71.02 -70.90 -70.78 -70.64 -70.50 -70.35 -70.19 -70.03 -69.86 -69.68 -69.50 -69.32 -69.14 -68.96 -68.78 -70.09 -69.93 -69.75 -69.58 -69.39 -69.20 -69.01 -68.81 -68.57 -68.36 -68.15 -67.94 -67.72 -67.53 -67.39 -67.29 -67.23 -67.17 -67.12 -67.05 -66.95 -66.82 -66.62 -66.36 -66.02 -65.58 -65.03 -64.36 -63.56 -62.64 -61.65 -60.58 -59.44 -58.22 -56.92 -55.55 -54.10 -52.56 -50.95 -49.26 -47.48 -45.62 -43.68 -41.65 -39.54 -37.28 -34.83 -32.22 -29.47 -26.61 -23.66 -20.64 -17.58 -14.50 -11.43 -8.40 -5.42
-71.24 -71.13 -71.01 -70.88 -70.75 -70.60 -70.45 -70.29 -70.11 -69.93 -69.75 -69.55 -69.36 -69.16 -68.96 -68.76 -68.55 -70.41 -70.26 -70.09 -69.92 -69.75 -69.56 -69.37 -69.17 -68.97 -68.75 -68.53 -68.30 -68.06 -67.85 -67.69 -67.56 -67.45 -67.36 -67.26 -67.15 -67.00 -66.82 -66.57 -66.26 -65.87 -65.39 -64.80 -64.09 -63.24 -62.29 -61.26 -60.16 -58.98 -57.73 -56.39 -54.99 -53.50 -51.94 -50.29 -48.57 -46.77 -44.89 -42.93 -40.89 -38.76 -36.51 -34.08 -31.50 -28.80 -25.98 -23.09 -20.12 -17.11 -14.08 -11.05 -8.03 -5.06
-71.22 -71.10 -70.98 -70.84 -70.70 -70.54 -70.38 -70.20 -70.02 -69.82 -69.62 -69.41 -69.20 -68.98 -68.76 -68.54 -68.31 -70.75 -70.60 -70.45 -70.29 -70.12 -69.94 -69.75 -69.55 -69.34 -69.12 -68.89 -68.65 -68.40 -68.16 -67.97 -67.80 -67.66 -67.52 -67.37 -67.21 -67.02 -66.78 -66.49 -66.13 -65.69 -65.15 -64.52 -63.76 -62.88 -61.90 -60.83 -59.70 -58.49 -57.20 -55.84 -54.40 -52.88 -51.29 -49.63 -47.88 -46.06 -44.16 -42.19 -40.13 -38.00 -35.75 -33.35 -30.81 -28.15 -25.40 -22.56 -19.66 -16.70 -13.72 -10.72 -7.73 -4.76
-71.18 -71.06 -70.92 -70.78 -70.63 -70.46 -70.29 -70.10 -69.90 -69.69 -69.47 -69.25 -69.02 -68.79 -68.55 -68.30 -68.05 -71.03 -70.89 -70.75 -70.60 -70.43 -70.26 -70.07 -69.88 -69.66 -69.44 -69.19 -68.94 -68.66 -68.40 -68.18 -67.98 -67.79 -67.61 -67.42 -67.20 -66.96 -66.67 -66.32 -65.91 -65.42 -64.84 -64.16 -63.37 -62.45 -61.43 -60.34 -59.17 -57.93 -56.61 -55.22 -53.76 -52.22 -50.60 -48.92 -47.15 -45.31 -43.40 -41.41 -39.35 -37.21 -34.97 -32.59 -30.09 -27.49 -24.79 -22.01 -19.17 -16.28 -13.34 -10.38 -7.41 -4.44
-71.12 -70.99 -70.85 -70.70 -70.54 -70.36 -70.17 -69.98 -69.76 -69.54 -69.31 -69.07 -68.83 -68.58 -68.32 -68.05 -67.77 -71.22 -71.10 -70.96 -70.81 -70.65 -70.48 -70.29 -70.09 -69.87 -69.64 -69.38 -69.11 -68.82 -68.53 -68.28 -68.04 -67.81 -67.59 -67.35 -67.08 -66.79 -66.45 -66.05 -65.59 -65.05 -64.42 -63.70 -62.87 -61.92 -60.87 -59.74 -58.55 -57.28 -55.93 -54.52 -53.03 -51.47 -49.83 -48.13 -46.35 -44.50 -42.57 -40.57 -38.50 -36.36 -34.12 -31.76 -29.30 -26.74 -24.10 -21.38 -18.60 -15.76 -12.87 -9.94 -6.99 -4.02
-71.05 -70.91 -70.76 -70.60 -70.43 -70.24 -70.04 -69.83 -69.61 -69.38 -69.13 -68.88 -68.62 -68.35 -68.07 -67.78 -67.48 -71.29 -71.17 -71.03 -70.89 -70.73 -70.55 -70.36 -70.15 -69.93 -69.68 -69.41 -69.12 -68.81 -68.50 -68.21 -67.94 -67.68 -67.40 -67.12 -66.81 -66.46 -66.07 -65.63 -65.12 -64.53 -63.87 -63.10 -62.23 -61.25 -60.17 -59.02 -57.79 -56.50 -55.13 -53.70 -52.19 -50.61 -48.95 -47.23 -45.44 -43.57 -41.63 -39.62 -37.54 -35.39 -33.15 -30.81 -28.38 -25.87 -23.27 -20.61 -17.87 -15.07 -12.22 -9.32 -6.38 -3.40
-70.96 -70.81 -70.65 -70.48 -70.30 -70.10 -69.89 -69.67 -69.44 -69.19 -68.94 -68.67 -68.39 -68.10 -67.80 -67.49 -67.16 -71.20 -71.07 -70.93 -70.78 -70.62 -70.44 -70.24 -70.02 -69.78 -69.52 -69.24 -68.93 -68.59 -68.26 -67.94 -67.64 -67.33 -67.02 -66.69 -66.34 -65.95 -65.51 -65.03 -64.47 -63.85 -63.14 -62.33 -61.43 -60.42 -59.31 -58.13 -56.89 -55.57 -54.18 -52.72 -51.20 -49.60 -47.93 -46.19 -44.38 -42.50 -40.55 -38.53 -36.43 -34.27 -32.03 -29.70 -27.30 -24.81 -22.25 -19.62 -16.92 -14.15 -11.33 -8.44 -5.50 -2.50
-70.84 -70.69 -70.52 -70.34 -70.15 -69.94 -69.72 -69.49 -69.25 -68.99 -68.72 -68.44 -68.15 -67.84 -67.52 -67.18 -66.83 -70.91 -70.77 -70.62 -70.46 -70.29 -70.09 -69.88 -69.65 -69.39 -69.12 -68.81 -68.48 -68.12 -67.76 -67.41 -67.08 -66.74 -66.39 -66.03 -65.63 -65.21 -64.73 -64.20 -63.61 -62.95 -62.20 -61.37 -60.43 -59.39 -58.26 -57.06 -55.79 -54.45 -53.05 -51.57 -50.03 -48.41 -46.73 -44.97 -43.15 -41.25 -39.29 -37.25 -35.14 -32.96 -30.71 -28.38 -25.98 -23.51 -20.97 -18.36 -15.68 -12.93 -10.10 -7.21 -4.26 -1.23
-70.70 -70.54 -70.36 -70.18 -69.97 -69.76 -69.53 -69.29 -69.04 -68.77 -68.49 -68.20 -67.89 -67.57 -67.23 -66.86 -66.49 -70.38 -70.23 -70.06 -69.88 -69.68 -69.47 -69.24 -68.98 -68.71 -68.41 -68.08 -67.73 -67.34 -66.95 -66.58 -66.22 -65.85 -65.47 -65.08 -64.65 -64.19 -63.68 -63.12 -62.50 -61.81 -61.03 -60.17 -59.21 -58.14 -56.99 -55.77 -54.48 -53.12 -51.70 -50.21 -48.65 -47.02 -45.32 -43.55 -41.71 -39.79 -37.81 -35.75 -33.62 -31.42 -29.14 -26.80 -24.40 -21.92 -19.38 -16.76 -14.07 -11.31 -8.48 -5.56 -2.57 0.50
-70.53 -70.37 -70.19 -69.99 -69.78 -69.56 -69.33 -69.08 -68.82 -68.54 -68.25 -67.95 -67.63 -67.29 -66.92 -66.54 -66.14 -69.59 -69.41 -69.22 -69.01 -68.78 -68.54 -68.28 -68.00 -67.70 -67.37 -67.02 -66.64 -66.23 -65.81 -65.42 -65.03 -64.64 -64.23 -63.81 -63.37 -62.88 -62.35 -61.77 -61.12 -60.41 -59.61 -58.73 -57.75 -56.66 -55.48 -54.24 -52.94 -51.56 -50.13 -48.62 -47.04 -45.40 -43.68 -41.90 -40.04 -38.10 -36.10 -34.01 -31.85 -29.61 -27.31 -24.94 -22.50 -20.00 -17.43 -14.78 -12.06 -9.26 -6.38 -3.42 -0.38 2.75
-70.35 -70.17 -69.99 -69.79 -69.58 -69.35 -69.11 -68.85 -68.59 -68.30 -68.01 -67.69 -67.36 -67.00 -66.62 -66.21 -65.78 -68.63 -68.41 -68.18 -67.94 -67.68 -67.41 -67.11 -66.80 -66.47 -66.11 -65.73 -65.32 -64.89 -64.45 -64.03 -63.62 -63.21 -62.79 -62.36 -61.89 -61.39 -60.85 -60.25 -59.59 -58.86 -58.05 -57.15 -56.15 -55.04 -53.85 -52.59 -51.27 -49.89 -48.44 -46.92 -45.33 -43.67 -41.94 -40.13 -38.25 -36.29 -34.25 -32.14 -29.94 -27.66 -25.31 -22.89 -20.41 -17.85 -15.22 -12.52 -9.74 -6.88 -3.93 -0.90 2.22 5.43
-70.14 -69.96 -69.77 -69.57 -69.35 -69.12 -68.87 -68.62 -68.35 -68.06 -67.76 -67.43 -67.09 -66.72 -66.32 -65.89 -65.44 -67.52 -67.27 -67.00 -66.72 -66.42 -66.11 -65.78 -65.43 -65.07 -64.68 -64.27 -63.83 -63.37 -62.91 -62.48 -62.05 -61.63 -61.20 -60.75 -60.28 -59.77 -59.22 -58.62 -57.95 -57.21 -56.39 -55.47 -54.46 -53.34 -52.13 -50.86 -49.53 -48.13 -46.67 -45.14 -43.54 -41.86 -40.12 -38.29 -36.39 -34.40 -32.33 -30.18 -27.94 -25.61 -23.20 -20.72 -18.17 -15.54 -12.84 -10.06 -7.19 -4.24 -1.21 1.92 5.13 8.44
-69.91 -69.38 -69.27 -69.16 -69.04 -68.92 -68.79 -68.65 -68.49 -68.32 -68.14 -67.94 -67.73 -67.50 -67.25 -67.00 -66.74 -66.28 -65.98 -65.67 -65.35 -65.01 -64.65 -64.28 -63.90 -63.49 -63.07 -62.63 -62.17 -61.68 -61.20 -60.75 -60.31 -59.88 -59.44 -58.99 -58.51 -58.00 -57.45 -56.84 -56.17 -55.43 -54.60 -53.68 -52.66 -51.52 -50.30 -49.02 -47.68 -46.27 -44.80 -43.26 -41.65 -39.96 -38.20 -36.36 -34.43 -32.41 -30.31 -28.12 -25.83 -23.44 -20.97 -18.41 -15.78 -13.07 -10.27 -7.39 -4.43 -1.37 1.77 5.01 8.34 11.76
-69.64 -68.81 -68.65 -68.48 -68.30 -68.11 -67.91 -67.70 -67.48 -67.25 -67.00 -66.74 -66.46 -66.17 -65.86 -65.55 -65.23 -64.89 -64.54 -64.18 -63.81 -63.43 -63.03 -62.61 -62.19 -61.74 -61.28 -60.81 -60.31 -59.80 -59.30 -58.84 -58.39 -57.94 -57.50 -57.05 -56.57 -56.07 -55.51 -54.91 -54.24 -53.50 -52.67 -51.75 -50.72 -49.57 -48.34 -47.05 -45.70 -44.29 -42.81 -41.26 -39.64 -37.95 -36.17 -34.31 -32.36 -30.31 -28.17 -25.94 -23.59 -21.15 -18.60 -15.96 -13.24 -10.43 -7.53 -4.54 -1.45 1.72 4.99 8.35 11.81 15.36
-69.34 -68.17 -67.96 -67.74 -67.50 -67.25 -66.99 -66.72 -66.44 -66.14 -65.83 -65.51 -65.18 -64.84 -64.49 -64.12 -63.74 -63.35 -62.95 -62.54 -62.11 -61.68 -61.23 -60.77 -60.29 -59.81 -59.31 -58.80 -58.27 -57.74 -57.22 -56.73 -56.27 -55.82 -55.38 -54.93 -54.46 -53.95 -53.41 -52.81 -52.14 -51.40 -50.58 -49.65 -48.62 -47.46 -46.22 -44.92 -43.57 -42.16 -40.68 -39.12 -37.50 -35.79 -34.00 -32.12 -30.15 -28.08 -25.90 -23.62 -21.23 -18.71 -16.09 -13.37 -10.55 -7.63 -4.61 -1.50 1.71 5.02 8.42 11.92 15.51 19.19
