Instances/Dardanelles/GMRTv3_3_20170610topo.asc
ncols 756
nrows 639
xllcorner 26.28973388671875
yllcorner 40.00279272074258
cellsize 5.4931640625E-4
nodata_value -2147483648
[rows 429 to 461 of 639, columns 0 to 73 of 756]
53.60 51.47 52.30 57.01 64.09 71.30 78.98 84.72 88.02 85.87 77.02 61.19 45.10 30.69 22.78 19.27 18.40 18.56 20.31 22.77 24.79 27.79 31.77 39.18 49.27 61.43 75.00 87.78 97.73 104.16 109.32 114.91 120.63 123.73 121.77 116.06 108.25 103.10 100.50 102.93 110.53 121.63 132.48 138.30 143.40 147.13 151.55 155.00 156.70 157.61 157.45 157.22 159.79 163.76 170.04 173.54 174.62 173.91 171.78 172.59 173.25 173.92 173.38 174.31 176.31 179.35 182.69 185.34 188.43 190.51 192.28 193.64 193.80 190.41
56.66 58.44 64.22 71.15 79.28 85.45 88.71 88.96 87.22 82.27 76.10 66.66 55.37 43.25 31.41 23.62 18.80 15.94 15.08 15.23 16.30 19.33 24.32 31.40 41.43 52.53 62.72 73.82 83.79 93.63 101.49 109.40 114.51 115.63 111.66 104.64 97.44 94.24 95.97 102.79 114.68 127.70 137.81 142.88 146.00 148.07 151.17 152.28 153.25 154.22 155.11 156.97 160.87 165.88 170.06 171.18 170.21 168.31 166.28 166.33 168.29 170.22 172.10 174.03 176.00 179.00 183.03 186.07 189.07 190.08 190.12 189.26 186.34 182.33
65.78 71.39 79.57 87.49 90.69 91.70 90.97 87.36 82.49 78.88 77.01 74.94 68.60 57.64 44.55 33.28 26.10 20.57 16.95 14.35 14.01 15.60 19.20 24.98 33.60 42.30 49.95 58.64 69.57 80.84 90.98 98.82 101.49 101.23 97.17 93.02 91.86 94.02 100.13 109.41 121.06 131.58 138.92 142.71 144.47 145.02 145.91 145.98 148.01 150.44 153.93 158.40 164.37 166.71 167.36 167.17 165.81 161.82 161.08 161.03 163.20 166.46 169.69 172.78 176.06 178.88 181.60 183.72 186.74 188.81 188.83 185.46 182.44 178.75
77.40 84.16 91.18 97.08 96.87 93.53 89.19 84.63 82.85 82.63 85.47 86.81 81.93 71.28 58.57 48.96 42.94 36.31 27.99 20.31 15.76 14.88 15.79 19.76 25.04 32.57 40.20 47.59 56.42 68.06 78.19 84.58 86.53 85.33 82.80 83.00 85.77 93.65 104.91 116.07 125.47 133.45 137.17 139.07 139.46 138.21 138.59 140.69 143.73 148.33 153.93 161.29 165.68 164.40 163.50 160.92 157.18 155.28 155.20 156.18 159.79 163.84 168.52 170.90 174.47 176.41 178.98 182.10 184.55 186.62 185.99 182.98 180.26 179.91
89.89 93.25 97.49 101.68 99.71 95.64 91.52 87.47 86.55 87.68 90.85 92.03 87.03 79.51 70.73 66.23 62.94 57.79 46.80 33.23 22.07 15.79 14.09 15.33 18.51 23.82 30.14 37.19 45.22 54.53 62.73 68.78 70.67 71.30 72.91 75.56 80.32 90.25 104.22 116.29 124.44 128.84 131.93 131.91 131.79 132.53 133.31 137.17 142.09 147.94 154.90 161.18 165.33 163.36 157.81 151.94 148.77 148.63 150.37 154.08 158.09 162.09 166.31 169.25 171.29 173.29 175.40 177.56 179.66 180.81 180.65 179.40 180.73 183.44
96.72 98.56 101.29 102.94 102.24 99.40 95.51 92.45 90.18 88.87 88.36 88.29 83.58 81.24 81.10 79.31 78.54 74.60 64.68 49.52 29.90 18.33 14.10 13.94 14.72 17.39 21.06 26.80 33.53 40.33 48.10 53.15 57.58 62.05 66.57 73.19 81.46 91.48 102.11 112.64 119.15 121.03 122.00 124.21 126.55 128.69 132.03 137.08 142.22 149.06 154.92 159.64 160.38 157.10 150.16 145.20 143.34 144.74 147.89 154.00 158.01 161.90 163.79 165.74 168.69 170.59 172.49 173.44 173.32 173.24 174.49 177.07 184.61 189.64
101.12 101.66 101.55 101.93 102.67 101.25 98.32 94.31 89.77 85.15 81.89 82.23 82.73 84.85 87.60 87.64 87.31 83.42 72.62 56.27 35.02 20.65 15.53 14.00 13.99 14.40 15.87 18.82 22.88 27.96 33.88 40.35 48.29 57.15 67.14 77.86 87.44 96.64 104.31 109.72 111.48 113.42 116.87 120.79 124.75 129.14 134.27 139.33 144.59 149.17 152.79 155.26 154.27 149.20 143.21 138.55 138.93 143.07 148.06 154.06 157.60 160.59 162.19 164.25 165.84 166.37 166.91 167.39 167.73 168.47 172.81 181.03 189.13 191.86
102.86 101.95 101.74 102.07 101.29 99.56 96.63 91.74 85.76 81.14 78.90 81.56 84.66 88.59 91.46 91.68 89.97 84.59 71.04 51.62 32.07 20.33 16.09 14.00 13.18 13.23 13.38 15.41 16.73 19.93 25.11 32.88 44.26 57.67 71.39 82.48 91.88 98.40 102.01 105.12 106.77 109.39 114.38 120.18 126.51 133.39 138.46 142.77 145.22 146.80 147.92 149.15 147.17 141.22 135.97 133.57 136.38 141.14 147.18 153.31 156.29 158.54 158.76 160.14 159.55 158.70 157.73 158.53 160.99 165.23 173.75 182.46 183.73 182.61
103.05 103.09 102.99 100.92 98.83 95.74 91.75 87.89 84.10 83.25 82.44 85.35 88.25 91.12 92.99 92.95 88.79 78.51 62.28 41.43 25.71 17.96 15.10 14.08 13.04 11.96 11.97 12.88 13.88 15.79 20.79 29.88 44.05 60.08 74.03 83.90 89.65 92.44 93.42 96.47 100.63 106.78 112.91 120.05 129.07 136.03 139.95 141.79 141.62 141.58 142.57 142.59 139.66 135.72 131.80 130.93 134.91 140.95 146.95 150.94 153.84 154.66 153.47 151.37 149.33 148.42 149.59 150.74 156.89 166.08 175.09 178.85 174.61 166.17
104.07 103.71 101.56 99.56 96.44 92.64 90.35 88.81 88.76 89.24 91.60 91.77 91.63 91.80 91.07 89.04 81.95 67.91 49.50 34.24 24.80 21.33 20.07 17.82 14.89 12.63 11.95 11.93 12.56 13.90 18.95 29.11 44.99 59.60 71.89 78.65 81.44 82.20 84.54 89.25 95.62 103.83 111.97 121.21 128.91 133.80 136.04 135.17 132.93 133.61 135.30 136.41 135.20 131.56 129.27 130.64 133.93 139.97 145.75 150.19 150.36 147.78 143.52 141.01 139.65 141.79 145.57 150.42 157.86 167.66 175.76 177.80 171.06 155.34
103.93 102.82 100.82 98.82 96.49 94.92 95.46 95.16 96.37 96.74 96.67 94.94 91.44 89.86 85.72 79.63 68.17 54.14 42.09 35.79 35.23 36.43 35.21 29.44 21.02 15.39 12.74 12.00 12.04 13.33 17.67 26.41 40.20 53.57 63.10 67.93 70.79 73.04 77.33 84.80 94.12 103.48 111.63 119.30 124.20 126.43 126.63 124.27 123.60 126.33 130.36 130.69 128.73 125.54 125.87 130.12 134.07 139.48 142.38 143.98 142.11 139.00 135.52 134.56 135.95 141.45 147.85 155.46 163.57 171.35 174.60 173.93 163.95 141.06
105.01 105.01 103.01 101.01 100.01 100.02 101.02 102.02 101.01 100.00 97.00 93.98 88.98 83.97 76.96 66.96 56.98 50.01 48.04 49.06 53.07 57.07 55.06 45.05 30.03 18.01 13.00 12.00 11.00 12.00 14.99 19.98 28.96 39.94 47.94 53.95 58.96 64.97 72.98 81.98 90.98 99.97 105.96 110.96 112.95 113.95 113.96 115.97 117.99 121.98 122.97 121.96 118.96 118.98 122.99 127.99 132.99 135.98 135.97 134.97 133.97 131.98 132.00 134.01 138.02 145.02 154.02 161.02 168.01 170.99 168.97 162.95 147.92 119.91
108.43 107.35 106.70 104.67 102.86 103.43 104.49 104.18 101.87 98.52 93.35 87.17 81.86 75.16 67.76 61.94 58.50 59.27 63.19 67.75 72.07 74.04 68.48 55.31 36.85 20.18 13.00 10.93 11.03 10.96 11.54 13.88 18.11 24.03 32.32 40.77 48.67 57.67 66.23 73.44 80.35 85.92 91.65 95.78 99.30 101.28 105.26 109.91 115.14 116.82 114.89 111.53 109.61 112.33 118.51 123.51 127.20 127.68 127.89 126.53 126.77 129.51 132.72 138.08 144.77 152.91 160.66 165.87 168.70 166.69 159.13 145.49 123.03 93.85
110.27 109.12 109.24 107.82 106.93 105.12 105.04 103.42 99.80 94.54 86.28 79.49 73.87 70.76 68.27 67.82 71.29 76.24 81.40 85.22 86.01 82.60 71.91 54.73 34.82 19.42 13.00 11.00 10.28 10.35 10.31 10.57 12.18 15.55 20.91 29.45 40.96 51.59 57.92 60.84 63.44 66.95 71.84 78.10 85.07 91.97 99.33 106.07 111.29 110.44 105.88 100.61 98.61 102.12 107.55 112.55 114.71 116.39 118.51 121.45 124.14 130.03 136.57 145.13 153.30 160.29 165.59 166.81 164.25 158.47 145.52 125.20 98.65 71.23
111.87 112.84 111.86 111.85 109.89 108.87 105.00 102.10 97.18 90.18 83.11 77.89 75.67 75.53 77.38 81.26 86.33 90.41 94.51 96.65 93.83 84.17 67.45 45.56 28.33 18.04 12.94 10.91 10.89 9.97 9.97 10.00 11.02 12.14 15.25 21.40 32.61 40.69 45.79 47.79 48.73 53.58 59.41 67.37 76.30 87.18 96.17 103.27 105.52 101.66 93.82 86.86 84.83 86.84 90.85 95.82 99.61 105.42 111.23 117.06 124.86 133.69 144.45 155.48 162.62 164.91 165.20 161.47 154.71 143.97 127.19 103.20 77.06 55.79
115.19 114.26 114.14 113.11 110.92 108.73 104.56 99.03 93.11 87.49 82.43 82.04 83.62 85.76 88.87 92.51 95.23 97.85 99.01 97.51 91.83 77.33 56.28 37.06 23.91 18.75 16.07 14.79 13.22 10.63 10.88 10.00 9.74 9.70 11.46 14.78 19.92 27.21 30.30 32.28 36.84 44.52 55.15 63.71 73.64 84.14 91.63 94.78 91.80 85.24 76.21 69.84 69.59 72.95 78.52 85.09 93.72 102.23 110.37 119.57 129.20 141.64 154.49 162.66 165.77 163.21 158.24 150.52 138.87 124.29 103.89 82.22 59.94 41.41
115.55 115.06 114.13 111.96 109.11 104.39 98.71 92.08 88.11 85.68 86.49 88.71 91.89 93.96 95.92 97.32 98.29 97.72 94.66 89.47 80.74 66.39 50.90 37.43 30.22 27.25 25.38 21.78 16.28 10.14 9.81 10.00 8.94 8.39 8.78 9.12 10.91 13.65 16.67 19.22 25.95 36.74 49.55 60.85 68.82 75.33 77.11 74.25 66.71 59.30 54.83 54.97 59.59 66.71 76.41 87.17 97.84 108.02 116.02 125.02 137.32 149.48 158.42 161.80 160.25 154.13 144.37 133.10 119.92 103.87 82.68 61.74 42.81 26.90
116.06 115.11 112.26 110.25 104.56 98.48 93.31 88.05 86.75 88.41 92.23 95.25 97.41 98.57 98.71 98.91 97.21 92.66 85.17 76.35 67.17 59.24 53.30 48.28 45.85 44.64 41.69 36.79 25.66 17.18 11.68 9.95 9.00 7.99 7.98 7.08 7.16 8.30 9.39 12.45 18.68 29.01 40.39 49.76 55.12 55.78 51.20 44.14 38.48 37.49 41.65 49.92 59.36 70.98 83.79 96.77 107.94 117.16 125.05 134.05 144.42 152.94 156.59 155.31 147.97 137.30 124.48 112.41 100.30 83.41 64.20 42.98 27.58 11.82
114.83 112.67 110.63 106.52 100.60 95.98 92.23 90.72 91.83 94.90 98.68 101.70 102.65 102.49 101.35 98.94 94.39 86.09 76.17 67.34 61.92 61.69 62.52 64.96 66.36 65.36 63.32 58.24 38.72 22.74 14.33 11.05 8.99 8.11 8.00 7.00 7.00 6.83 7.84 9.68 13.36 18.82 26.23 31.75 33.24 30.17 24.51 22.37 24.22 32.04 42.66 54.95 68.25 82.36 95.37 107.08 114.91 121.68 131.70 140.50 147.05 150.21 147.31 138.66 127.38 115.30 102.39 91.47 79.38 62.36 43.66 27.19 14.17 51.97
113.93 110.47 106.95 102.83 99.27 97.81 97.25 98.85 99.79 102.39 104.37 106.52 107.12 105.66 102.85 95.88 87.10 78.78 72.05 67.23 67.21 70.93 76.78 80.30 83.09 82.21 78.34 71.08 51.75 28.93 16.36 11.28 9.28 8.95 8.00 7.00 7.06 5.93 6.48 7.01 8.48 10.43 12.79 14.74 13.99 12.40 12.89 17.88 25.87 38.11 51.42 64.09 77.36 91.53 104.08 114.40 122.34 128.73 136.81 142.42 144.17 139.72 129.16 117.04 104.92 93.77 82.81 70.96 57.04 40.72 26.11 11.21 24.18 42.69
114.00 109.16 105.07 102.71 100.64 101.30 103.18 106.02 107.84 109.00 109.43 109.63 108.93 106.16 99.72 89.69 81.35 76.65 74.72 75.96 79.69 83.77 89.04 93.26 93.67 91.10 84.55 73.10 57.60 34.09 19.83 13.94 12.07 10.37 7.80 7.00 6.18 6.00 5.98 5.14 5.30 5.44 6.45 6.59 6.61 7.27 11.19 21.55 34.02 46.24 57.67 69.03 79.49 91.23 103.41 114.50 123.25 130.14 136.35 138.78 134.53 124.29 109.41 96.30 84.99 75.98 65.34 51.55 35.42 23.53 10.32 36.82 40.74 35.90
113.95 109.10 106.12 104.12 104.24 105.24 107.29 110.29 112.24 113.20 112.12 111.04 107.93 103.84 95.90 88.06 82.26 81.46 84.65 88.72 92.67 95.59 99.46 100.36 99.23 95.10 86.03 72.99 58.07 39.54 28.78 23.86 19.69 15.44 11.23 7.09 6.00 5.95 5.95 5.00 4.95 4.95 4.92 4.92 4.97 5.92 9.87 20.79 34.73 46.73 56.70 64.55 72.38 80.14 88.90 98.72 108.71 117.84 122.76 122.65 115.58 102.61 89.72 77.85 68.82 57.70 44.62 29.72 17.98 12.09 42.12 37.10 33.22 29.30
112.47 111.05 109.09 107.31 108.39 109.39 112.60 114.97 115.99 115.55 113.16 110.06 105.98 101.23 96.00 90.73 88.94 90.85 94.52 98.20 100.77 102.74 104.33 104.65 101.19 94.64 85.91 74.17 62.57 52.34 45.91 42.34 36.65 26.24 15.70 9.77 6.36 4.93 4.93 5.00 3.93 3.57 3.61 3.57 4.69 5.02 7.63 14.77 25.68 37.82 47.82 54.70 60.15 64.57 69.73 75.52 83.86 93.08 96.79 95.49 88.13 77.18 65.93 55.98 45.06 33.48 20.05 9.89 19.07 40.38 34.28 30.55 26.76 22.93
113.22 112.10 112.86 114.10 115.03 116.18 117.26 116.87 116.48 115.52 111.82 105.92 101.92 98.54 95.93 94.05 95.55 97.80 101.58 103.81 105.85 107.26 106.83 105.03 100.19 93.75 86.96 80.88 74.81 69.74 67.34 64.52 58.30 43.52 24.02 12.39 6.96 5.00 5.00 5.00 4.00 2.97 2.16 2.97 3.23 3.53 2.46 7.27 14.19 24.27 34.35 42.08 47.79 51.75 54.22 56.72 61.74 65.26 66.39 62.22 54.04 44.37 34.95 23.44 15.33 8.89 32.53 28.62 36.04 31.51 27.96 24.31 20.60 16.88
117.01 118.01 120.02 122.02 124.01 123.01 119.00 116.00 113.99 111.99 106.99 101.99 98.00 97.00 97.00 98.01 101.01 104.01 107.01 109.01 110.01 109.00 107.00 105.00 101.00 97.01 95.02 92.02 89.02 87.03 85.02 80.02 70.01 53.00 30.00 15.00 8.00 5.00 5.00 5.00 4.00 3.00 3.00 3.00 3.00 3.03 35.25 4.03 6.99 11.98 20.98 28.97 34.97 38.97 40.98 41.97 41.97 39.96 34.95 28.95 22.95 16.01 10.01 42.41 40.26 37.80 35.01 32.03 28.84 25.48 22.01 18.44 14.83 11.20
126.17 127.44 129.50 130.73 130.14 126.56 119.03 113.08 108.96 106.96 102.13 99.48 98.41 98.95 101.67 104.78 107.78 110.55 112.24 112.93 112.35 109.47 107.47 105.67 105.47 104.96 105.17 103.28 101.18 97.67 92.24 83.28 68.78 49.27 28.02 13.76 8.03 5.30 5.03 5.07 4.87 2.75 2.01 2.07 2.73 34.45 31.50 33.74 9.99 12.18 15.75 13.01 18.57 23.49 26.29 26.22 23.50 17.47 21.48 17.08 14.18 41.82 40.72 36.39 34.24 31.79 29.07 26.13 23.00 19.72 16.32 12.84 9.33 5.81
135.39 137.58 138.37 136.73 132.85 125.97 118.57 110.37 105.57 103.50 101.41 100.67 102.38 105.76 109.20 112.85 115.92 117.23 117.54 117.00 114.19 112.31 110.23 110.64 111.09 111.35 110.35 108.00 103.24 96.29 85.70 73.27 56.79 38.61 22.11 11.17 7.43 5.40 4.36 3.71 2.67 23.56 22.33 21.20 0.07 29.06 28.28 27.96 29.38 29.67 30.15 21.18 23.10 7.51 9.56 9.51 5.80 24.92 36.57 36.74 36.38 33.77 32.29 30.46 28.31 25.88 23.20 20.31 17.25 14.05 10.75 7.37 3.96 0.56
143.65 143.77 142.88 139.00 132.11 122.20 115.23 108.12 104.96 103.85 103.75 104.68 107.70 111.74 114.73 118.77 120.81 121.81 121.84 118.93 116.91 113.99 112.98 113.09 113.19 110.42 104.70 98.04 89.17 80.17 70.09 57.02 41.86 25.69 13.44 8.12 6.01 4.97 3.97 2.96 1.96 34.00 31.75 29.74 26.67 26.49 25.46 24.88 24.70 24.85 25.26 25.92 26.65 26.24 27.07 27.75 28.17 29.92 29.95 29.72 29.09 27.99 26.46 24.61 22.46 20.05 17.42 14.59 11.61 8.50 5.29 2.03 -1.25 -4.53
147.25 146.04 142.53 137.46 129.56 119.66 111.55 106.87 106.40 107.72 110.02 112.09 112.76 115.53 118.53 121.46 123.67 124.32 122.90 119.74 116.53 112.32 109.76 107.17 103.70 96.97 87.23 74.68 65.46 57.53 48.92 38.53 26.46 15.51 8.60 7.16 7.46 6.64 5.84 4.68 3.31 27.37 30.82 28.00 25.97 24.26 22.97 22.13 21.69 21.56 21.70 22.04 22.51 23.06 23.61 24.10 24.47 24.66 24.61 24.24 23.49 22.31 20.73 18.85 16.70 14.32 11.74 8.98 6.08 3.07 -0.02 -3.16 -6.31 -9.46
146.10 143.08 137.97 132.90 126.31 119.49 112.46 108.38 109.01 111.14 114.81 116.74 116.68 118.08 121.08 124.15 126.79 125.26 121.59 116.99 111.83 105.88 99.33 91.75 84.02 74.37 61.58 48.87 39.78 31.58 25.65 19.75 15.00 11.79 11.62 12.15 13.76 13.82 13.46 10.99 8.14 3.34 15.44 28.08 24.28 22.31 20.76 19.65 18.93 18.53 18.39 18.45 18.65 18.93 19.23 19.48 19.64 19.63 19.39 18.88 18.01 16.74 15.11 13.20 11.06 8.71 6.18 3.50 0.69 -2.21 -5.18 -8.19 -11.21 -14.21
142.52 136.72 131.72 127.56 124.24 120.01 115.70 113.49 112.48 113.58 116.76 119.70 119.59 120.58 123.69 125.91 126.23 122.43 118.43 113.42 107.56 97.98 86.49 72.04 60.26 49.25 36.96 27.48 21.18 15.80 12.49 11.99 14.28 18.70 23.32 26.00 28.06 28.12 25.44 20.81 14.41 8.77 4.69 4.32 22.78 20.55 18.75 17.37 16.37 15.69 15.27 15.04 14.97 14.97 15.01 15.02 14.95 14.73 14.32 13.65 12.66 11.30 9.61 7.69 5.56 3.24 0.77 -1.84 -4.55 -7.34 -10.18 -13.06 -15.94 -18.79
137.47 131.57 126.67 123.72 120.81 120.09 118.29 116.60 117.69 118.79 120.74 122.59 124.63 125.54 126.23 125.92 123.70 119.70 115.60 110.41 101.14 88.90 74.75 59.09 46.18 37.58 29.26 23.75 19.87 15.95 14.95 17.17 24.40 31.75 38.86 43.97 45.00 43.95 38.64 30.09 19.32 9.62 6.44 25.47 21.40 18.92 16.86 15.23 13.96 12.99 12.29 11.78 11.43 11.16 10.94 10.71 10.40 9.98 9.38 8.55 7.45 6.00 4.26 2.32 0.20 -2.08 -4.49 -7.01 -9.62 -12.30 -15.01 -17.75 -20.48 -23.18
133.90 129.41 125.76 123.16 121.62 121.68 121.60 123.25 125.10 127.67 129.79 129.87 129.57 128.77 126.73 123.75 120.80 116.91 111.45 103.36 92.72 80.33 67.85 57.64 49.76 45.60 43.29 40.49 36.15 31.25 29.24 32.31 38.85 47.14 54.20 59.08 62.05 61.05 53.19 38.95 20.52 17.86 28.16 23.15 20.05 17.33 15.04 13.16 11.62 10.39 9.41 8.63 8.00 7.47 6.99 6.52 5.99 5.36 4.59 3.61 2.38 0.85 -0.93 -2.89 -4.99 -7.23 -9.57 -12.01 -14.51 -17.07 -19.65 -22.24 -24.83 -27.38
