Instances/Dardanelles/GMRTv3_3_20170610topo.asc
ncols 756
nrows 639
xllcorner 26.28973388671875
yllcorner 40.00279272074258
cellsize 5.4931640625E-4
nodata_value -2147483648
[rows 33 to 65 of 639, columns 148 to 221 of 756]
24.93 25.91 27.93 28.96 30.97 31.00 31.05 30.04 29.05 28.05 29.02 28.98 28.96 28.95 27.95 26.98 26.97 26.97 26.98 29.00 29.03 30.02 30.05 31.05 30.08 30.03 29.98 28.98 28.00 30.00 28.96 28.96 28.98 28.95 29.92 29.92 29.92 29.95 29.95 30.98 32.00 33.97 33.97 32.97 32.95 33.98 36.00 38.07 38.99 38.97 37.92 36.97 34.95 32.95 34.93 36.95 37.97 39.02 39.00 38.05 38.03 37.03 37.06 38.05 39.05 40.02 40.00 40.99 41.03 42.05 42.03 43.02 42.03 43.03
27.55 29.43 30.36 31.14 31.03 30.81 28.88 27.86 27.93 27.97 28.15 30.07 31.17 30.10 29.10 28.07 27.19 27.43 28.51 29.22 29.22 28.93 28.93 29.90 30.00 30.22 31.29 30.48 29.48 30.38 31.77 31.80 30.70 30.48 31.29 31.51 31.51 31.29 31.29 32.02 32.17 34.22 34.24 33.27 33.88 34.66 35.57 35.67 37.52 37.52 37.59 36.81 36.10 35.60 37.17 37.88 37.81 37.49 38.78 36.95 37.57 37.03 37.00 37.15 37.90 38.90 40.00 39.93 40.78 40.95 41.78 41.95 42.00 43.00
29.70 30.05 31.12 31.07 30.41 29.28 28.27 27.86 27.86 28.59 29.05 30.07 30.48 29.41 28.41 27.93 28.58 28.96 30.03 29.98 30.05 28.93 28.86 30.59 30.00 31.12 32.12 32.70 31.56 33.29 34.68 34.09 33.75 32.70 32.05 33.24 33.24 32.05 31.91 33.05 34.17 35.05 34.53 32.86 32.42 32.30 33.97 34.35 35.44 35.44 35.51 35.50 35.48 36.51 36.41 36.35 36.28 35.76 37.95 36.41 35.97 36.41 36.93 37.91 38.45 39.52 39.93 40.00 39.95 40.41 40.88 41.34 42.00 43.00
30.05 30.04 30.12 30.07 29.99 29.92 29.85 29.81 29.85 28.96 28.96 29.03 29.02 28.99 27.91 28.88 29.89 30.85 30.93 30.93 29.96 29.93 30.85 31.01 30.00 30.07 31.07 33.01 33.86 33.97 35.93 34.93 34.01 33.01 32.00 31.15 31.15 31.96 33.81 35.86 35.94 35.00 33.07 31.99 31.07 31.99 33.07 34.04 33.19 33.19 32.22 33.14 34.07 35.99 35.99 35.95 36.88 37.85 37.96 35.95 35.03 35.91 37.88 39.81 40.81 40.93 40.93 40.00 40.00 39.95 41.88 41.83 41.91 42.96
28.80 28.80 28.80 29.73 29.88 30.03 30.02 30.91 30.00 30.05 30.21 30.06 30.05 29.29 30.41 30.50 31.18 31.14 31.15 31.00 31.06 30.15 31.00 31.00 29.85 29.86 30.86 32.86 33.86 34.93 36.02 34.86 33.85 33.15 32.29 31.27 31.27 33.20 35.21 36.14 36.14 35.14 33.30 32.14 31.14 32.00 33.00 32.94 32.09 31.92 31.98 32.97 34.15 36.03 35.86 36.78 37.79 38.00 39.20 37.15 36.33 38.26 39.37 41.23 42.08 41.00 40.85 40.14 40.24 41.60 43.47 44.38 44.38 44.32
27.49 27.49 27.55 26.98 28.04 29.04 29.49 29.94 30.00 30.51 31.06 30.00 30.58 31.64 32.64 33.70 33.09 32.57 32.00 31.00 31.00 31.06 31.06 30.94 28.94 28.43 29.49 31.55 32.62 33.55 35.61 33.55 33.07 34.19 34.70 34.15 34.09 34.57 36.12 37.64 37.57 36.51 34.99 33.45 32.51 32.00 33.00 32.94 32.93 32.45 32.45 34.09 35.19 35.16 34.55 34.43 34.85 38.00 40.51 40.05 39.02 39.45 41.19 41.61 41.61 41.06 39.88 41.45 44.05 47.17 47.53 47.47 47.47 47.47
26.12 26.18 25.31 24.23 25.23 27.04 28.93 29.94 29.94 31.01 31.00 30.00 30.14 32.07 33.13 34.13 34.03 32.95 32.87 31.00 30.94 30.94 30.07 31.93 28.94 27.93 28.12 29.31 29.38 31.19 33.25 31.31 31.44 32.44 34.26 35.09 35.96 35.07 35.13 37.20 38.07 37.94 36.74 35.75 33.88 31.94 33.00 33.87 34.74 33.88 34.00 34.28 33.44 31.43 32.37 33.12 33.85 38.00 41.94 42.92 41.77 41.81 40.07 40.12 39.25 40.13 40.81 43.69 47.73 50.79 51.65 51.59 51.53 51.53
25.98 24.84 23.85 23.98 25.16 28.31 30.30 31.32 31.33 31.18 30.99 29.98 29.90 30.77 30.81 31.82 33.92 33.97 33.01 31.09 32.05 32.05 31.14 31.03 30.23 29.23 28.09 28.04 29.08 32.23 33.18 30.03 27.84 28.66 31.62 33.67 34.77 33.87 34.82 35.68 36.68 36.77 36.82 35.91 34.00 33.05 33.00 33.91 34.91 33.90 31.70 31.80 29.84 29.94 29.98 33.08 36.09 38.00 40.96 42.92 41.92 40.87 40.96 40.09 39.18 40.09 42.05 45.06 48.97 50.92 51.91 53.05 54.20 54.10
26.81 24.74 23.25 24.76 28.38 32.02 34.56 34.69 34.32 33.30 31.49 30.87 29.31 28.75 29.88 30.50 32.12 32.61 32.62 32.12 32.06 32.06 32.12 32.39 32.46 31.08 29.01 29.01 30.39 34.51 35.14 31.45 28.32 27.19 28.68 30.79 32.43 32.44 32.86 32.31 33.36 34.43 34.38 34.88 33.94 33.00 33.06 32.93 33.93 33.36 30.62 31.31 30.32 30.32 31.93 34.45 36.43 38.00 40.62 41.61 40.55 39.50 39.93 41.07 41.62 41.01 41.94 44.51 47.01 49.50 50.99 53.06 54.69 54.06
28.78 26.78 25.49 27.52 30.87 33.99 35.47 34.50 32.67 30.72 31.29 32.18 30.90 30.47 30.67 29.91 30.15 30.44 31.31 31.19 31.13 31.19 31.13 34.63 34.70 31.81 29.74 29.67 32.56 35.90 35.00 32.83 30.49 29.49 30.54 30.86 31.84 32.71 32.86 32.50 32.63 33.70 34.50 35.60 34.67 32.93 32.13 33.00 34.00 33.88 33.52 32.69 32.56 32.56 32.97 35.90 37.09 38.00 39.17 39.37 39.17 38.91 39.93 41.00 41.22 41.81 42.81 44.78 46.76 48.98 50.19 52.26 53.17 53.19
30.03 28.08 28.06 29.98 30.92 31.86 31.79 29.80 27.84 27.90 29.92 29.94 29.97 33.02 33.10 31.11 30.04 28.97 28.98 30.96 31.91 30.96 32.03 34.96 33.93 32.00 31.11 32.14 34.07 35.00 35.03 33.11 33.17 32.21 32.18 33.21 34.22 34.23 35.26 37.36 38.48 38.40 39.32 39.21 37.18 34.15 33.11 33.04 34.04 36.06 36.10 35.14 34.11 34.11 34.11 35.05 36.01 38.00 38.96 38.96 39.00 40.07 41.07 41.04 41.04 42.08 43.08 45.04 46.96 48.91 49.92 50.89 52.91 53.04
30.05 28.41 27.43 26.88 28.28 28.88 28.52 27.85 27.24 27.24 29.59 30.71 30.26 31.88 34.47 33.90 32.18 29.66 30.07 29.22 28.07 29.22 31.60 33.88 33.19 32.62 33.72 35.07 36.00 36.95 37.31 37.76 38.12 38.14 38.14 39.23 39.88 40.95 42.00 44.76 48.04 46.97 45.47 43.32 41.02 37.97 36.21 34.69 35.34 36.26 37.34 37.45 36.81 36.45 36.45 37.50 37.38 37.91 37.88 38.28 39.35 41.43 42.43 42.38 42.38 44.50 45.54 46.07 46.24 47.12 47.72 48.67 51.07 54.65
29.27 26.20 23.73 23.51 24.73 25.43 26.50 28.07 28.84 28.77 31.95 32.14 32.65 32.81 34.45 34.40 33.29 31.73 29.85 27.79 26.71 27.71 31.63 34.73 35.35 35.46 37.19 39.23 40.15 41.96 42.92 44.69 45.72 46.45 46.45 45.99 46.03 47.10 47.37 48.67 49.62 48.62 46.58 44.58 40.89 38.55 38.32 37.53 37.43 38.43 39.50 38.77 38.87 37.77 37.77 38.03 38.77 39.47 38.66 38.96 40.03 42.11 43.03 43.84 43.77 45.03 45.30 46.00 47.69 49.43 49.98 51.64 53.94 58.05
29.00 26.00 23.01 22.00 24.00 25.00 26.00 26.99 27.99 29.00 29.99 30.99 30.99 31.99 31.99 33.00 34.00 33.01 32.01 30.01 30.01 31.01 33.00 35.00 38.00 37.00 39.00 41.00 43.00 44.00 46.00 47.99 49.00 50.00 50.00 49.00 47.99 47.99 47.99 47.99 45.98 44.98 42.98 40.98 35.98 34.99 34.99 38.00 39.00 40.00 40.00 39.00 38.00 38.00 38.00 38.00 39.00 40.00 40.00 40.00 40.00 41.00 43.00 43.00 44.00 45.00 45.01 46.01 49.01 51.01 54.02 57.02 59.02 62.01
28.76 26.83 25.70 25.53 25.87 26.59 26.21 26.17 26.89 29.00 29.24 29.16 29.65 28.78 30.13 33.03 34.07 34.97 33.97 33.01 32.22 32.14 32.79 33.44 35.89 35.20 36.92 38.64 39.92 40.60 41.25 42.21 44.01 45.32 45.29 45.36 43.22 42.42 42.70 42.73 42.08 41.36 39.64 36.15 33.82 33.86 34.13 37.24 38.72 39.72 39.72 39.00 38.00 38.03 36.93 36.93 37.68 38.37 38.96 40.00 40.00 41.00 41.89 43.24 45.01 46.59 47.63 49.67 51.88 54.95 57.95 61.23 63.23 64.88
27.44 25.30 27.09 29.36 28.86 28.89 28.51 27.78 27.73 29.07 29.46 29.46 29.03 29.07 31.19 32.49 32.83 32.05 31.05 30.71 30.76 30.68 30.71 30.67 31.58 30.97 31.92 32.88 33.61 34.30 34.18 34.52 35.48 36.86 37.59 37.52 36.84 36.88 37.92 37.34 37.38 37.50 36.40 34.84 34.51 35.24 36.36 37.38 37.96 38.96 38.96 39.07 38.00 37.34 37.00 37.00 36.22 36.91 38.34 40.00 40.00 40.93 42.59 44.63 46.24 48.67 50.26 52.92 55.89 58.81 61.81 65.86 67.86 68.74
25.09 25.00 27.03 27.07 28.06 27.10 27.13 27.06 27.04 28.06 28.06 28.09 28.11 28.09 29.12 30.12 30.09 30.06 29.03 29.03 29.03 30.02 29.03 29.03 30.03 29.00 30.03 31.03 31.00 31.04 32.03 32.03 33.03 34.05 34.06 35.05 35.06 35.06 36.08 34.06 34.06 33.10 34.00 35.94 36.91 36.97 37.00 37.00 38.03 39.03 39.03 38.04 38.00 37.00 37.00 37.00 36.96 37.00 37.97 40.00 39.95 41.94 43.94 45.94 47.94 49.94 52.91 55.88 59.85 63.79 66.76 70.73 72.71 74.62
24.11 25.16 26.11 27.21 27.13 26.34 25.25 26.13 27.00 26.95 26.52 25.43 24.56 25.43 26.45 27.68 28.75 28.95 29.00 29.00 29.02 28.72 29.00 28.95 30.21 30.23 29.95 31.21 32.07 32.07 32.21 32.21 33.00 32.95 34.05 33.75 33.75 33.75 33.65 34.00 33.77 33.18 35.02 37.30 38.30 37.41 37.18 36.98 36.91 37.72 37.72 37.79 37.77 36.98 36.98 36.98 37.18 37.21 39.09 40.02 42.16 43.28 45.25 47.25 49.00 51.18 54.36 58.59 63.00 68.05 72.30 77.32 80.98 85.54
25.56 27.21 27.63 28.05 27.98 28.11 27.76 27.12 27.14 26.49 24.89 24.40 24.46 24.40 24.82 26.37 27.37 28.42 29.07 29.00 28.35 27.88 29.00 30.16 30.98 32.21 31.09 32.05 32.07 32.00 33.12 33.05 33.00 32.42 32.84 32.37 32.37 32.37 32.95 34.00 33.46 34.56 36.09 37.47 38.54 39.11 38.63 37.51 37.51 36.88 36.88 36.88 37.53 37.58 37.58 37.51 38.63 37.98 38.35 39.42 41.42 44.05 46.63 48.49 50.46 53.95 58.45 64.59 70.63 76.14 81.70 87.79 94.53 100.78
26.92 28.01 27.96 27.95 28.92 27.95 27.09 26.13 25.26 25.17 25.00 25.92 25.88 25.88 25.92 25.99 27.04 28.04 28.08 29.00 28.91 28.92 28.95 30.97 31.92 33.06 32.98 32.05 31.13 32.10 32.13 33.05 33.05 31.99 31.99 31.95 31.95 31.95 32.95 34.00 34.92 35.97 38.07 36.99 37.03 39.00 39.01 38.92 38.92 37.82 37.82 37.87 38.01 38.01 38.01 38.97 39.01 38.87 38.91 38.95 40.99 44.00 46.96 50.74 55.45 61.19 67.93 75.77 82.64 89.56 96.39 104.36 111.47 115.78
27.14 27.99 29.05 29.19 29.14 29.06 27.13 25.08 23.02 22.86 24.86 25.86 27.08 27.08 26.01 25.86 25.94 26.94 28.00 29.00 29.00 29.00 30.06 31.92 32.00 31.94 31.80 30.95 29.80 29.75 30.83 31.81 31.94 31.99 32.14 33.06 33.08 33.08 33.92 34.01 34.87 34.83 34.69 36.72 37.92 39.00 39.00 39.00 39.14 40.10 40.25 39.31 38.26 37.99 37.99 38.06 39.14 40.05 39.13 40.17 41.25 44.26 48.45 53.62 61.93 70.31 79.70 89.83 98.04 105.34 114.22 121.07 125.42 125.98
28.00 28.44 29.44 30.50 29.94 28.94 28.62 26.00 23.94 23.44 23.88 24.88 26.50 26.50 25.50 24.88 25.94 26.94 27.94 28.94 28.94 28.94 29.94 30.94 32.00 32.00 30.94 30.50 28.88 28.44 28.94 30.44 31.94 32.44 33.00 33.00 32.50 32.50 32.94 33.50 33.44 32.88 33.44 34.87 36.88 39.00 38.94 38.94 40.06 41.06 41.69 42.25 40.56 38.44 38.44 39.56 40.06 40.56 40.56 42.06 44.18 46.62 52.18 59.18 68.68 79.80 91.49 101.11 110.36 118.55 124.56 128.56 128.38 126.32
28.86 29.75 30.75 31.75 31.65 29.80 28.09 26.73 25.53 24.69 24.73 25.86 25.99 25.99 24.86 25.73 26.67 27.67 28.67 29.73 29.73 29.73 30.80 30.94 32.06 32.06 31.00 29.92 29.73 27.86 27.85 29.86 32.73 33.75 33.73 32.88 31.86 31.92 32.94 32.92 32.92 32.77 32.92 34.94 37.86 39.00 39.86 39.86 39.94 41.23 40.30 41.38 41.81 39.81 39.87 40.01 40.00 40.16 41.08 43.15 44.30 47.20 53.22 62.04 72.98 85.07 96.41 103.80 110.29 116.53 119.66 120.81 118.86 114.91
29.08 32.18 33.17 34.18 33.05 31.12 29.20 29.32 29.37 28.37 27.23 26.14 26.14 26.14 27.16 28.24 30.30 31.30 32.21 32.24 32.24 32.24 32.12 32.03 30.94 30.95 30.99 31.12 32.17 30.24 30.16 32.18 35.10 36.19 36.18 35.18 34.18 33.12 34.13 34.12 34.12 34.12 34.12 36.03 37.99 38.99 39.99 39.98 41.11 40.18 40.14 40.10 43.05 41.04 39.99 39.99 40.08 39.99 39.95 40.74 41.66 43.69 49.70 59.59 69.39 80.11 87.98 92.80 97.74 101.74 106.84 106.79 105.84 102.89
30.02 33.07 34.49 35.07 32.89 32.38 31.81 33.41 33.41 32.35 30.65 29.59 29.54 29.12 29.05 30.76 32.40 33.40 33.74 35.28 34.87 34.97 33.85 32.62 31.67 31.20 31.67 32.74 33.33 33.28 31.80 33.07 34.58 36.24 36.71 35.65 35.07 34.49 35.02 35.38 35.80 35.80 35.74 36.73 38.26 39.15 40.51 40.88 43.00 43.83 43.28 43.39 42.95 41.36 40.36 40.36 41.07 40.36 40.42 39.22 39.21 42.28 47.86 55.36 62.38 69.34 76.56 81.38 86.90 91.55 96.14 96.14 94.72 91.72
30.65 32.79 34.88 34.86 34.44 34.47 35.28 35.72 35.72 35.44 35.19 34.84 35.56 34.54 34.54 34.79 35.05 36.12 37.14 38.51 37.56 35.84 35.63 36.93 35.00 34.84 35.07 36.14 36.19 36.59 34.42 32.72 33.83 34.81 35.04 34.83 34.86 34.81 35.51 37.32 38.28 38.14 38.93 38.99 40.69 43.28 46.09 48.05 49.47 48.00 46.59 45.14 43.86 42.82 41.75 41.75 40.86 41.82 41.02 40.82 39.95 43.02 47.93 54.11 60.21 66.30 71.46 76.72 81.23 85.20 89.25 89.25 87.23 84.01
33.18 36.14 37.11 37.11 37.14 37.14 38.11 38.11 38.14 39.20 40.29 42.37 44.36 43.46 43.43 42.41 41.28 41.23 42.16 41.08 39.09 39.11 39.14 42.16 42.21 41.22 41.22 41.19 40.20 38.18 38.23 37.28 36.24 37.20 37.24 37.24 37.20 38.26 40.35 42.41 44.50 46.61 47.71 49.76 52.72 55.67 58.51 58.34 56.16 52.05 47.96 43.94 42.94 43.00 43.02 43.03 43.02 42.00 41.03 41.03 41.09 43.06 49.02 54.99 58.95 62.86 67.77 72.77 75.71 79.71 82.71 82.74 80.87 81.04
38.22 39.03 39.99 40.33 41.10 41.10 40.99 41.28 43.33 45.27 48.38 51.83 53.09 55.02 53.61 52.36 48.14 46.47 44.99 42.58 41.74 40.71 41.40 44.78 45.03 45.02 45.65 46.24 46.23 45.60 45.94 46.39 44.67 44.30 45.04 45.33 45.23 47.89 52.38 56.86 62.07 66.97 71.62 72.98 72.95 71.66 67.77 62.21 56.19 50.00 45.18 42.25 41.59 42.32 43.34 42.66 41.93 42.34 42.41 42.41 43.10 45.44 49.34 53.59 56.91 59.50 61.28 65.31 67.91 71.87 76.20 78.15 81.46 85.78
41.39 43.19 44.91 45.87 44.89 44.89 45.61 47.22 51.97 56.05 59.69 63.01 65.05 65.37 63.33 59.86 56.01 51.50 49.68 46.58 44.14 42.49 43.10 46.49 48.82 50.18 52.90 56.33 57.77 58.52 59.63 59.87 57.45 55.69 55.66 57.49 60.24 65.75 70.78 75.96 82.72 87.57 91.39 90.75 86.86 77.02 66.89 57.09 52.03 46.46 43.86 40.86 40.89 40.86 44.03 41.89 42.00 42.96 42.96 42.96 43.65 46.68 49.96 52.89 54.75 56.71 58.71 59.74 63.88 68.60 75.08 81.41 86.66 91.55
43.97 44.97 46.97 48.97 50.95 50.94 51.94 55.93 61.92 67.92 72.92 75.92 77.92 76.91 74.91 70.92 64.94 59.94 54.96 52.96 49.95 46.95 48.95 50.96 55.94 58.93 62.93 67.93 69.93 70.93 70.93 71.94 70.93 68.94 68.94 69.94 73.94 79.94 84.96 87.98 89.01 90.05 90.07 87.09 77.11 66.09 56.07 49.04 47.03 46.01 45.00 41.98 41.99 41.99 43.99 42.99 41.99 44.00 43.99 43.99 44.99 47.99 50.99 53.99 56.98 58.98 60.98 63.97 66.98 71.99 79.00 85.01 88.03 89.05
50.07 52.73 54.24 55.97 59.21 62.31 65.69 69.98 75.49 79.66 83.65 87.73 89.99 90.97 88.54 83.01 74.90 67.72 61.55 59.45 59.09 56.84 57.74 59.74 66.13 71.60 74.76 78.46 80.46 81.46 81.23 79.88 78.72 75.18 74.23 74.84 77.60 82.07 83.13 82.15 79.08 74.42 70.65 64.85 58.21 52.52 47.24 43.95 43.26 43.59 44.74 44.96 44.15 44.38 46.15 44.04 44.38 44.72 45.76 45.76 46.50 49.53 52.56 56.41 59.44 62.25 64.58 67.06 68.49 70.85 73.88 77.24 78.03 77.05
62.27 65.23 64.35 65.16 70.98 79.02 83.63 88.18 91.52 92.74 95.53 99.68 103.01 101.19 95.46 87.16 78.37 71.80 67.43 67.14 68.80 69.50 71.15 73.22 76.51 81.49 86.18 88.35 90.35 91.49 89.88 86.70 83.09 76.79 70.68 67.24 67.41 69.26 66.91 62.98 59.06 54.51 49.91 47.79 46.94 44.62 42.56 41.15 41.84 42.88 43.95 43.95 44.00 45.69 46.00 44.50 45.47 48.27 49.92 49.84 49.87 52.30 54.66 57.05 59.55 61.58 63.34 64.32 63.44 63.64 63.86 65.05 67.26 69.09
72.46 72.61 73.48 76.30 85.19 95.15 101.17 103.26 105.36 106.39 107.49 109.71 108.95 104.13 93.33 83.31 76.09 72.83 73.60 77.41 80.30 82.29 84.32 85.37 87.51 88.64 93.61 97.51 99.58 98.70 95.80 89.95 80.20 72.24 65.20 57.26 54.44 52.66 48.73 46.64 44.54 42.42 40.27 41.22 41.20 41.08 40.98 41.89 42.89 43.92 44.00 44.00 44.00 45.97 45.97 46.85 48.81 50.85 52.92 53.87 52.89 53.93 55.93 57.00 57.09 58.16 59.16 59.17 60.05 60.97 60.93 62.86 66.82 71.73
