Instances/MontereyPeninsular/GMRTv3_3_20170309topo.asc
ncols 365
nrows 284
xllcorner 237.94573974609375
yllcorner 36.513609706554895
cellsize 5.4931640625E-4
nodata_value -2147483648
[rows 0 to 18 of 284, columns 301 to 343 of 365]
-75.176576852616 -75.23723750816356 -75.27636725586473 -75.28419613553802 -75.27140192158807 -75.25594312340277 -75.20620757585087 -75.06715394165087 -74.92702824664114 -74.89854854597633 -74.85325741442605 -74.66283192574767 -74.43958663813282 -74.26119260276111 -74.10325741442605 -73.9833169584753 -73.85325741442605 -73.64978632964792 -73.4359754859316 -73.27504023878708 -73.10325741442605 -72.86142735270464 -72.5991948681997 -72.37449764242457 -72.10325741442605 -71.81790153677265 -71.22685085041252 -69.76210754414699 -68.28535492698502 -67.62947372951996 -67.31287387580012 -67.1883014735485 -67.08562870233447 -66.84858433860305 -66.28834469945028 -64.9361823703268 -63.475537322613945 -62.464456658422364 -61.810391571014875 -61.72399261858802 -61.853708808451216 -61.965216699226026 -61.91748419517246
-75.03465769069719 -75.02862221475539 -75.00754802987456 -75.05712116088806 -75.09493845761207 -75.05223289831332 -74.97378212247347 -74.86534395536341 -74.77521081788205 -74.80773893157445 -74.80049471977304 -74.55827814008654 -74.28374481123137 -74.15044789621837 -74.05049471977304 -73.93952284526 -73.80049471977304 -73.57428841394517 -73.34279462052346 -73.19500737131345 -73.05049471977304 -72.85200535966146 -72.61899140188028 -72.39212001495493 -72.05049471977304 -71.52730024964251 -70.70096013582804 -69.14326607901931 -67.70729830424953 -67.37478552033156 -67.33157397661591 -67.0492231332881 -66.65232206665613 -66.1686463929914 -65.36019595258938 -63.660010926560645 -62.082745908731255 -61.722455507585465 -61.77397986025926 -61.77569689378971 -61.79104784695791 -61.75585801798509 -61.591353155588095
-74.87790409675654 -74.85506105550719 -74.86239516092168 -75.02380675419016 -75.12729014723553 -74.9064371993546 -74.64835560961569 -74.60105148724668 -74.61542146106578 -74.65189999848934 -74.62987969295102 -74.39575674256241 -74.12895480070615 -73.98985081400977 -73.88198110085028 -73.75804658695033 -73.63093039690065 -73.50880881006428 -73.35850328784701 -73.11940422385267 -72.88198110085028 -72.76919695677464 -72.62296151973226 -72.32598840581836 -71.8788289890014 -71.27806904291674 -70.4183189846586 -68.94632535560372 -67.60226555653972 -67.27968451898978 -67.16522619212402 -66.74065407296871 -66.0141544494785 -64.58279875672854 -63.16169505038346 -62.479363347593114 -62.09263919897684 -61.780988747926116 -61.60504023327429 -61.62744578861038 -61.62159987305878 -61.28604201038326 -60.90798914025473
-74.72206000625854 -74.8013250635687 -74.86576282872818 -74.82482389425527 -74.73153766841897 -74.57565426935828 -74.45646215998129 -74.52692627503772 -74.61576731714158 -74.59489890421044 -74.48770722508316 -74.22968798312499 -73.95642625267412 -73.81286852124786 -73.70642625267412 -73.58925014261227 -73.47206898308534 -73.36462688231977 -73.22202858736478 -72.97125126091572 -72.70642176426074 -72.52988252050028 -72.34396400689297 -72.14179302681917 -71.753323025014 -70.93180112158225 -69.90047309379507 -68.71534647115192 -67.6313831170724 -67.0789032216401 -66.58783933436273 -65.8009286696702 -64.81007742287946 -63.372594504333485 -62.13500898338416 -61.89279009735101 -61.95642625267413 -61.84110959421139 -61.72819814402897 -61.66610122047656 -61.568857079561525 -61.32392379186608 -61.05945123201542
-74.57017123389538 -74.72133300047888 -74.80712178710135 -74.56121553037478 -74.28920830806962 -74.25617104107498 -74.31735113664706 -74.45370349365518 -74.55317655814899 -74.46222384824247 -74.28628504661195 -74.06319767099578 -73.84222173432173 -73.70696408719927 -73.59222173432173 -73.450450265992 -73.31228077599064 -73.21512548186746 -73.09109660261768 -72.86218381231264 -72.59616696327409 -72.34048396782194 -72.07815032003299 -71.92128919498977 -71.53001546199506 -70.398460216292 -69.1366979551424 -68.28546407101376 -67.54690697353212 -66.84997296582432 -66.05500375985552 -64.89147302228248 -63.68093119215733 -62.596725523613294 -61.81293923806379 -61.71108401363452 -61.842221734321726 -61.85521237024619 -61.838173341160015 -61.749241546518995 -61.62721851733274 -61.511985131669306 -61.358440247809185
-74.42788526217024 -74.48141556718832 -74.48951582004287 -74.31928168821105 -74.14357203735693 -74.12707495738795 -74.16139844305093 -74.21000390923004 -74.22201918542058 -74.09398278136345 -73.94712407120574 -73.90058927334987 -73.85716636477083 -73.75549804289004 -73.60716636477083 -73.3623312787662 -73.14390180842864 -73.12578981013041 -73.10514673376488 -72.89383700926541 -72.62163355288419 -72.39183388978837 -72.0957286231664 -71.74231715187634 -71.08177061407645 -69.58891297160946 -68.09878515228012 -67.48573530703028 -67.10666572829129 -66.66234099365795 -65.99552239858176 -64.62804062612682 -63.22345209104995 -62.34352888649243 -61.81545466036498 -61.76109357878603 -61.85817618027381 -61.754175593483126 -61.66172821412262 -61.755164559984266 -61.79687539347289 -61.53203469152696 -61.18662332833745
-74.14756537473576 -74.14035544813602 -74.13081851863718 -74.06787195015335 -74.00521550772604 -73.99033890532864 -73.99078966007961 -73.99817372661586 -73.9878055063554 -73.91317153313875 -73.83136136433528 -73.80701174624966 -73.77096764591653 -73.66864247589778 -73.52096764591653 -73.29682737167796 -73.09777664779783 -73.08376192968312 -73.04849305066526 -72.7733432731504 -72.45526876532142 -72.32810152573629 -72.06258732567565 -71.33605448426911 -70.36258735652781 -69.18009700127263 -67.99443162620392 -67.05229938571325 -66.26903149854793 -65.75489912457238 -65.1717905948269 -64.02894551217685 -62.89458122101154 -62.244307205828186 -61.86518664916846 -61.757724519577046 -61.75720494354218 -61.64583138152258 -61.58335080015142 -61.76886086081638 -61.86651293971256 -61.47622068247647 -60.98979494217154
-73.84874185658401 -73.83316740278072 -73.8488262393876 -73.84872200939414 -73.84871720962656 -73.84920002268473 -73.84959703423716 -73.84920085376848 -73.84880159243014 -73.864857205396 -73.84965677008327 -73.73991330466868 -73.59881294204743 -73.47370710886742 -73.34881294204743 -73.22439513687301 -73.0996624448919 -73.00475944019631 -72.84714335043847 -72.4715486014419 -72.09628817278535 -72.06513919567529 -71.84644364105235 -70.78308198942145 -69.59521584329626 -69.01937915161483 -68.34933535560876 -66.86311291016132 -65.34445072325535 -64.48155380003693 -63.83905230389955 -63.170855744771195 -62.597331088194466 -62.161335372306645 -61.84930788925164 -61.677515668868665 -61.5993325362091 -61.56851374731586 -61.60018203905358 -61.787733051136 -61.85010333105865 -61.39674148083179 -60.849506976624916
-73.8393620421258 -73.84204690126151 -73.8393620421258 -73.7550720549255 -73.69288316904021 -73.78320726796923 -73.86969197956032 -73.79034621355088 -73.69249800777125 -73.71120230492066 -73.72128730012992 -73.61561336466784 -73.47513891281953 -73.34968459015056 -73.2255240740885 -73.12955770012076 -72.98972613963335 -72.72351529695462 -72.38918980874485 -71.98396639397697 -71.60847471004136 -71.50226066525943 -71.24579222581093 -70.32305110771951 -69.26304196977517 -68.58394179373103 -67.80221532672138 -66.45065645156328 -64.99845474296134 -63.71909687233711 -62.73248543235674 -62.39622553690948 -62.27069629374766 -61.95826656943544 -61.690572201426434 -61.60152181762675 -61.58666591324308 -61.570254649741976 -61.60009765625 -61.797316487491386 -61.86622552813966 -61.420699909066116 -60.8531789464017
-73.80464472717321 -73.82246903798753 -73.80464472717321 -73.65825550844824 -73.53705024065857 -73.63309817241837 -73.73852184814098 -73.65673146797452 -73.5459333133289 -73.53879311585015 -73.51534272497801 -73.36807596426829 -73.19227264301864 -73.05943510657427 -72.9333895703483 -72.82710778517423 -72.66465549013604 -72.3359231623496 -71.9564083385525 -71.61513989085707 -71.28141429025507 -71.02399524827092 -70.63350991541915 -69.83642671863491 -68.89398554018061 -68.0306070663127 -67.08321731198441 -65.9028654904626 -64.67160269306319 -63.44052402752034 -62.45354665784635 -62.1117756780314 -61.994742405876124 -61.754335105709174 -61.57458803193662 -61.561627659087364 -61.60106559112159 -61.5895732710611 -61.60009765625 -61.76433745702296 -61.802708857430034 -61.348222480135775 -60.794793719631286
-73.63583589843671 -73.65135239022707 -73.6347387905059 -73.50719923664622 -73.3812184244598 -73.37120774679443 -73.39259124991537 -73.40369852082267 -73.39022433015987 -73.32875905451569 -73.2049454630546 -72.9591823875585 -72.703792016764 -72.55862060380252 -72.44149478727157 -72.31825625912198 -72.16470611242511 -71.92612107167295 -71.65991593455429 -71.44088744477139 -71.16216648877568 -70.75120144864765 -70.17983658120244 -69.34893617415611 -68.39888851688656 -67.46217533332256 -66.46338060752757 -65.27480734880237 -64.18578020536388 -63.54915679547299 -63.04664121829863 -62.389246194209235 -61.84190347786718 -61.63618993758012 -61.58318295278067 -61.57547027169743 -61.60009765625 -61.59898975432584 -61.60009765625 -61.680618230975554 -61.63473879050591 -61.13528757502221 -60.62353866894427
-73.45976288848853 -73.48320027821707 -73.47538767843835 -73.34161682103293 -73.22538772040934 -73.30235427740969 -73.38134656461384 -73.31808775990525 -73.14755244821505 -72.79845157521791 -72.44529923656684 -72.27613613739597 -72.1790933949366 -72.09789354685738 -72.05380303698034 -72.10814550062524 -72.08447190096746 -71.75851795704783 -71.33505303658985 -70.96139276687066 -70.58563408827027 -70.24070773427803 -69.81942795284313 -69.24759431169852 -68.45918158498219 -67.25757740862359 -65.9603427649813 -64.8088848537725 -63.83505265885097 -63.20538846177799 -62.75721956914804 -62.374657401270156 -62.083891898561745 -61.87884993959929 -61.74043213021455 -61.64879865771057 -61.60009765625 -61.599121125240444 -61.60009765625 -61.593424864088306 -61.47538767843836 -61.025047271060835 -60.58447253053228
-73.34589997493823 -73.35028469179069 -73.32299037751349 -73.18611756674233 -73.07642262655071 -73.19132048684385 -73.27093599376244 -73.07787731383334 -72.74210941580321 -72.23389042032483 -71.7949490382066 -71.74768916847805 -71.82034336712859 -71.81372627590282 -71.83249553656465 -72.01015291488432 -72.0609806805873 -71.63667393205867 -71.05849594909006 -70.5251958363965 -70.05601121759281 -69.81087239644927 -69.56645043721437 -69.22873619145207 -68.56970060098617 -67.10085827786196 -65.50956906297867 -64.40514606404416 -63.533244092677954 -62.80710392268148 -62.33328077521697 -62.31289815766008 -62.37549198517199 -62.12479245252473 -61.83934022826133 -61.68792558196736 -61.60352990528722 -61.60653999615202 -61.60352990528722 -61.506013140888115 -61.319558128476274 -60.965938514906455 -60.6080521443743
-73.37250079015558 -73.29214827972478 -73.17846429798294 -73.06955873920006 -72.94511606847156 -72.80471884661975 -72.62678268073381 -72.35707248201066 -72.09312289894932 -71.92258193065999 -71.82087443650573 -71.81174154784455 -71.83788244780159 -71.85136311250308 -71.84782429430376 -71.84036736373574 -71.72867644239335 -71.36088011185458 -70.90474636270062 -70.48032030090532 -70.07889916186892 -69.78346339465676 -69.43900846424737 -68.98870602768278 -68.22100795783743 -66.67072860505223 -65.04195219396942 -63.96275706552734 -63.19597522117836 -62.74998700868852 -62.5162257300551 -62.44341964191483 -62.36806422811536 -62.011930255106954 -61.667920131718525 -61.598515863168174 -61.61674942673862 -61.64228436405811 -61.61770798730811 -61.42494272682427 -61.165646769772295 -60.914271925891974 -60.63435975779673
-73.19837637465724 -73.08182534361346 -72.94520148043944 -72.79571393437153 -72.60578413748135 -72.32266080344597 -72.02907123668527 -71.77082189915984 -71.60592403192472 -71.66374147815797 -71.77602289345113 -71.7937960419715 -71.78858744116977 -71.79940152033099 -71.77483230811946 -71.68534868206147 -71.50433052485631 -71.15936564976859 -70.75829914262857 -70.41281964374278 -70.038984302947 -69.56838526542569 -69.06610618543932 -68.73974857259753 -68.09335100603715 -66.35922544681881 -64.56015325878093 -63.62128952220766 -63.06782504882266 -62.76633505697379 -62.61782140707257 -62.50499074516593 -62.34930393269555 -61.938955840738544 -61.5564510864357 -61.48484728892714 -61.51068031329193 -61.533399023315994 -61.49732204201884 -61.274249063160205 -60.981185738305165 -60.69835658974724 -60.40790469906076
-72.85419739488931 -72.72971027945883 -72.6051555155465 -72.3716909920784 -72.10653505897612 -71.83984904704127 -71.60396190255986 -71.43078163290656 -71.35173238561698 -71.46112997275746 -71.60220740811073 -71.61854231069393 -71.60341667687044 -71.61846095068576 -71.60220740811073 -71.52448756549036 -71.35303414574754 -71.00872056856154 -70.60195626000821 -70.25874374792114 -69.85317714670616 -69.21277389934501 -68.60326654794343 -68.52412065102428 -68.10165460231791 -66.13491716351206 -64.1051827892578 -63.38381998138353 -63.099595360044944 -62.80269619677063 -62.60022903927038 -62.49097983742788 -62.35009765625 -61.973643746219594 -61.597667500792355 -61.42757613291156 -61.351357434597475 -61.366489382119425 -61.34990863567347 -61.14660781450375 -60.849897017735245 -60.45992972633297 -60.10116841402095
-72.55879722200349 -72.36035201578564 -72.15335019506776 -71.86645939629035 -71.60673125151504 -71.48351968322694 -71.41858545659616 -71.3599121433779 -71.3381852463022 -71.39763301232793 -71.44561078052391 -71.35546476473846 -71.27345058759215 -71.37431114268529 -71.44593083092713 -71.28974226390585 -71.03984370318497 -70.78249385005405 -70.46264399692315 -70.03489321921337 -69.55655686918098 -69.0550823960754 -68.57467258433832 -68.39918267430669 -67.83710274754411 -65.79305332598807 -63.762498328854 -63.22634747457599 -63.13288388743562 -62.842584840902354 -62.59977760584678 -62.467958027756765 -62.35009765625 -62.16184592302879 -61.928665027327135 -61.5849397086418 -61.319551777886886 -61.416410009931916 -61.52481825240748 -61.32701036543975 -61.008105086411454 -60.62746098447665 -60.244592424447575
-72.17821597495765 -71.89481574819493 -71.64516336242234 -71.41232185372127 -71.25126217513223 -71.24576106073286 -71.29246420349315 -71.30747877105955 -71.31619707348037 -71.32698454889638 -71.30702898067653 -71.18198083448091 -71.08481750157696 -71.21016264598529 -71.29872791510664 -71.087896491007 -70.78227743371113 -70.541332107691 -70.23788678167091 -69.7370447261823 -69.2214363002754 -68.898480974684 -68.55891468488866 -68.18556065939863 -67.40957648986145 -65.42914873138905 -63.52601372209763 -63.04195662324139 -62.99501752051832 -62.784664675168514 -62.608398721819896 -62.47193695818347 -62.35009765625 -62.24091560489643 -62.080458551175184 -61.72255367249001 -61.41195746666394 -61.45203871694125 -61.52078774446193 -61.35534035282916 -61.08162887789767 -60.72459889923827 -60.32434648930598
-71.6979649600369 -71.36137505217019 -71.16548457395257 -71.10372166329236 -71.11116597002437 -71.11721831625478 -71.13234332307795 -71.14223309639908 -71.1506060038916 -71.1590015426437 -71.1596484303162 -71.13643537269019 -71.11592190249306 -71.16001136840333 -71.1465610283486 -70.94216085924364 -70.64251605280562 -70.30810706640113 -69.91119807999665 -69.39587473137625 -68.90715310445366 -68.67682686568926 -68.38864890522707 -67.84413996833527 -66.92179015610171 -65.10480915771731 -63.380558954141094 -62.79937340276763 -62.65554656348127 -62.60563678696905 -62.613185058217596 -62.506875059557885 -62.34783704964384 -62.11779692956776 -61.883651454345454 -61.73155521561252 -61.58546060460196 -61.37520656150488 -61.169288031082615 -61.059216833688154 -60.90578128273766 -60.55529031983805 -60.14269388077006
