Instances/MontereyPeninsular/GMRTv3_3_20170309topo.asc
ncols 365
nrows 284
xllcorner 237.94573974609375
yllcorner 36.513609706554895
cellsize 5.4931640625E-4
nodata_value -2147483648
[rows 247 to 265 of 284, columns 172 to 214 of 365]
-428.4504650959672 -428.3229059321816 -424.16273430730627 -420.0413054128149 -415.9155300424609 -411.8909579739294 -407.91032933912135 -403.9692976621742 -398.08901810171164 -395.93618265882327 -386.9431376419275 -133.5762353797683 -128.18305742576771 -122.8027753154537 -106.13308725330931 -320.95084296447186 -318.74946453844757 -317.1894622194834 -320.98515311482083 -325.52624200267286 -328.835668392002 -329.73865781762953 -325.8596392381437 -320.658536541314 -313.82672651309446 -307.7335630237103 -294.21373604722766 -280.73604408470766 -260.10483274371506 -227.42908090914142 -194.25689605820543 -169.9991127089159 -140.2965749334024 -110.5449532337713 -87.38207421502007 -79.65409437156828 -71.4699263800718 -64.3055783532509 -55.90851962206974 -49.4864732542709 -47.201689311085616 -45.301421333218705 -43.927299377517905
-405.005127758479 -407.8260195251137 -413.2567560605223 -416.4281668689109 -417.34269668400236 -413.23740214061763 -407.77553135246933 -399.9980131773684 -387.8322016608982 -120.77134616174294 -117.73845661804235 -130.28223796064577 -126.71364310816767 -123.48767989001811 -109.1293967925806 -289.5885382752422 -286.81198313778435 -273.23156750527846 -273.7208030751028 -292.49344762786785 -306.01942786080866 -317.9395550487672 -319.75438946456643 -316.960471708072 -314.270763936783 -313.7533513948258 -308.8654349262462 -300.7698835012726 -281.20741785532556 -253.03159047194535 -238.91678505850743 -234.32383040964532 -206.43067508013132 -173.7776707047163 -149.59449395522597 -131.98824690562506 -98.85423806918753 -81.26122662294242 -67.25652309887369 -57.66968941281577 -54.35855722031094 -51.16499328958715 -50.83272784632445
-356.737011050865 -349.6206752738485 -372.56940851302505 -395.93852176376015 -404.2610471668725 -398.1676902584054 -388.39345401841945 -376.14214370431614 -356.34254422708614 -134.03467644816922 -129.66812807837425 -126.1907852715057 -124.55378961039798 -123.14338567351315 -172.53405345962892 -252.07528697785227 -252.28159917909446 -236.42521831131674 -224.7105469278511 -245.73436917238922 -263.36825409362103 -278.08951888730536 -288.6891087727761 -295.136228256311 -303.2650189139988 -307.993049458664 -306.8781475004881 -302.1946277203529 -297.2218948521695 -288.2096335312383 -279.87944192731703 -277.6426997193706 -263.3023174906532 -241.37430941223678 -221.62783418324113 -181.02806680753412 -156.02209247308534 -133.52826981332487 -98.53099154613201 -83.138286205671 -79.89330538992033 -67.8965820942312 -64.20180293555072
-314.5826618756289 -289.96615682618295 -315.76834922638574 -361.2295054403338 -374.1184395546032 -362.5061606003964 -348.030316495106 -347.75493801101965 -327.1729711262808 -138.43771720459617 -134.79013818789687 -131.09318816904948 -125.20806980895063 -123.81347436508372 -244.02142737780974 -227.09276852225602 -214.78065951356075 -202.5419928448444 -186.18698328285845 -191.45994640867167 -206.61766948534432 -226.87357330654646 -239.48613960255267 -250.46167583839903 -264.8351491506668 -278.29970417228446 -285.96470649591544 -288.62726241640064 -277.99854888478103 -280.74414929276463 -278.38972872754675 -274.2959385151896 -275.6641357484947 -270.09220835199443 -263.67103860742725 -245.47463041856753 -220.98284150660564 -190.68494767798515 -153.67809165175242 -136.98477500843774 -126.6257214918467 -110.52588056377041 -120.6388441885675
-289.2289103530199 -252.60361135647568 -272.01033214887235 -322.9632669351335 -336.9272318314202 -321.7689098429113 -308.6310668770258 -149.8677781385952 -149.57160358660397 -142.6240131531683 -140.7575950079096 -137.0252892752127 -123.78072207059286 -121.63582250497979 -219.42898758315656 -208.12842353533543 -187.1801135078739 -161.64480523737396 -142.75320265307772 -136.41382221096433 -156.65979908462967 -181.39161968100774 -183.61325730977285 -190.40966923787437 -209.9650209428303 -233.0346403024635 -248.83703067200742 -263.21306314770914 -266.3344991919223 -237.80389522302775 -231.81265613510857 -235.13083499374844 -243.65069343395422 -255.62461177665585 -261.65892034433153 -262.6845472757084 -255.38023586345258 -246.50203278675383 -229.27462741712603 -211.29613095209078 -182.17600810262704 -158.8848758921468 -176.95210492024594
-265.5294088392998 -225.7767993201582 -234.44165460279862 -285.2687244757047 -299.72127288104775 -275.13499451899884 -263.675514221596 -120.43926888351066 -113.89758712077148 -111.25748078108808 -109.5843246095865 -107.38225563787802 -95.36016464199984 -111.75404399982753 -199.23848153711938 -193.72714736591018 -174.34362532751604 -138.15803992121093 -105.12979362516167 -98.24734959372178 -113.17429310132947 -134.29433172626597 -134.48877115842487 -139.4888652154241 -161.19025153539636 -194.45052978797983 -212.36792103859747 -235.24922979880938 -250.7854749762474 -226.17956340585783 -192.48278865783368 -190.83136063148714 -197.20142110669508 -211.45435885026149 -210.9317250949213 -229.5345735210298 -240.56804736252383 -241.1408230982778 -240.9908318802185 -236.49772925267263 -227.5863180988788 -210.5047525024683 -194.34655178672037
-240.46841266313976 -205.7312210522735 -195.92622514914282 -247.79704190500485 -269.8784703791971 -111.3372809911057 -96.32465249191839 -95.32269296761892 -147.17924233927954 -139.65596161954085 -138.29513330903114 -139.6042317273188 -132.69921217857433 -198.3796935258265 -179.4560595143373 -175.76670789038164 -159.94895828170408 -133.16452946441643 -102.6529571843038 -86.08373704809429 -86.12918325762547 -91.47399326482389 -93.01208812555984 -99.55665463577911 -124.12700702873755 -151.840959548418 -175.75908254875665 -206.5803507517361 -229.18475536792758 -220.90441275876162 -178.29177155385463 -148.03799647149282 -150.67522236495017 -159.9217403522846 -160.8573339242918 -181.9646722325515 -200.06434781114314 -191.4111139754399 -202.60236918836006 -212.312564096339 -216.409650055359 -220.29392740850375 -207.168665439672
-209.738941368884 -180.114923182156 -168.84410007007102 -123.87039174804087 -127.2083191269464 -83.0947417662415 -72.59012378859865 -75.5143550643291 -220.05959743833722 -197.529007574373 -186.0360128219515 -191.51934987631859 -192.10091877559472 -177.8138970675077 -154.211782903558 -142.0937495025279 -122.3599416939479 -100.08433283786587 -89.06584306159195 -81.49304455068481 -79.67910876588874 -79.31583103010816 -79.74146385110453 -81.6797626256766 -91.58808222331284 -119.6934023972169 -155.29573236472962 -184.051298789 -204.92390012517578 -209.25944388175435 -175.41980332544628 -134.48531189589053 -114.22946631248826 -109.6528339551175 -111.41095557324911 -148.1180469675549 -158.68072748568443 -139.2554934556423 -150.7926451501741 -165.16892090361202 -178.20518033810816 -195.49024198512677 -210.2347608315602
-180.81118876475267 -150.81239200738784 -136.96533292865996 -154.51876440049344 -182.16019666092726 -197.78708490686648 -193.26155118817698 -195.668647488778 -202.61352657208204 -192.55838277521062 -168.43625384856554 -152.19809934916555 -156.0119978577609 -147.18775349146293 -128.3985219000533 -103.64449121846256 -86.98330576698442 -78.50057804023521 -74.66870615079138 -73.64601889667733 -74.63969344208346 -76.01783061222497 -76.67475097900079 -77.02994125654484 -79.83694815352837 -98.0366390057214 -131.6847670215926 -159.28583076955647 -177.994989808325 -191.96838853477334 -170.96755032144677 -133.0463756652848 -95.8394167592105 -78.00893568063451 -75.96101891137693 -102.61395403042916 -116.68627557920479 -89.5816658588093 -100.13068018751159 -115.01562504388565 -128.7444970212002 -146.81680255465864 -179.12608037309005
-146.4257866746469 -121.91371275676958 -108.72563253077892 -138.90288349798308 -168.19325420505493 -159.27392911960288 -150.08192898073025 -149.84318136795687 -151.32927245702385 -160.55776664497927 -162.3676915889776 -131.83830677388542 -115.30815384256566 -108.53472066038255 -95.54608732288735 -80.64986715873269 -73.31594852037283 -71.66374767391392 -70.43373846266289 -67.57306354181033 -68.7591553710704 -71.75706547729813 -73.47555828995775 -74.01912019009269 -74.89371928909188 -81.3343253772769 -102.80813193304215 -130.90296815221868 -151.05081812773398 -168.7689635052726 -164.59270693048242 -132.8040431186021 -91.22886632629005 -68.16618873107502 -64.59224265717046 -72.4714155979095 -79.20407264984267 -67.01704859159 -64.69859177383553 -70.51983263013997 -83.98470256286717 -103.33155304609488 -126.09510796233124
-109.162393391358 -94.81706391884612 -93.49845142048798 -121.0534621416175 -127.49549369833767 -114.40421499888238 -103.01580218214386 -100.92321062970213 -105.45241198608332 -121.62832883761331 -134.49002611857293 -119.87769543370543 -89.32494917772743 -74.44953777161325 -70.13758440974397 -67.50848299057637 -65.31631502146217 -66.12606605314613 -65.02321923997361 -62.40396489885017 -63.039620310787896 -67.21514087154051 -69.54749569283696 -70.27123936030816 -70.69235741646145 -71.95852406909142 -78.20197556789597 -99.24529826945019 -121.14958097658126 -141.17451115535377 -148.78616034052442 -129.54313634188304 -94.71703169348123 -65.79597408909004 -59.55391197828407 -59.02491609361198 -59.66447006767609 -58.76539068091186 -57.312248437154786 -56.69573392121171 -59.62054430838671 -68.25960514639182 -78.59225345614067
-78.62563503721248 -76.82058165642422 -78.78350117854995 -91.4644300204656 -88.78440057431342 -80.21809800276003 -74.93390404259317 -74.72107881869837 -80.46909999896819 -93.52425662638291 -100.63681253063083 -88.12357315102741 -74.9633228632547 -64.319891461386 -62.05604000055963 -57.78175958748923 -58.89629368796915 -60.54421048465074 -61.37413191528374 -58.66619631301354 -57.41380511594073 -62.6316262525752 -65.44970596817419 -66.38215867013865 -66.86305423069481 -67.61370080319213 -68.51913798310542 -73.86104901974045 -89.51658279502753 -116.13508072132149 -127.55323115566284 -120.41336985894742 -93.00693522311025 -65.1601504740292 -57.859142735110325 -55.52489787985141 -53.690094023922725 -52.754140241954275 -50.83094452030828 -49.01743586771541 -48.011258150511125 -47.30630004450812 -51.91459338642284
-69.47833392801651 -69.20686161439671 -68.97625334642811 -69.93367683935159 -69.73408782165531 -68.55526579525501 -67.65412763316823 -67.01251014656462 -67.34476624026647 -69.46953089628565 -73.35528805919341 -65.72070584631454 -59.275079446803204 -55.23125315900494 -56.258288421339316 -53.264447440651054 -51.53313247422953 -48.490302445169625 -49.88494777305235 -48.602770354523926 -50.77591426091465 -52.14973195161939 -58.687504652555454 -61.57830008442731 -62.51480369720432 -62.64343140292377 -62.45461336159137 -63.41409222706963 -69.39175764919209 -82.83452101182226 -100.16797186990922 -106.11163325700855 -95.12409772595421 -71.35348718989628 -56.079162460759235 -51.598055824546854 -48.28628687889968 -46.70941738327162 -42.98912720132686 -39.95535756044172 -39.45059718331205 -40.30183947841522 -40.70621054504765
-64.67452580758369 -64.53079439599958 -64.49909819891325 -64.21470592655885 -63.846329459563584 -63.561225153361306 -62.99246278417983 -62.30888001783691 -61.87482199751342 -61.912638346178234 -61.05782774242016 -57.27470880452579 -53.743292021644244 -52.79900890393496 -52.19695374432085 -48.90291971002401 -48.17259958948983 -46.74098104934961 -43.379785232177824 -38.12753227735002 -38.030285421286166 -42.08485829008048 -47.40079221112414 -55.77404901083241 -56.667976980678006 -56.126573035971255 -55.916981591940385 -56.19124477183941 -57.194424702385646 -60.72386192536438 -73.19008073938198 -81.23476544219781 -80.49472756453503 -71.64358143338922 -53.112457921570496 -34.527213990999435 -31.25576092409341 -31.35962895648192 -29.010004159193656 -26.904352053465054 -26.04263370717296 -25.688563153266237 -34.15437074023663
-60.666432285467714 -60.87505140631781 -60.560744458849484 -61.23527388570214 -60.59987000726702 -60.08347751448598 -59.202505948487456 -58.4169241566298 -58.04188660268824 -57.13721324358337 -53.375392925852836 -49.22820243496008 -47.103391278584695 -47.20538165922993 -48.1815427727642 -46.34932679350032 -40.04778741004212 -39.75480327094974 -40.07374717120804 -37.647120408570686 -29.363708943922266 -33.241784263693134 -33.19973069781017 -39.20060244766744 -43.88345502336545 -49.642503991123064 -50.09131742475054 -50.78374501220787 -52.15331225985295 -54.095701346915206 -55.60661170331699 -57.06359480463125 -56.592640069535165 -56.52830673751883 -49.71544966511049 -18.9230159223262 -16.065687679183174 -18.738256112411744 -18.06354383749214 -17.280360540381324 -16.325797857992832 -15.195540790972375 -24.611412118528037
-57.378472048264754 -56.31683987577061 -54.16306255851428 -53.33489630467864 -57.905193824962865 -56.0637391367008 -55.30766138686552 -57.022486047418624 -55.16014237172902 -50.17317700930059 -39.67761158266664 -38.72240591158486 -36.79253828502043 -43.54150933496997 -44.36957823849207 -43.52115649112214 -41.24179900176349 -36.89243215624175 -30.75427709987888 -27.65364569227478 -26.0636782996508 -25.25458911141103 -23.36384424199173 -24.331796779533683 -31.641507198528327 -41.393089716934675 -45.51551853037658 -45.54083790915766 -46.06141749481121 -47.685938805956184 -50.184235512844225 -48.451090648562726 -48.31126247603437 -46.43536179975554 -43.77837963432698 -31.999693015751422 -31.222584102833828 -16.02155753633475 -15.739178801915845 -15.373176724811717 -14.638741667285398 -13.663683888681906 -14.86900612314405
-53.405448843993796 -52.81616259465326 -50.616716747633916 -42.59122621144339 -42.227179974834335 -50.86956919315567 -48.05715516809539 -28.250718951787903 -27.122385363523332 -26.529144220154496 -25.810246290592175 -26.072835286049152 -25.430872623235402 -33.275745668989074 -41.34255959805565 -39.47496775682458 -33.471600815639356 -22.965069206438454 -21.645864135757254 -20.544173253225004 -20.040052236069947 -19.473666879232393 -18.018346950232836 -17.865866451109902 -22.339875156062593 -32.5751266513152 -39.35232700059534 -39.19690319443831 -37.857803862810066 -32.6679610657373 -32.41297333466132 -43.556293252441286 -40.83793890968999 -42.27628397459623 -41.0850606816969 -38.19104029997037 -14.49141103288812 -11.911876068697719 -11.697395540181684 -11.415021694934778 -10.857772841927783 -10.011524448915585 -8.603678232285604
-49.93533357042941 -49.65930309734227 -45.96284738855896 -41.802575074427786 -32.9312067188165 -41.36854341375918 -24.632187102542595 -25.9664821977111 -24.945553877562833 -9.714984763501262 -7.804020927530879 -6.080615153747113 -4.582191192148489 -2.9316220047959445 -1.4306502667377934 -0.5757490212028065 -0.10904080560785624 -0.03898961429133113 0.27549974027888896 0.38887982415495875 0.3074966272888462 0.022181448198468852 -0.540103306334246 -1.3165084783070113 -2.1594096863743504 -2.9760100275351062 -4.1546065899735245 -32.4612669984589 -33.89606348045144 -32.07986175878814 -27.262613454783896 -30.4277199561294 -33.10602943090626 -35.3318517908127 -36.89288160393496 -34.00765325796648 -9.716031013999153 -31.35090087333374 -34.495082954669684 -38.173006852353396 -42.29644637370062 -46.769962214556635 -51.50679776903708
-46.59615215396808 -46.18840773738374 -44.845468841538526 -41.66389449646776 -36.01108259051529 -34.39531295653909 -23.43548397772333 -16.377404371060088 -15.345304344485903 0.22453526686548722 2.257829479092587 4.095644432995347 5.7341631973500675 7.1695685283995 8.39804391137453 9.415771714674168 10.218935647740162 10.803718706503659 11.166303528791477 11.302873180273505 11.209611631024934 10.882700553522909 10.271772754349533 9.344302729803768 8.123235914270198 6.631519247687729 4.892098839051374 -1.1728876484659418 -32.395503866856984 -19.73773901306084 -5.137786240483605 -4.678485276674392 -4.104401533140466 -3.7542170083162816 -4.240741502419477 -5.112752629340248 -7.019277872269775 -24.027340920377974 -27.239851513419 -30.93785488282498 -35.031173220499134 -39.429627435598505 -44.04304839339919
