Instances/MontereyPeninsular/GMRTv3_3_20170309topo.asc
ncols 365
nrows 284
xllcorner 237.94573974609375
yllcorner 36.513609706554895
cellsize 5.4931640625E-4
nodata_value -2147483648
[rows 209 to 227 of 284, columns 0 to 42 of 365]
-704.2317590856007 -698.2317590856007 -691.9616101228592 -686.0 -678.9259586145724 -673.0383898771408 -665.9259586145724 -660.0740413854276 -652.3798418564559 -645.341451979315 -638.6116009420567 -633.3798418564559 -627.3058004710284 -621.2674105938875 -615.2674105938875 -609.9616101228592 -605.0356515082867 -599.2674105938875 -594.2674105938875 -588.154979331319 -583.5704726960616 -580.9091863065224 -581.5849528864205 -585.2579810974646 -591.8884612397579 -597.2186176487313 -605.4705744806674 -614.0341506162652 -622.7554444520362 -634.7372523212306 -642.2720735090055 -647.663210935803 -644.4880338581486 -641.2744669033534 -651.3868981659218 -665.9261183635745 -669.1650148279072 -653.9674874278375 -623.9785421799111 -624.8647952508255 -636.2079078711641 -642.9685651556682 -649.9198532797781
-704.8950023900592 -698.934412590002 -691.9605898000572 -686.0 -679.938625350417 -672.9605898000572 -666.938625350417 -659.02196444964 -651.057161889168 -644.057161889168 -637.9915744791701 -632.057161889168 -626.9957872395851 -620.9957872395851 -615.0351974395279 -610.0394101999428 -604.061374649583 -598.9957872395851 -594.0351974395279 -588.973822789945 -582.0529491287531 -577.171485667504 -574.308368604123 -573.5460363902679 -573.9500764359364 -575.2355799428539 -578.6260810597123 -583.0250076974005 -589.3757926753938 -595.7924710023071 -602.9022760813058 -609.8887371524955 -611.53764623558 -613.1865553186647 -622.366160568076 -636.6330117382032 -641.6630957697508 -623.6980044395582 -598.2250648710422 -590.4813849939774 -599.7569676238569 -614.2605682494924 -628.7993663146558
-706.1389334007039 -699.0851457656299 -693.0444220837044 -686.0945113169997 -679.9906344486303 -674.0444220837044 -667.0945113169997 -660.1482989520737 -651.1890226339992 -644.0851457656299 -638.0851457656299 -632.0945113169997 -626.9906344486303 -620.9906344486303 -614.0500892332954 -608.9368468135563 -604.0 -598.8961231316307 -592.9555779162957 -587.8423354965566 -582.0 -577.0 -572.8423354965566 -569.6402489094089 -566.3750091358173 -564.1191349135956 -562.5923537681914 -562.0843037255266 -561.4593128613441 -563.901173585384 -567.343034309424 -573.0150782747206 -578.1100265170523 -583.1956092080142 -588.646835483424 -596.6975869863168 -598.9573849545828 -585.5599463142472 -565.7670377813884 -558.059937283757 -565.0749699847177 -584.2049747593838 -602.6021880554539
-707.7139308255753 -700.7608320916273 -693.2738684150227 -687.3931611445005 -680.2738684150227 -674.3207696810748 -668.3931611445005 -661.3462598784483 -653.786322289001 -645.7139308255753 -639.7608320916273 -633.3462598784483 -627.3207696810747 -621.3207696810747 -615.0254901973736 -609.3676709471268 -603.9530987339479 -597.9276085365743 -592.6323290528732 -586.9276085365743 -582.0469012660521 -577.0469012660521 -571.9276085365743 -567.4875461260217 -563.415154662596 -559.9750922520435 -555.8048191278184 -551.8054015772356 -548.2674575058836 -546.2894510239792 -545.3583458081268 -546.7642901614465 -549.3150174416174 -552.2803169349675 -552.9815407719883 -552.636445792374 -549.5697679589466 -540.8216428558738 -532.3370109597131 -528.336428510296 -535.8610831436762 -553.3347573823092 -572.4703299998844
-710.2023536153686 -702.6061397661167 -695.3079036990033 -688.5643391269953 -682.3079036990033 -675.5643391269953 -669.5643391269953 -663.3079036990033 -656.2760289767466 -648.2760289767466 -641.6061397661167 -635.3079036990033 -628.6380144883733 -622.6380144883733 -615.5962138492519 -609.9681252777433 -604.6698892106299 -597.926324638622 -591.8845239995005 -587.0 -581.2564354279918 -576.2564354279918 -572.0 -566.8845239995005 -562.9581993608786 -558.9163987217571 -554.2465095111272 -549.9064728048924 -545.1211075937629 -541.3676171048901 -537.9442374053872 -535.5109317890197 -534.0776261726522 -533.016231984776 -530.6247270075299 -527.4157238119228 -525.5311998124223 -520.5925940002985 -515.3241356837793 -511.8115231127704 -515.3430664375198 -527.6821820637658 -543.5853785320321
-713.6425196486765 -704.7140084687746 -696.7976118954189 -690.8053128606119 -683.8432640913376 -677.8053128606119 -671.8053128606119 -664.8432640913376 -658.7657179679663 -650.7657179679663 -643.7596606646933 -636.8432640913376 -629.8372067880646 -623.8828589839832 -616.8828589839832 -610.8768016807101 -604.9604051073543 -598.8768016807101 -592.8768016807101 -586.9543478040813 -581.8707443774371 -576.9163965733558 -571.9543478040814 -567.9224538766288 -562.9543478040814 -559.0456521959186 -554.0395948926456 -549.0775461233712 -545.0395948926456 -541.0335375893726 -537.0214229828265 -533.0868544996516 -530.1979382123955 -527.2573124259475 -523.3227439427726 -520.3227439427726 -517.3546378702254 -514.2496114607545 -511.05492432136646 -506.080760945546 -504.41236842185737 -509.02391012612105 -519.673439311943
-717.4550841698824 -708.3688601540282 -700.3830838946451 -692.2859189226399 -686.1691652472425 -679.1205827612399 -673.1205827612399 -667.2625011334052 -661.2625011334052 -653.341613278951 -646.341613278951 -639.341613278951 -632.2482773927883 -625.2068067770941 -618.2068067770941 -612.1205827612399 -606.1276946315484 -600.1276946315484 -594.0414706156942 -588.0414706156942 -583.0485824860026 -577.0862240158542 -573.0485824860026 -568.0 -564.0485824860026 -557.944305643689 -552.944305643689 -549.0 -543.9514175139974 -539.9514175139974 -535.9514175139974 -531.9514175139974 -527.9028350279948 -524.8166110121406 -520.8166110121406 -517.8166110121406 -515.8723053684516 -513.9208878544542 -511.96947034045684 -508.1905008581679 -505.2210305177111 -504.9404765578465 -508.3974214645767
-722.702194253199 -712.7159345338717 -704.0304877019066 -696.1175642938615 -687.6281682553149 -680.6717065512923 -674.7152448472698 -669.4458577425692 -663.4023194465918 -656.8619174698338 -649.8183791738563 -642.8183791738563 -635.087766278557 -627.7015045665969 -620.7450428625743 -613.7152448472698 -607.3725214312872 -601.3725214312872 -594.2991851200052 -588.2991851200052 -582.9564617040226 -578.073336311282 -573.0 -567.9564617040226 -564.0 -558.3427234159826 -553.3427234159826 -549.0 -543.9564617040226 -539.9564617040226 -536.0 -532.0 -528.0 -523.926663688718 -519.926663688718 -516.926663688718 -514.6274785687128 -512.6274785687128 -510.62747856871283 -508.7741511912769 -507.19021091854154 -506.1168746072595 -506.5541422574308
-730.2309792047299 -719.0137794226389 -709.0692179325191 -699.7791006556868 -690.7339024158855 -683.0888437774693 -676.5167026337945 -670.5444218887346 -665.2623980218923 -658.5896201285359 -652.3075962616936 -645.2346787669521 -638.206959512012 -630.8797374053684 -623.1617612722107 -615.5896201285359 -608.5444218887346 -602.6173393834761 -595.6173393834761 -589.6173393834761 -583.6450586384162 -577.9270825052586 -572.9270825052586 -568.6450586384162 -563.9270825052586 -558.9722807450598 -553.9722807450598 -548.9270825052586 -544.6450586384162 -540.6450586384162 -535.9270825052586 -531.9270825052586 -527.9270825052586 -524.0 -520.0 -517.0 -513.3097431217825 -511.3097431217825 -509.38266061652394 -507.38266061652394 -506.4278588563252 -505.4278588563252 -505.45557811126537
-739.0350394182315 -726.1646992091214 -714.4055531586534 -704.3891697170709 -695.4404022324838 -687.4322105116926 -679.5700620233739 -672.6648727404333 -666.7678751782842 -660.7161052558463 -653.8191076936971 -647.7242969766376 -641.6807187749911 -633.6812561820158 -626.6294862595781 -617.6648727404333 -610.7161052558463 -603.8109159729058 -596.8109159729058 -590.8621484883188 -583.9057266899653 -578.8539567675275 -573.8539567675275 -568.9057266899653 -564.8539567675275 -559.8539567675275 -554.8539567675275 -549.9051892829405 -544.9569592053783 -541.0081917207913 -536.9051892829405 -532.9051892829405 -528.9051892829405 -523.948767484587 -519.948767484587 -517.0 -512.9405757637958 -510.9918082792087 -508.08661899626827 -506.08661899626827 -505.1378515116812 -504.18908402709417 -503.2838947441537
-747.7537485981786 -733.6467998520721 -720.6041518715999 -710.5398511059658 -700.4972031254935 -692.3583868433573 -683.3851470039531 -676.315738862885 -670.2514380972509 -663.2087901167786 -656.2138974922127 -650.2138974922127 -643.1712495117404 -637.256545472685 -629.2833056332809 -621.3208462383191 -613.2781982578467 -606.2087901167786 -599.2087901167786 -592.1661421363063 -586.1393819757105 -580.0967339952382 -575.1712495117405 -571.1393819757105 -566.1712495117404 -561.1018413706723 -556.1069487461064 -550.064300765634 -546.0375406050383 -541.064300765634 -537.0694081410682 -533.0694081410682 -529.064300765634 -525.1069487461064 -521.1069487461064 -517.064300765634 -514.0375406050383 -510.994892624566 -507.994892624566 -505.9254844834978 -503.8879438784596 -501.84529589798734 -500.8504032734214
-756.2244504514698 -740.8326085717083 -727.872710294471 -716.4808684147094 -706.4808684147094 -696.3330528412814 -688.4470623507581 -680.3731545640442 -672.9813126842826 -665.9813126842826 -658.6633785912351 -652.7034803139977 -645.7034803139977 -639.7034803139977 -632.7773881007117 -625.0953221937593 -617.0552204709966 -608.9813126842826 -602.0214144070453 -595.0214144070453 -587.9475066203313 -581.9475066203313 -577.7034803139977 -572.9475066203313 -568.7034803139977 -562.6295725272837 -557.3116384342361 -551.3116384342361 -546.2778323702848 -542.3918418797615 -538.0338060639513 -534.0338060639513 -530.3918418797615 -526.3918418797615 -522.3918418797615 -518.3517401569989 -514.2778323702848 -511.3179340930476 -508.3179340930476 -505.2440263063336 -502.92609221328604 -500.92609221328604 -499.6081581202385
-763.1747418365042 -747.0544001543708 -733.3628594720258 -721.3860908853239 -711.4578774330398 -701.4578774330398 -692.8381232984107 -684.8381232984107 -676.789568163993 -669.789568163993 -661.7410130295752 -655.193045442662 -648.193045442662 -642.193045442662 -635.193045442662 -628.2416005770797 -620.8613547117087 -612.8613547117087 -605.2416005770797 -598.3133871247954 -591.2416005770797 -585.2416005770797 -580.193045442662 -576.3133871247954 -571.2648319903778 -565.193045442662 -559.2162768559601 -553.2162768559601 -547.596522721331 -542.9049820389862 -538.4761810391975 -534.4761810391975 -530.9049820389862 -526.9767685867018 -522.9767685867018 -519.6683092690467 -515.596522721331 -511.9767685867019 -508.9767685867019 -505.9767685867019 -502.92821345228424 -501.0 -498.95144486558235
-767.6012424792069 -752.4319441274309 -739.3082145637827 -726.421349336363 -715.5344841089435 -705.5344841089435 -696.5238893178757 -688.5238893178757 -680.5238893178757 -673.5238893178757 -665.5238893178757 -657.6264292993884 -650.6264292993884 -644.6825928785838 -637.6264292993884 -630.6264292993884 -623.6931876696517 -615.6931876696517 -607.6825928785838 -599.7957276511643 -593.7387564577792 -587.7387564577792 -582.7387564577792 -577.8518912303598 -572.7957276511643 -567.7387564577792 -560.7957276511643 -554.8518912303598 -548.8412964392919 -544.7175668756436 -540.7281616667113 -536.7281616667113 -532.7175668756436 -527.7745380690286 -523.830701648224 -519.9544312118724 -516.8974600184873 -512.830701648224 -509.88686522741955 -506.88686522741955 -503.88686522741955 -500.94383642080453 -499.0
-770.1186195600883 -756.2581839332997 -743.254799367336 -730.3116869954113 -719.254799367336 -709.254799367336 -700.2581839332997 -692.2581839332997 -684.254799367336 -677.2581839332997 -669.2581839332997 -661.254799367336 -654.2581839332997 -647.2222411183476 -641.2046808711882 -634.2046808711882 -626.1653534902723 -618.1653534902723 -610.1687380562361 -602.1653534902723 -595.1327952412839 -589.1327952412839 -584.0826767451362 -579.0860613110999 -575.0685010639404 -569.0860613110999 -563.122004126052 -556.0860613110999 -550.0826767451362 -546.0860613110999 -542.0826767451362 -538.0826767451362 -534.0826767451362 -530.122004126052 -525.0860613110999 -521.0860613110999 -517.0501184961478 -514.0325582489884 -510.05011849614783 -507.05011849614783 -504.05011849614783 -502.0325582489883 -499.05011849614783
-771.587563773071 -759.9924520110944 -747.2858161594174 -735.0299051998029 -723.249198447134 -713.2858161594174 -703.9558342988109 -695.9558342988109 -688.2858161594174 -680.9924520110944 -672.9558342988109 -665.2858161594174 -657.9558342988109 -650.9558342988109 -643.881763397819 -636.8451456855355 -629.175127546142 -621.175127546142 -612.881763397819 -605.2117452584255 -597.9183811101025 -591.954998822386 -585.587563773071 -580.3308173370315 -575.293364148323 -570.367435049315 -564.3308173370315 -557.294199624748 -551.6241814853545 -547.294199624748 -543.6241814853545 -539.6241814853545 -535.6241814853545 -531.3308173370315 -526.294199624748 -522.3308173370315 -518.3308173370315 -514.2567464360395 -511.36743504931496 -508.36743504931496 -505.3308173370315 -502.2567464360395 -500.36743504931496
-774.1511290346098 -763.7969958809526 -751.7082338957008 -739.2504153963953 -728.3022580692195 -717.6379315666627 -708.1801130673573 -700.2504153963953 -692.7082338957008 -684.7266935519147 -677.3207177254334 -669.6379315666627 -662.1801130673573 -655.1098107383193 -648.1098107383193 -641.7038349118379 -634.1616534111436 -626.2319557401815 -617.1801130673573 -609.7082338957008 -601.6563912228767 -595.202971707434 -588.1511290346098 -581.5755645173049 -575.9815403437862 -570.9815403437862 -565.6458668463429 -559.1695886908236 -553.557104861091 -549.1695886908236 -545.6274071901291 -541.557104861091 -537.557104861091 -532.5052621882669 -528.1695886908236 -523.5755645173049 -519.5755645173049 -515.5755645173049 -511.98154034378615 -508.98154034378615 -506.6458668463429 -503.6458668463429 -500.98154034378615
-776.6406057043932 -766.5933911156174 -756.3284259975625 -744.3416702238932 -733.3416702238932 -723.1354846234283 -714.148728849759 -705.2812114087865 -697.3284259975625 -688.3399909263767 -681.3532351527074 -675.014566993215 -667.9068935893324 -661.7139522151983 -654.7139522151983 -648.7876552566357 -640.8348698454116 -632.0278112195457 -623.0882700346524 -614.2679671824558 -606.3284259975624 -597.5801468892867 -590.7010645194998 -582.8203028521966 -576.8070586258659 -571.8675174409725 -565.9527854112241 -560.8335470785273 -555.6878202931691 -550.8335470785273 -546.8203028521966 -543.6878202931691 -539.6878202931691 -534.6878202931691 -529.8335470785273 -524.8203028521966 -520.8807616673033 -516.8807616673033 -512.8070586258659 -509.80705862586586 -506.9527854112241 -503.9527854112241 -501.8675174409725
-779.1280875986424 -770.1950970257312 -760.1950970257312 -748.2317048846119 -737.2297277994336 -728.2561751972851 -719.294760141344 -710.2908059709874 -701.2970122616601 -694.3884920014218 -687.4617077191833 -682.5653250051528 -677.6587818300928 -672.6891833983009 -665.6931375686576 -658.5529124238074 -649.4898571670752 -639.4268019103431 -629.363746653611 -619.2987143117007 -610.1950970257312 -601.1565120816722 -592.1016402007912 -584.1036172859694 -578.0264473978515 -571.9980229148217 -567.0264473978515 -562.0264473978515 -557.0670094270888 -552.0670094270888 -548.0670094270888 -545.0264473978514 -541.0650323419104 -536.1036172859694 -531.1055943711477 -526.0650323419104 -521.038584944059 -517.038584944059 -514.0264473978514 -511.02644739785137 -508.0670094270887 -505.0670094270887 -502.038584944059
