Instances/MontereyPeninsular/GMRTv3_3_20170309topo.asc
ncols 365
nrows 284
xllcorner 237.94573974609375
yllcorner 36.513609706554895
cellsize 5.4931640625E-4
nodata_value -2147483648
[rows 76 to 94 of 284, columns 172 to 214 of 365]
-39.62519246011636 -38.31726919376801 -36.477925410086826 -34.428491649980394 -32.84840411701131 -31.145206518464782 -29.24050197980717 -27.268706784633604 -25.890206250988232 -25.708464847384285 -24.73851243725722 -24.534272745999356 -25.80268166959788 -26.06327617751456 -24.299684660102162 -21.94118681062414 -22.222291602022 -23.02391357601424 -21.477840820510632 -19.881767897726046 -19.414643454444285 -19.134424097086203 -18.19403602985639 -16.990553638854042 -15.771245290667178 -14.913772426573836 -14.271633518490077 -13.056665294901965 -10.577325761360854 -4.348856931945075 -3.8646756512820803 -4.016298154332618 -2.840381385138143 -1.636708353483741 -0.4054426536470276 0.8532521209602271 2.1392123761914585 3.4522745174660323 4.874253613943328 6.465336423027534 8.19291689203157 10.024388957762426 11.927146559865081
-38.57781266607768 -37.836894883673466 -36.92397821973836 -34.462939425495435 -32.28555874488034 -30.74777802624588 -29.24130499052637 -27.5849105112337 -26.018432584629846 -26.018366221698813 -25.29762788288579 -25.21677379000689 -25.870696210099414 -26.13571164750077 -25.257075769305658 -22.357639573573827 -22.153673147168053 -22.68352965621641 -21.76782959912926 -20.333788357817067 -19.847200459405933 -18.761790119185186 -17.414954805446115 -16.502848972903863 -15.087233658776018 -14.634975915005999 -13.91278046795388 -12.663169745850531 -9.784837099345035 -4.1926362161283715 -3.7385245834243457 -3.267011951363785 -2.0846945124919625 -0.8734433759266711 0.36685504329522617 1.6363141762311657 2.9350474912425395 4.2631683471042985 5.702444995916021 7.312708910360252 9.061170715155132 10.915039299977833 12.841524244905077
-37.88214840054859 -37.25122589383478 -36.5536137406842 -35.729591002330395 -34.67292024937406 -33.2148538984163 -31.468850289756173 -29.72468057604407 -28.312713598958176 -28.079436211193155 -27.248146752423672 -26.747020062474014 -26.333969411212994 -25.193985025423544 -24.252747560419166 -23.250343833984516 -22.58445441261188 -21.742727672670057 -21.026925903148147 -20.304548122041563 -19.3424893624907 -18.153403154063902 -17.230287189989284 -16.422975749982985 -14.568741865475324 -13.7197858763485 -12.537591686631423 -12.299698356248454 -3.577128195894902 -4.046109091218199 -3.559609777756629 -2.527078036785632 -1.3393621306976642 -0.1215463733300429 1.1267618280698757 2.4059550773703453 3.716426176244663 5.058567401419044 6.513929868970388 8.14186392433438 9.909460521871477 11.783812894335014 13.732011522445127
-37.292841309022634 -36.66794772293193 -35.80356201726682 -35.02806482545295 -34.15854000396902 -33.24399681968408 -32.07372467507842 -30.508460496907798 -29.475208199939424 -28.40780867571314 -27.024167614477243 -26.081408771657742 -25.352118727230327 -24.616911690126138 -23.324466275171297 -22.591301582153324 -21.700081907172954 -20.79431930088397 -20.293327695796233 -19.508259811615034 -18.83522321736692 -17.61558683263923 -16.99350735214793 -16.13996874369002 -14.679966919718769 -13.020495390065426 -12.264258907627925 -12.152652785085868 -4.242173169818863 -3.8938755759253096 -3.3078757266573096 -1.7907057850794335 -0.598627220266005 0.6247107081959933 1.8799816786191437 3.1678593399298385 4.48901753346055 5.84412962860693 7.314355979056526 8.958435738788221 10.743410351512267 12.636322265486003 14.604212946961919
-36.60603724277892 -35.93416566998508 -35.1992524321673 -34.324543110242644 -33.55907472344686 -32.73118914655167 -31.43501586591545 -30.29375674891835 -29.121769320681317 -27.731316373220253 -26.355747870783404 -25.52737487897701 -24.699859578001615 -23.46664472947895 -22.481199885460967 -21.887608850220012 -20.856360357935294 -20.183748234674205 -19.621983206632617 -19.105897199765604 -17.982343740238473 -17.02741542746885 -16.527696888305716 -15.200981951080317 -13.91875775896447 -12.776502201163607 -11.325462768784254 -4.494233020885376 -4.094861622055189 -3.601410350137991 -3.0620593822809568 -1.0708839328478337 0.12346319753992187 1.3502436288773392 2.610437310531261 3.905024607835068 5.234984740351578 6.601298834881061 8.084490866663828 9.742479637799633 11.542337320903425 13.451134181320077 15.435942394139282
-35.927670538030426 -35.28442729819084 -34.61298225915728 -33.69510885009623 -32.74551096784566 -31.66051860065532 -30.222014695731993 -28.86182240489113 -27.905978737139126 -26.72182979044025 -25.71632152975503 -24.94384467039768 -23.9132238924895 -22.629341505605325 -21.815768877873094 -21.042224344648922 -20.108451750667797 -19.568604790457847 -18.759326938229748 -18.156129502147405 -16.902022763481092 -16.44778185945888 -15.650230596514074 -14.362867769618173 -13.313843287920344 -12.212184504232981 -9.56299565403058 -4.323365944262959 -3.831491657384793 -3.3407913844045907 -2.858904839429597 -0.3894046115697529 0.8039924801770865 2.0310277338100176 3.2930388381904816 4.591363947969766 5.9273407752833895 7.302306694486429 8.795832302765495 10.464722667420927 12.276168915939795 14.19736189732657 16.195491698226125
-35.149517362375605 -34.428036708705484 -33.6214660171802 -32.561387756077735 -31.253731931215682 -29.707216237582976 -28.373246648217226 -26.93425387146256 -25.75847937545783 -24.395854978843523 -24.111330591226 -23.58428853211669 -22.741186568494538 -21.678551920285525 -20.822491154060955 -19.935525627635343 -19.24983279431067 -18.654212565545492 -17.88053026272773 -17.09194588714269 -16.179505770036663 -15.872326536651244 -14.644176301290194 -13.820795973679436 -12.493686314022966 -11.381591593444512 -4.0228229095707535 -4.1799713072943305 -3.7035071869762666 -2.539828853455852 -1.7050683068273695 0.2577607088040003 1.447581333220521 2.6722618891846297 3.9335368195169655 5.233140707869528 6.572808205099417 7.954273408348691 9.455873658207238 11.133050869771356 12.953199116716128 14.883711249306977 16.891980790650493
-34.725650704197975 -33.84023277047453 -32.52956182461536 -31.46752949864171 -30.071421479485267 -28.29771350465719 -26.650051645999135 -24.838516493632476 -22.877398416087093 -22.29580964674998 -21.640834468309812 -20.235650405911624 -19.724313872806594 -19.8945650178476 -19.391154930935162 -18.4551090800636 -18.038639570024905 -17.435208050181824 -17.105108245895387 -16.231219858388055 -15.661465365795623 -14.913101590493659 -13.92485246188284 -13.065037608657674 -11.903746580562366 -11.038575722981147 -4.346626045848192 -3.9330423485078683 -3.4608408732887392 -1.367453631650332 -0.23384439457469064 0.876835403289917 2.0611884236761844 3.281623710352398 4.540295267237273 5.839357595607919 7.180964757160807 8.567270838540162 10.07515096913459 11.758491580801255 13.58496182092405 15.522232508266562 17.537973557483333
-34.439771621913835 -33.64445899433635 -32.037569569173236 -30.169737972039012 -28.43897033684374 -27.033408405976587 -26.569622668971796 -25.091220449392136 -22.414767254741268 -20.089647695924086 -18.98013435351301 -17.673429734167012 -16.786871031835286 -17.51013821955447 -17.63730085897282 -16.817382344198684 -16.519478561174072 -15.93785151922356 -15.796580478359314 -15.445157949729046 -14.88302708802741 -13.835943043875755 -13.254020774897924 -12.476551816903491 -11.319232267613872 -4.420816506851762 -3.9804194327963294 -3.605736938901279 -3.1214607603881617 -0.7798778747393124 0.33101948575830253 1.4740424460309731 2.651772180059673 3.8667903405044686 5.121677982123458 6.419016162889062 7.7613864091825 9.151370257071768 10.664202129816042 12.352071499261603 14.18299149709243 16.124975257528913 18.14603688551275
-33.68619394833577 -32.54905573035113 -30.943986633513298 -29.24878687548371 -27.52394506360257 -25.610210869096644 -24.783538977904243 -23.585470257197294 -22.144569912866988 -20.33289126602819 -18.007838039964298 -15.619496824431787 -14.515175574650941 -14.45252969053905 -15.43762977370826 -15.363534642399319 -15.074345073886466 -14.898390659425907 -14.72103877982483 -14.62371026199863 -14.041154975243957 -13.238856603185187 -12.627671033774355 -11.448240366458633 -10.491459007846139 -4.182776235186077 -3.73794689889389 -3.2775361886155028 -2.792951212139771 -0.18250463308646145 0.920239086092311 2.0554444661085816 3.2261116811732604 4.435241104331497 5.685832710151754 6.980886782409092 8.323403813051636 9.716383425895405 11.233290714921262 12.924533195145976 14.758524148998184 16.70367859517073 18.72840890222374
-32.28883490746215 -30.986070473365768 -29.78114157569655 -28.315934121271003 -26.474729396301534 -24.439881165788435 -23.15921832522196 -20.853728949599486 -19.902701141890326 -18.940677473291665 -17.091119383576533 -15.15641994906398 -12.587033150214577 -11.982615280189139 -13.220730534324634 -14.198632303824144 -14.00038981176787 -14.087735221869767 -13.975361628415406 -13.95811177518867 -13.374150080345315 -12.621808752663854 -11.663023582844561 -10.777173745801404 -7.040422267326516 -4.050440626667065 -3.562692385753308 -3.0340414058943033 -2.497240144174985 0.40447385266684366 1.4993597244516363 2.627041943584841 3.790916468100626 4.994378742379917 6.240824587728097 7.533650050840022 8.876250471717356 10.272021639315955 11.792577161838194 13.48650923982543 15.3226826864298 17.269961416895065 19.297210251320262
-30.60672373684926 -29.53798152513443 -28.200059054923955 -26.90287507337306 -25.85792069607139 -23.687062973338257 -21.94368507820197 -19.853887816022212 -19.04511857206529 -17.194199574407154 -15.352580435884366 -13.964593679548848 -12.514906842085914 -10.493019296789981 -10.93595267623834 -12.834357538042665 -13.301676114790538 -13.283852167708043 -13.542339367218895 -13.512575186495724 -13.006477660023766 -12.125398298212431 -11.29789626618342 -10.498883904171059 -3.673391239483748 -3.897651786414738 -3.4254735943456276 -2.892327128010325 -2.247658197728698 0.9858218716508715 2.073866305531803 3.1950557754689832 4.353142318442156 5.551877646439708 6.795014164674729 8.086304267387353 9.42949941338676 10.828352559911139 12.35259350504223 14.049022380207077 15.886996409522757 17.83586898759885 19.864998272208542
-28.46364633042248 -28.22574925749266 -27.00003456098134 -25.910990227735255 -24.895286473001704 -22.90140265870191 -20.6495025729157 -19.745166712842497 -18.801735608469453 -16.680072472510318 -13.555659056224666 -12.924465604280908 -10.989509679508009 -9.552013894611623 -9.21520132438821 -10.983637175557128 -12.990274671863256 -13.117181674886993 -13.5663833424804 -13.453407953319275 -12.850929563467277 -11.885475686834559 -11.324666291936413 -10.437727950999369 -3.789704059846757 -3.6250692759627468 -3.1595182698985607 -2.640651595447436 -2.020420092917986 1.5663045875685973 2.6492451826769865 3.765707899304609 4.919745979680291 6.115413617102167 7.356763588928135 8.647850573057516 9.992725901472303 11.395445698406034 12.923874896884634 14.623097386670617 16.462994348395306 18.413448783352102 20.444339991680604
-26.578338588032345 -26.528881706837698 -25.601993681664453 -24.874909250061346 -24.17202282848768 -22.601871149575608 -20.100291063483382 -18.750502473293704 -18.273808009745505 -16.276169769453627 -13.833286595566408 -12.335061420147326 -10.43945821372874 -8.967353700143377 -8.622720832037965 -9.403785119728113 -11.300668258445878 -13.146614965135674 -13.709973478438256 -13.995199011523166 -13.112319477032853 -12.128251830969763 -11.168402418158099 -9.142458797556243 -3.716726124022715 -3.2969152503523467 -2.7985691726070114 -2.2752024908077204 -1.7416904393181765 2.1505813296435523 3.230859946788973 4.34508156553502 5.4975307423884505 6.692491971551126 7.934249645196727 9.227088337095116 10.575292710621046 11.983146915240322 13.51672064622346 15.219514162480717 17.061957633307475 19.014480698620396 21.0475140078121
-26.541403464000297 -25.368874310988822 -24.506763944061476 -22.88926931666689 -21.90714868837766 -20.62034751860596 -19.092006544841823 -18.410616409998823 -17.244844494453677 -16.140645725835427 -15.254208633413766 -12.542510645109143 -10.82997891359392 -9.502210875096967 -7.8797851314194345 -8.02798973494489 -9.28294519075569 -11.388279819479504 -12.300614633100459 -12.79116636156742 -12.794223531932115 -8.729122357738493 -7.887571497431908 -3.5153801551123793 -3.500343726045683 -2.9864501744232257 -2.375518855407471 -1.7816638007189272 -1.319531278180262 2.7432323155783815 3.8239840491024317 4.939157575525423 6.093183040657937 7.290490590310558 8.53550917642508 9.832669814127426 11.186401812453038 12.601134891894748 14.141257478641306 15.848869518594046 17.694966603405472 19.650544610199326 21.686599737326695
-26.420741638787618 -24.199127229163913 -23.799451779243476 -22.010202767248664 -19.55158710468107 -18.83717582786243 -18.27606101734792 -16.61465247076336 -15.555319938693032 -15.410349970022471 -15.035810363823071 -13.163661932506717 -10.969807212135887 -10.02991434633627 -8.813239767648692 -7.488023000534851 -8.165788084897269 -9.297988695598463 -10.24244984364775 -10.405468434691446 -6.431817827705654 -4.21331084460937 -3.8807470637933053 -3.6916443546848052 -3.209510650871511 -2.6749665145835024 -2.0668103508798237 -1.7312691161654206 -1.352888128742177 3.3490187155193034 4.434098700200033 5.554152739285646 6.713654797848906 7.9170788409625725 9.168898206571683 10.473587890990274 11.835621064484648 13.25947069989252 14.808011006658564 16.522179925094193 18.373544183310354 20.333677897249725 22.37414901620358
-25.957044108872623 -24.872615971379613 -24.021060482900563 -22.561935838437 -20.78216606177664 -19.93308568093529 -19.266348492902132 -17.884978336796628 -17.04988849379449 -16.495593761924006 -16.009374443359743 -14.663524853567065 -13.578351630558581 -11.072076543866745 -8.925727491869614 -8.088977174292069 -8.316145225127563 -8.22567671682029 -8.902524101824358 -8.415147118197677 -4.492183010550484 -4.113614692704226 -3.754036996574687 -3.3636146927042256 -2.8794373879494843 -2.363485074150958 -1.8459158902633312 1.7853496081693883 2.802439257863046 3.973292420784374 5.067269089549576 6.196860632002958 7.366468267778859 8.58049319363865 9.843336626555176 11.159399792779919 12.533083887059822 13.968790070769284 15.52809250966977 17.251059747441793 19.10983446939727 21.07655960194563 23.123377893261445
-25.00524462204549 -22.967441346561564 -22.822131083861688 -21.99283715810005 -20.571528915625816 -19.744767986462264 -19.0722193036584 -18.32644362156737 -17.635836288512877 -16.857964754963728 -15.921176812947904 -15.182719316230834 -13.66682215690496 -12.548283175273937 -10.23881740806852 -8.69084007775536 -8.26169231685684 -7.884007355785181 -7.86774392445624 -4.186221397607316 -4.141050293915242 -3.8182200917510167 -3.4703039848416832 -3.0682200917510167 -2.575840123766554 -2.052005853071023 -1.5261461220218746 2.4597430077477984 3.508066835442528 4.584419732678684 5.692961918703348 6.837853612763594 8.023254534479166 9.25332556910185 10.532225915247512 11.86411607785208 13.253156456791025 14.703507394935718 16.275670194669495 18.009205704266844 19.876862311421032 21.851388460829423 23.905532901442065
-22.854473166596563 -20.364732073255464 -19.901356075267216 -19.69191813080628 -19.597196161384133 -19.3847346342667 -18.48257015946315 -17.52318495321146 -16.927142778493586 -16.175937318060953 -14.931026677600642 -14.7113847280677 -13.675385617651033 -12.481734721989259 -10.241313973427573 -9.545958631868775 -7.88190136074284 -7.129538354596965 -6.00042130670364 -3.981885660496937 -3.7270338955098192 -3.4433072407345775 -3.0941947388402253 -2.6933072407345775 -2.2301250686095884 -1.894698502505247 -1.4158335811235223 2.9922656364952207 4.0579456056894205 5.153333922231303 6.282159259155625 7.448150289497139 8.655034956263309 9.906542823723038 11.206401787251515 12.558339870775473 13.96608545360651 15.433368734776273 17.019798566338316 18.76478076209012 20.641737854304285 22.624090555533385 24.685260810603722
