Instances/Oresund/GMRTv3_3_20170610topo.asc
ncols 573
nrows 429
xllcorner 12.109130859375
yllcorner 55.28662368224954
cellsize 0.002197265625
nodata_value -2147483648
[rows 374 to 407 of 429, columns 154 to 230 of 573]
-15.63 -15.69 -15.81 -15.94 -16.08 -16.21 -16.30 -16.36 -16.36 -16.34 -16.36 -16.36 -16.29 -16.21 -16.15 -16.11 -16.12 -16.11 -15.95 -15.83 -15.95 -16.11 -16.11 -16.11 -16.19 -16.34 -16.60 -16.86 -17.00 -17.11 -17.25 -17.37 -17.40 -17.37 -17.28 -17.19 -17.19 -17.19 -17.15 -17.11 -17.15 -17.19 -17.19 -17.19 -17.29 -17.36 -17.30 -17.19 -17.07 -16.93 -16.81 -16.70 -16.57 -16.45 -16.31 -16.20 -16.20 -16.20 -16.07 -15.93 -15.85 -15.78 -15.74 -15.70 -15.60 -15.53 -15.61 -15.70 -15.66 -15.61 -15.61 -15.61 -15.53 -15.44 -15.41 -15.37 -15.29
-15.83 -15.83 -15.94 -16.08 -16.13 -16.18 -16.31 -16.45 -16.54 -16.59 -16.62 -16.59 -16.45 -16.31 -16.30 -16.33 -16.33 -16.33 -16.26 -16.21 -16.26 -16.33 -16.32 -16.33 -16.42 -16.58 -16.83 -17.08 -17.22 -17.33 -17.40 -17.45 -17.46 -17.45 -17.38 -17.31 -17.32 -17.33 -17.25 -17.20 -17.25 -17.33 -17.32 -17.31 -17.38 -17.45 -17.41 -17.33 -17.22 -17.08 -16.88 -16.68 -16.56 -16.45 -16.30 -16.18 -16.19 -16.20 -16.09 -15.95 -15.81 -15.68 -15.62 -15.57 -15.48 -15.43 -15.56 -15.70 -15.71 -15.70 -15.70 -15.70 -15.64 -15.58 -15.53 -15.46 -15.31
-15.95 -15.95 -16.07 -16.21 -16.25 -16.29 -16.41 -16.54 -16.64 -16.70 -16.72 -16.70 -16.62 -16.55 -16.54 -16.55 -16.54 -16.55 -16.56 -16.56 -16.56 -16.55 -16.53 -16.55 -16.64 -16.80 -17.05 -17.30 -17.46 -17.56 -17.56 -17.53 -17.53 -17.54 -17.56 -17.56 -17.52 -17.45 -17.35 -17.28 -17.35 -17.45 -17.52 -17.56 -17.57 -17.54 -17.51 -17.45 -17.35 -17.21 -17.01 -16.79 -16.60 -16.43 -16.35 -16.29 -16.25 -16.20 -16.08 -15.95 -15.83 -15.71 -15.56 -15.44 -15.41 -15.45 -15.57 -15.70 -15.76 -15.79 -15.81 -15.79 -15.76 -15.70 -15.57 -15.43 -15.35
-15.96 -16.01 -16.09 -16.20 -16.33 -16.46 -16.60 -16.71 -16.75 -16.76 -16.76 -16.76 -16.77 -16.78 -16.77 -16.77 -16.77 -16.77 -16.77 -16.77 -16.77 -16.77 -16.74 -16.76 -16.85 -17.02 -17.28 -17.53 -17.64 -17.70 -17.76 -17.78 -17.74 -17.70 -17.71 -17.70 -17.60 -17.50 -17.50 -17.53 -17.51 -17.51 -17.60 -17.70 -17.73 -17.70 -17.63 -17.51 -17.35 -17.19 -17.08 -16.96 -16.73 -16.51 -16.48 -16.46 -16.34 -16.20 -16.07 -15.95 -15.79 -15.63 -15.48 -15.38 -15.39 -15.46 -15.56 -15.70 -15.85 -15.96 -15.99 -15.95 -15.87 -15.76 -15.63 -15.51 -15.48
-16.08 -16.21 -16.20 -16.20 -16.30 -16.45 -16.57 -16.70 -16.84 -16.96 -16.97 -16.96 -16.95 -16.95 -16.97 -16.99 -16.99 -16.99 -16.99 -16.99 -16.98 -16.99 -16.99 -17.02 -17.10 -17.23 -17.48 -17.70 -17.73 -17.72 -17.85 -17.95 -17.85 -17.72 -17.71 -17.72 -17.73 -17.74 -17.72 -17.70 -17.70 -17.71 -17.72 -17.73 -17.73 -17.72 -17.74 -17.71 -17.48 -17.22 -17.07 -16.94 -16.82 -16.71 -16.57 -16.44 -16.31 -16.19 -16.09 -15.95 -15.69 -15.43 -15.26 -15.18 -15.26 -15.41 -15.55 -15.70 -15.83 -15.94 -15.98 -15.98 -15.98 -15.96 -15.85 -15.71 -15.56
-16.07 -16.20 -16.20 -16.20 -16.31 -16.45 -16.57 -16.70 -16.84 -16.95 -16.96 -16.95 -16.94 -16.95 -17.08 -17.20 -17.22 -17.21 -17.21 -17.21 -17.19 -17.21 -17.33 -17.46 -17.46 -17.46 -17.57 -17.70 -17.84 -17.96 -17.97 -17.95 -17.95 -17.96 -17.96 -17.96 -17.97 -17.96 -17.83 -17.70 -17.67 -17.70 -17.83 -17.95 -17.99 -17.96 -17.85 -17.70 -17.60 -17.46 -17.21 -16.95 -16.81 -16.70 -16.58 -16.45 -16.33 -16.20 -16.09 -15.95 -15.70 -15.45 -15.29 -15.20 -15.15 -15.20 -15.43 -15.70 -15.84 -15.95 -16.11 -16.20 -16.11 -15.95 -15.83 -15.70 -15.56
-16.09 -16.21 -16.20 -16.20 -16.31 -16.45 -16.57 -16.70 -16.82 -16.95 -17.08 -17.18 -17.20 -17.18 -17.17 -17.19 -17.31 -17.43 -17.44 -17.43 -17.41 -17.42 -17.53 -17.68 -17.81 -17.91 -17.91 -17.92 -18.05 -18.18 -18.19 -18.17 -18.18 -18.18 -18.18 -18.18 -18.19 -18.18 -18.05 -17.92 -17.91 -17.92 -17.92 -17.94 -18.08 -18.19 -18.09 -17.92 -17.82 -17.69 -17.43 -17.17 -17.04 -16.93 -16.81 -16.68 -16.57 -16.43 -16.21 -15.96 -15.69 -15.46 -15.28 -15.20 -15.29 -15.44 -15.55 -15.70 -15.96 -16.18 -16.22 -16.19 -16.20 -16.18 -16.07 -15.93 -15.79
-15.99 -15.99 -16.08 -16.20 -16.32 -16.45 -16.57 -16.70 -16.82 -16.95 -17.09 -17.20 -17.20 -17.19 -17.27 -17.39 -17.54 -17.66 -17.66 -17.65 -17.76 -17.87 -17.88 -17.90 -18.01 -18.15 -18.27 -18.35 -18.39 -18.40 -18.40 -18.40 -18.40 -18.40 -18.40 -18.40 -18.41 -18.40 -18.27 -18.15 -18.13 -18.15 -18.14 -18.14 -18.17 -18.19 -18.20 -18.15 -17.93 -17.69 -17.55 -17.41 -17.17 -16.94 -16.80 -16.69 -16.60 -16.45 -16.11 -15.74 -15.45 -15.24 -15.19 -15.21 -15.20 -15.25 -15.44 -15.70 -15.97 -16.20 -16.35 -16.40 -16.32 -16.19 -16.06 -15.94 -15.80
-15.88 -15.95 -16.08 -16.21 -16.34 -16.46 -16.59 -16.71 -16.83 -16.95 -17.07 -17.20 -17.28 -17.37 -17.51 -17.63 -17.67 -17.69 -17.78 -17.87 -17.91 -17.95 -18.02 -18.12 -18.23 -18.37 -18.51 -18.63 -18.64 -18.62 -18.62 -18.62 -18.61 -18.60 -18.60 -18.60 -18.62 -18.62 -18.49 -18.37 -18.35 -18.37 -18.37 -18.37 -18.36 -18.35 -18.39 -18.37 -18.14 -17.85 -17.64 -17.44 -17.26 -17.10 -16.99 -16.87 -16.69 -16.45 -16.07 -15.68 -15.40 -15.18 -15.05 -15.01 -15.04 -15.17 -15.40 -15.68 -15.95 -16.20 -16.37 -16.46 -16.45 -16.37 -16.26 -16.12 -15.99
-15.67 -15.81 -15.93 -16.06 -16.18 -16.31 -16.42 -16.56 -16.76 -16.96 -17.09 -17.20 -17.33 -17.46 -17.60 -17.71 -17.77 -17.84 -17.98 -18.10 -18.09 -18.07 -18.19 -18.35 -18.48 -18.60 -18.74 -18.84 -18.85 -18.84 -18.82 -18.82 -18.90 -18.98 -19.00 -18.98 -18.91 -18.82 -18.69 -18.57 -18.56 -18.59 -18.59 -18.59 -18.59 -18.59 -18.62 -18.59 -18.37 -18.09 -17.81 -17.57 -17.46 -17.35 -17.17 -16.95 -16.72 -16.45 -16.07 -15.70 -15.41 -15.20 -15.09 -15.07 -15.16 -15.32 -15.57 -15.84 -16.03 -16.18 -16.33 -16.43 -16.48 -16.46 -16.35 -16.21 -16.09
-15.56 -15.68 -15.81 -15.93 -16.06 -16.18 -16.30 -16.43 -16.63 -16.84 -17.04 -17.21 -17.34 -17.45 -17.56 -17.68 -17.81 -17.95 -18.09 -18.21 -18.28 -18.32 -18.38 -18.45 -18.56 -18.70 -18.90 -19.07 -19.08 -19.06 -19.10 -19.17 -19.25 -19.32 -19.33 -19.31 -19.25 -19.17 -19.04 -18.92 -18.85 -18.81 -18.80 -18.81 -18.81 -18.81 -18.85 -18.82 -18.60 -18.31 -18.05 -17.81 -17.62 -17.45 -17.27 -17.06 -16.77 -16.43 -16.05 -15.68 -15.38 -15.18 -15.14 -15.20 -15.35 -15.56 -15.74 -15.93 -16.12 -16.29 -16.45 -16.56 -16.53 -16.43 -16.31 -16.18 -16.05
-15.59 -15.70 -15.82 -15.95 -16.07 -16.20 -16.32 -16.45 -16.55 -16.68 -16.89 -17.12 -17.29 -17.45 -17.61 -17.77 -17.91 -18.02 -18.10 -18.18 -18.33 -18.46 -18.49 -18.52 -18.62 -18.77 -19.00 -19.21 -19.26 -19.29 -19.42 -19.54 -19.55 -19.53 -19.57 -19.60 -19.59 -19.54 -19.43 -19.28 -19.13 -19.02 -19.00 -19.02 -19.03 -19.03 -19.02 -18.95 -18.77 -18.53 -18.28 -18.03 -17.76 -17.51 -17.37 -17.20 -16.88 -16.51 -16.12 -15.76 -15.46 -15.26 -15.20 -15.26 -15.50 -15.78 -15.94 -16.09 -16.31 -16.53 -16.65 -16.70 -16.64 -16.52 -16.40 -16.27 -16.14
-15.57 -15.70 -15.82 -15.95 -16.07 -16.20 -16.32 -16.45 -16.57 -16.70 -16.79 -16.92 -17.16 -17.44 -17.71 -17.96 -18.11 -18.21 -18.22 -18.23 -18.32 -18.44 -18.57 -18.71 -18.84 -18.96 -19.08 -19.20 -19.32 -19.46 -19.62 -19.75 -19.75 -19.75 -19.90 -20.01 -19.90 -19.74 -19.64 -19.54 -19.40 -19.28 -19.27 -19.29 -19.28 -19.25 -19.13 -18.98 -18.88 -18.75 -18.51 -18.25 -18.00 -17.75 -17.49 -17.23 -17.00 -16.75 -16.37 -16.00 -15.70 -15.49 -15.43 -15.49 -15.71 -15.99 -16.26 -16.51 -16.66 -16.75 -16.76 -16.74 -16.74 -16.71 -16.60 -16.46 -16.34
-15.46 -15.70 -15.84 -15.95 -16.07 -16.19 -16.32 -16.44 -16.57 -16.69 -16.81 -16.96 -17.19 -17.46 -17.72 -17.96 -18.10 -18.21 -18.35 -18.47 -18.46 -18.46 -18.56 -18.69 -18.82 -18.95 -19.07 -19.20 -19.31 -19.45 -19.72 -19.95 -19.98 -19.97 -20.11 -20.22 -20.11 -19.98 -19.98 -19.97 -19.86 -19.74 -19.73 -19.72 -19.61 -19.46 -19.34 -19.22 -19.11 -18.97 -18.73 -18.47 -18.22 -17.97 -17.72 -17.47 -17.23 -16.97 -16.59 -16.21 -15.92 -15.73 -15.67 -15.73 -15.95 -16.23 -16.50 -16.73 -16.88 -16.97 -16.99 -16.95 -16.84 -16.70 -16.57 -16.45 -16.32
-15.50 -15.70 -15.84 -15.95 -16.07 -16.19 -16.32 -16.44 -16.55 -16.69 -16.92 -17.19 -17.44 -17.69 -17.95 -18.19 -18.33 -18.44 -18.58 -18.69 -18.70 -18.69 -18.67 -18.69 -18.80 -18.95 -19.07 -19.20 -19.31 -19.45 -19.70 -19.95 -20.08 -20.19 -20.33 -20.44 -20.47 -20.43 -20.31 -20.18 -20.18 -20.18 -20.07 -19.93 -19.81 -19.68 -19.56 -19.44 -19.33 -19.19 -18.96 -18.69 -18.44 -18.19 -17.93 -17.68 -17.45 -17.19 -16.79 -16.43 -16.26 -16.18 -16.13 -16.18 -16.39 -16.68 -16.96 -17.18 -17.23 -17.19 -17.08 -16.94 -16.82 -16.70 -16.57 -16.45 -16.32
-15.18 -15.49 -15.73 -15.95 -16.19 -16.41 -16.56 -16.67 -16.77 -16.90 -17.14 -17.41 -17.66 -17.91 -18.17 -18.41 -18.55 -18.66 -18.80 -18.91 -18.92 -18.91 -18.90 -18.90 -18.92 -18.95 -18.96 -18.99 -19.07 -19.24 -19.59 -19.96 -20.22 -20.42 -20.57 -20.66 -20.67 -20.65 -20.64 -20.61 -20.50 -20.40 -20.39 -20.38 -20.28 -20.13 -19.91 -19.66 -19.41 -19.19 -19.05 -18.91 -18.66 -18.41 -18.28 -18.13 -17.77 -17.39 -17.10 -16.86 -16.71 -16.62 -16.57 -16.62 -16.85 -17.12 -17.29 -17.40 -17.44 -17.41 -17.31 -17.15 -16.92 -16.68 -16.55 -16.43 -16.30
-14.89 -15.30 -15.66 -15.96 -16.24 -16.46 -16.58 -16.69 -16.89 -17.13 -17.37 -17.63 -17.88 -18.13 -18.39 -18.63 -18.77 -18.88 -19.02 -19.13 -19.13 -19.11 -19.13 -19.13 -19.05 -18.95 -18.82 -18.75 -18.82 -19.02 -19.38 -19.79 -20.16 -20.47 -20.71 -20.89 -21.00 -21.06 -21.10 -21.07 -20.95 -20.80 -20.71 -20.62 -20.52 -20.37 -20.13 -19.86 -19.59 -19.35 -19.24 -19.13 -18.88 -18.63 -18.51 -18.39 -18.12 -17.81 -17.55 -17.32 -17.17 -17.07 -17.02 -17.06 -17.30 -17.57 -17.74 -17.81 -17.75 -17.63 -17.52 -17.38 -17.12 -16.87 -16.73 -16.62 -16.47
-14.19 -14.79 -15.36 -15.84 -16.18 -16.45 -16.65 -16.85 -17.10 -17.36 -17.61 -17.86 -18.11 -18.36 -18.63 -18.86 -19.00 -19.10 -19.23 -19.35 -19.45 -19.50 -19.47 -19.36 -19.16 -18.95 -18.79 -18.70 -18.69 -18.80 -19.04 -19.39 -19.85 -20.31 -20.67 -20.96 -21.20 -21.36 -21.39 -21.36 -21.33 -21.26 -21.14 -21.00 -20.89 -20.75 -20.51 -20.25 -19.99 -19.75 -19.55 -19.35 -19.09 -18.85 -18.72 -18.60 -18.37 -18.11 -17.84 -17.59 -17.43 -17.34 -17.39 -17.51 -17.69 -17.88 -18.04 -18.13 -18.02 -17.85 -17.74 -17.60 -17.35 -17.10 -16.96 -16.85 -16.72
-13.13 -14.00 -14.73 -15.38 -16.00 -16.49 -16.77 -16.96 -17.21 -17.46 -17.71 -17.96 -18.21 -18.46 -18.72 -18.96 -19.16 -19.32 -19.45 -19.57 -19.75 -19.85 -19.70 -19.45 -19.19 -18.95 -18.73 -18.58 -18.52 -18.58 -18.75 -19.06 -19.55 -20.09 -20.55 -20.96 -21.33 -21.58 -21.60 -21.55 -21.58 -21.58 -21.47 -21.32 -21.21 -21.08 -20.85 -20.58 -20.33 -20.08 -19.83 -19.57 -19.29 -19.05 -18.93 -18.82 -18.57 -18.32 -18.12 -17.95 -17.80 -17.70 -17.75 -17.85 -17.89 -17.95 -18.09 -18.21 -18.18 -18.08 -17.97 -17.82 -17.57 -17.32 -17.18 -17.07 -16.94
-12.02 -13.03 -13.85 -14.63 -15.49 -16.24 -16.68 -16.97 -17.23 -17.46 -17.71 -17.96 -18.21 -18.46 -18.70 -18.95 -19.26 -19.55 -19.70 -19.80 -19.92 -19.95 -19.79 -19.53 -19.25 -18.95 -18.66 -18.43 -18.32 -18.34 -18.54 -18.86 -19.28 -19.77 -20.33 -20.87 -21.35 -21.71 -21.86 -21.89 -21.85 -21.77 -21.71 -21.62 -21.48 -21.29 -21.05 -20.79 -20.54 -20.29 -20.03 -19.79 -19.57 -19.37 -19.21 -19.04 -18.79 -18.54 -18.36 -18.22 -18.07 -17.97 -17.94 -17.96 -17.99 -18.03 -18.12 -18.20 -18.22 -18.20 -18.16 -18.05 -17.79 -17.52 -17.39 -17.29 -17.16
-10.87 -11.85 -12.74 -13.61 -14.57 -15.48 -16.26 -16.87 -17.19 -17.40 -17.65 -17.90 -18.15 -18.40 -18.66 -18.96 -19.36 -19.72 -19.89 -19.96 -20.01 -20.00 -19.91 -19.71 -19.34 -18.95 -18.67 -18.45 -18.26 -18.18 -18.34 -18.63 -18.95 -19.37 -19.99 -20.64 -21.22 -21.70 -22.04 -22.23 -22.18 -22.07 -22.07 -22.02 -21.79 -21.50 -21.25 -21.01 -20.76 -20.51 -20.24 -20.01 -19.90 -19.78 -19.54 -19.26 -19.01 -18.76 -18.48 -18.24 -18.09 -18.00 -17.94 -17.95 -18.08 -18.21 -18.22 -18.20 -18.22 -18.25 -18.25 -18.20 -18.02 -17.81 -17.65 -17.51 -17.38
-9.51 -10.52 -11.39 -12.29 -13.42 -14.56 -15.54 -16.35 -16.84 -17.17 -17.44 -17.67 -17.90 -18.17 -18.53 -18.93 -19.33 -19.68 -19.84 -19.95 -20.13 -20.21 -20.01 -19.69 -19.32 -18.95 -18.67 -18.45 -18.27 -18.19 -18.25 -18.44 -18.74 -19.17 -19.75 -20.39 -21.08 -21.68 -22.00 -22.19 -22.38 -22.47 -22.39 -22.23 -22.00 -21.75 -21.49 -21.22 -20.97 -20.73 -20.46 -20.23 -20.09 -19.95 -19.73 -19.48 -19.23 -18.98 -18.71 -18.48 -18.33 -18.21 -18.04 -17.95 -18.06 -18.20 -18.20 -18.20 -18.34 -18.46 -18.35 -18.21 -18.25 -18.24 -18.00 -17.73 -17.59
-8.17 -9.20 -10.18 -11.20 -12.32 -13.45 -14.49 -15.45 -16.29 -16.95 -17.26 -17.45 -17.68 -17.95 -18.31 -18.70 -19.09 -19.45 -19.73 -19.95 -20.13 -20.20 -20.01 -19.70 -19.32 -18.95 -18.67 -18.45 -18.27 -18.20 -18.27 -18.45 -18.65 -18.95 -19.38 -19.95 -20.71 -21.45 -21.90 -22.20 -22.37 -22.45 -22.48 -22.45 -22.37 -22.20 -21.84 -21.45 -21.18 -20.95 -20.70 -20.45 -20.18 -19.95 -19.82 -19.70 -19.46 -19.20 -18.95 -18.70 -18.43 -18.20 -18.02 -17.95 -18.06 -18.20 -18.20 -18.20 -18.32 -18.45 -18.46 -18.45 -18.48 -18.45 -18.21 -17.95 -17.82
-6.83 -7.65 -8.72 -9.89 -11.13 -12.36 -13.52 -14.58 -15.53 -16.28 -16.70 -17.00 -17.38 -17.73 -17.97 -18.25 -18.73 -19.24 -19.65 -19.96 -20.14 -20.20 -20.14 -19.93 -19.44 -18.94 -18.63 -18.45 -18.40 -18.42 -18.42 -18.45 -18.52 -18.72 -19.16 -19.72 -20.36 -21.01 -21.66 -22.21 -22.51 -22.67 -22.71 -22.67 -22.57 -22.42 -22.19 -21.89 -21.52 -21.15 -20.90 -20.67 -20.40 -20.16 -20.04 -19.92 -19.70 -19.43 -19.06 -18.69 -18.41 -18.19 -18.03 -17.93 -17.92 -17.97 -18.07 -18.20 -18.32 -18.45 -18.59 -18.68 -18.59 -18.44 -18.30 -18.17 -18.06
-5.56 -6.27 -7.22 -8.35 -9.67 -11.04 -12.27 -13.46 -14.73 -15.81 -16.38 -16.75 -17.16 -17.51 -17.75 -18.00 -18.38 -18.81 -19.31 -19.77 -20.06 -20.20 -20.15 -19.94 -19.56 -19.13 -18.73 -18.43 -18.40 -18.46 -18.43 -18.43 -18.51 -18.69 -19.05 -19.51 -19.99 -20.55 -21.31 -22.03 -22.46 -22.72 -22.87 -22.90 -22.81 -22.64 -22.40 -22.13 -21.87 -21.58 -21.22 -20.87 -20.59 -20.37 -20.27 -20.14 -19.80 -19.42 -19.14 -18.88 -18.61 -18.38 -18.24 -18.14 -18.00 -17.92 -18.03 -18.20 -18.32 -18.45 -18.60 -18.71 -18.71 -18.64 -18.53 -18.39 -18.29
-4.66 -5.27 -6.06 -7.09 -8.49 -10.02 -11.45 -12.84 -14.20 -15.36 -16.05 -16.52 -16.94 -17.27 -17.52 -17.77 -18.11 -18.51 -19.03 -19.54 -19.94 -20.20 -20.23 -20.09 -19.77 -19.36 -18.94 -18.59 -18.45 -18.43 -18.50 -18.61 -18.63 -18.70 -18.93 -19.27 -19.72 -20.27 -20.96 -21.64 -22.16 -22.55 -22.82 -22.96 -22.95 -22.86 -22.72 -22.52 -22.20 -21.85 -21.55 -21.27 -21.01 -20.77 -20.57 -20.36 -20.07 -19.76 -19.42 -19.11 -18.84 -18.61 -18.37 -18.19 -18.12 -18.11 -18.13 -18.20 -18.31 -18.45 -18.59 -18.70 -18.72 -18.69 -18.67 -18.61 -18.42
-4.04 -4.53 -5.26 -6.26 -7.68 -9.28 -10.87 -12.42 -13.85 -15.05 -15.85 -16.42 -16.84 -17.17 -17.41 -17.67 -18.03 -18.43 -18.86 -19.30 -19.79 -20.20 -20.37 -20.34 -20.01 -19.56 -19.15 -18.81 -18.63 -18.56 -18.62 -18.71 -18.68 -18.70 -18.89 -19.20 -19.59 -20.07 -20.60 -21.17 -21.78 -22.33 -22.71 -22.96 -23.08 -23.09 -23.01 -22.84 -22.55 -22.21 -21.88 -21.58 -21.32 -21.08 -20.82 -20.56 -20.34 -20.09 -19.70 -19.31 -19.05 -18.83 -18.54 -18.31 -18.23 -18.21 -18.18 -18.20 -18.31 -18.45 -18.58 -18.70 -18.78 -18.83 -18.88 -18.84 -18.59
-3.55 -3.97 -4.70 -5.72 -7.12 -8.72 -10.41 -12.08 -13.57 -14.85 -15.82 -16.54 -16.99 -17.28 -17.54 -17.78 -18.09 -18.43 -18.78 -19.18 -19.72 -20.20 -20.42 -20.45 -20.23 -19.89 -19.51 -19.14 -18.93 -18.80 -18.72 -18.70 -18.66 -18.70 -18.86 -19.11 -19.44 -19.85 -20.32 -20.85 -21.43 -22.00 -22.48 -22.86 -23.11 -23.23 -23.20 -23.06 -22.84 -22.56 -22.22 -21.88 -21.62 -21.38 -21.13 -20.88 -20.59 -20.28 -19.96 -19.64 -19.34 -19.05 -18.78 -18.55 -18.33 -18.18 -18.15 -18.20 -18.31 -18.45 -18.58 -18.71 -18.85 -18.96 -19.00 -18.96 -18.77
-3.85 -3.61 -4.35 -5.35 -6.74 -8.34 -10.13 -11.88 -13.34 -14.63 -15.80 -16.73 -17.23 -17.53 -17.79 -18.02 -18.25 -18.50 -18.81 -19.19 -19.72 -20.20 -20.43 -20.51 -20.46 -20.28 -19.93 -19.53 -19.25 -19.02 -18.82 -18.69 -18.66 -18.70 -18.73 -18.87 -19.20 -19.63 -20.08 -20.57 -21.09 -21.62 -22.16 -22.64 -22.95 -23.14 -23.24 -23.22 -23.02 -22.76 -22.56 -22.35 -22.10 -21.84 -21.60 -21.34 -20.96 -20.57 -20.30 -20.02 -19.64 -19.26 -19.00 -18.77 -18.48 -18.25 -18.17 -18.19 -18.30 -18.45 -18.54 -18.63 -18.81 -18.96 -18.98 -18.95 -18.87
8.64 -3.40 -4.17 -5.18 -6.60 -8.22 -9.95 -11.65 -13.11 -14.41 -15.63 -16.64 -17.28 -17.71 -18.01 -18.24 -18.49 -18.74 -18.95 -19.22 -19.71 -20.20 -20.53 -20.71 -20.68 -20.49 -20.13 -19.73 -19.47 -19.24 -18.95 -18.73 -18.68 -18.70 -18.64 -18.68 -19.00 -19.40 -19.74 -20.14 -20.75 -21.38 -21.93 -22.38 -22.69 -22.91 -23.08 -23.17 -23.11 -22.99 -22.89 -22.75 -22.53 -22.28 -22.04 -21.77 -21.42 -21.03 -20.64 -20.26 -19.87 -19.51 -19.23 -18.98 -18.72 -18.49 -18.31 -18.23 -18.32 -18.45 -18.42 -18.43 -18.67 -18.92 -18.96 -18.95 -18.99
9.06 -3.19 -4.04 -5.20 -6.76 -8.45 -9.98 -11.44 -12.88 -14.18 -15.26 -16.18 -17.02 -17.70 -18.14 -18.46 -18.72 -18.96 -19.19 -19.46 -19.83 -20.20 -20.49 -20.70 -20.78 -20.70 -20.36 -19.96 -19.69 -19.46 -19.19 -18.95 -18.79 -18.70 -18.65 -18.70 -18.90 -19.19 -19.54 -19.94 -20.42 -20.93 -21.44 -21.93 -22.35 -22.68 -22.84 -22.94 -23.10 -23.20 -23.11 -22.96 -22.85 -22.71 -22.49 -22.21 -21.86 -21.46 -21.09 -20.71 -20.34 -19.97 -19.57 -19.21 -18.93 -18.71 -18.55 -18.45 -18.43 -18.45 -18.43 -18.45 -18.55 -18.69 -18.82 -18.95 -19.10
10.21 -3.19 -4.06 -5.21 -6.65 -8.24 -9.90 -11.46 -12.66 -13.73 -14.88 -15.97 -16.91 -17.71 -18.27 -18.68 -18.96 -19.17 -19.43 -19.68 -19.94 -20.20 -20.48 -20.70 -20.76 -20.70 -20.47 -20.17 -19.94 -19.68 -19.30 -18.94 -18.77 -18.70 -18.65 -18.70 -18.92 -19.20 -19.45 -19.72 -20.07 -20.48 -20.99 -21.49 -21.89 -22.23 -22.51 -22.72 -22.86 -22.97 -23.12 -23.19 -23.09 -22.93 -22.82 -22.66 -22.31 -21.90 -21.53 -21.15 -20.78 -20.41 -20.04 -19.66 -19.28 -18.93 -18.64 -18.44 -18.41 -18.45 -18.43 -18.45 -18.55 -18.69 -18.82 -18.95 -19.09
12.64 -3.20 -3.97 -5.00 -6.20 -7.60 -9.34 -11.06 -12.36 -13.51 -14.67 -15.75 -16.69 -17.51 -18.17 -18.70 -19.11 -19.41 -19.57 -19.70 -19.95 -20.21 -20.50 -20.71 -20.75 -20.70 -20.60 -20.41 -20.06 -19.69 -19.41 -19.15 -18.88 -18.68 -18.64 -18.70 -18.81 -18.99 -19.21 -19.48 -19.84 -20.24 -20.63 -21.04 -21.54 -22.01 -22.31 -22.51 -22.65 -22.75 -22.88 -23.00 -23.11 -23.16 -23.08 -22.90 -22.65 -22.34 -21.99 -21.59 -21.12 -20.64 -20.25 -19.89 -19.49 -19.13 -18.85 -18.64 -18.50 -18.43 -18.41 -18.45 -18.57 -18.71 -18.83 -18.95 -19.08
12.30 -3.21 -3.89 -4.80 -5.82 -7.08 -8.83 -10.61 -11.94 -13.12 -14.37 -15.53 -16.46 -17.28 -18.06 -18.71 -19.16 -19.46 -19.60 -19.70 -19.84 -20.02 -20.28 -20.52 -20.67 -20.71 -20.64 -20.46 -20.19 -19.87 -19.52 -19.19 -18.99 -18.85 -18.73 -18.68 -18.77 -18.93 -19.16 -19.43 -19.71 -20.01 -20.37 -20.77 -21.21 -21.62 -21.89 -22.11 -22.32 -22.53 -22.75 -22.95 -23.11 -23.21 -23.20 -23.11 -23.00 -22.80 -22.46 -22.03 -21.52 -21.02 -20.64 -20.29 -19.91 -19.54 -19.17 -18.87 -18.70 -18.60 -18.50 -18.45 -18.45 -18.52 -18.73 -18.96 -19.12
