Instances/Oresund/GMRTv3_3_20170610topo.asc
ncols 573
nrows 429
xllcorner 12.109130859375
yllcorner 55.28662368224954
cellsize 0.002197265625
nodata_value -2147483648
[rows 374 to 407 of 429, columns 308 to 384 of 573]
-8.23 -8.19 -8.07 -7.88 -7.69 -7.52 -7.40 -7.28 -7.15 -6.97 -6.76 -6.53 -6.25 -5.93 -5.57 -5.16 -4.70 -4.22 -3.71 -3.18 2.86 -1.89 2.25 2.55 1.70 1.77 3.73 2.47 2.49 1.85 1.77 0.90 1.00 1.00 0.97 2.07 2.00 2.00 2.03 2.03 1.95 2.00 2.07 0.84 0.71 1.05 2.40 0.40 -0.27 -0.43 -0.43 -0.32 -0.15 0.05 0.31 0.64 0.97 1.23 1.40 1.51 1.57 1.82 1.61 1.85 1.56 1.70 4.35 0.30 0.21 0.11 0.51 1.25 2.06 2.67 3.00 2.91 0.90
-8.34 -8.37 -8.20 -7.90 -7.59 -7.74 -7.58 -7.38 -7.15 -6.89 -6.62 -6.33 -6.01 -5.65 -5.27 -4.86 -4.42 -3.94 -3.44 -2.92 2.99 -1.70 1.00 1.00 1.00 1.00 1.99 2.25 1.98 1.00 1.00 2.02 1.00 1.02 2.03 2.00 2.00 2.00 1.00 0.98 0.98 1.98 2.00 2.02 1.02 1.00 1.97 1.98 0.58 0.53 0.51 0.50 0.55 0.70 0.99 1.38 1.81 2.17 2.46 2.75 2.00 3.00 2.02 3.00 3.02 3.00 2.00 2.59 2.29 2.13 2.20 2.41 2.66 2.81 2.82 2.00 2.02
-8.17 -8.23 -8.13 -7.92 -7.71 -7.86 -7.64 -7.36 -7.04 -6.72 -6.42 -6.12 -5.80 -5.45 -5.06 -4.65 -4.19 -3.68 -3.10 -2.46 -1.87 -1.25 2.86 2.75 2.81 1.91 2.07 3.01 1.89 1.00 0.87 1.92 1.00 2.92 2.17 2.00 2.00 2.84 2.92 2.68 1.00 0.98 2.00 1.94 1.89 1.71 0.85 1.10 1.13 1.13 1.09 1.02 1.00 1.11 1.43 1.89 2.40 2.86 1.88 3.69 3.79 3.13 3.79 2.87 2.88 2.89 4.09 3.78 3.48 3.22 3.06 2.95 2.82 2.63 2.28 1.63 1.45
-7.69 -7.72 -7.81 -7.94 -8.08 -7.86 -7.59 -7.21 -6.80 -6.44 -6.15 -5.91 -5.64 -5.32 -4.95 -4.54 -4.07 -3.48 -2.71 -1.80 -0.87 1.59 2.43 1.38 0.89 0.95 0.93 0.89 0.88 1.00 1.90 3.49 0.93 1.95 2.00 2.07 2.07 2.43 1.38 1.79 0.93 0.99 2.06 3.18 3.66 2.57 2.16 1.35 1.38 1.39 1.34 1.24 1.19 1.31 1.67 2.19 2.77 3.30 3.89 4.35 4.81 1.46 5.26 5.29 5.46 3.28 3.73 4.21 2.70 3.25 3.09 2.86 2.56 2.12 1.39 1.68 -0.41
-7.40 -7.41 -7.61 -7.95 -8.30 -7.81 -7.49 -7.05 -6.58 -6.18 -5.91 -5.69 -5.46 -5.15 -4.76 -4.32 -3.79 -3.12 -2.20 -1.08 -0.01 1.28 1.72 1.00 1.00 1.00 1.00 1.00 2.07 1.00 1.80 0.83 1.76 2.31 1.97 1.19 0.89 2.00 0.98 1.79 1.80 1.08 0.97 0.95 1.05 1.24 1.27 1.31 1.33 1.34 1.28 1.18 1.14 1.28 1.67 2.25 2.89 3.57 4.14 4.78 4.31 2.00 4.63 4.58 0.97 1.69 2.67 3.60 2.76 2.19 2.87 2.39 1.98 1.37 0.35 -1.10 -2.19
-7.55 -7.58 -7.72 -7.96 -8.19 -7.70 -7.36 -6.89 -6.40 -5.99 -5.70 -5.48 -5.25 -4.90 -4.45 -3.93 -3.04 -2.56 -1.54 -0.32 2.05 2.00 1.00 1.00 1.00 1.00 1.00 0.99 1.95 1.05 1.08 1.08 2.07 2.00 2.85 2.52 2.19 1.84 1.58 1.29 1.04 0.87 0.81 0.84 0.90 0.94 0.95 0.96 0.96 0.97 0.92 0.83 0.82 0.99 1.43 2.06 2.75 1.03 1.98 1.91 2.00 2.05 2.04 2.00 2.05 2.03 4.43 2.07 3.10 2.41 1.94 1.56 1.09 0.38 -0.82 -2.34 -3.79
-7.76 -7.79 -7.85 -7.93 -8.00 -7.55 -7.20 -6.75 -6.27 -5.84 -5.53 -5.27 -4.97 -4.56 -4.01 -4.05 7.38 -1.82 -0.78 0.43 2.06 1.06 1.00 0.89 1.77 0.89 1.81 2.87 2.50 2.39 2.39 2.40 2.41 2.34 2.14 1.89 1.61 1.35 1.11 0.85 0.63 0.47 0.39 0.38 0.39 0.39 0.36 0.33 0.31 0.31 0.28 0.23 0.26 0.48 0.96 2.97 4.00 2.17 2.13 1.06 1.06 3.01 3.90 2.83 3.07 4.10 3.79 3.01 2.04 2.07 0.85 0.43 -0.06 -0.81 -2.05 -3.62 -5.10
-7.72 -7.74 -7.77 -7.81 -7.84 -7.34 -7.04 -6.67 -6.26 -5.85 -5.47 -5.09 -4.66 -4.10 -4.22 10.29 7.13 -0.72 0.21 1.62 1.57 1.43 2.24 3.02 3.47 3.10 3.26 2.65 2.08 1.65 1.44 1.33 1.27 1.17 1.02 0.86 0.69 0.52 0.32 0.11 -0.09 -0.25 -0.37 -0.45 -0.51 -0.57 -0.64 -0.71 -0.75 -0.75 -0.75 -0.74 -0.64 -0.36 0.17 0.83 0.86 2.72 2.68 2.69 3.24 2.28 3.45 3.50 2.57 3.51 2.52 2.16 1.55 -0.03 -0.59 -1.06 -1.56 -2.25 -3.32 -4.64 -5.88
-7.62 -7.70 -7.68 -7.65 -7.59 -7.12 -6.87 -6.59 -6.27 -5.87 -5.39 -4.85 -4.23 -1.36 9.70 7.12 1.80 0.43 1.18 1.63 1.99 1.56 3.09 4.50 3.02 2.96 2.60 1.91 1.17 0.61 0.28 0.06 -0.09 -0.22 -0.32 -0.37 -0.41 -0.49 -0.63 -0.79 -0.97 -1.13 -1.28 -1.43 -1.56 -1.68 -1.79 -1.90 -1.97 -1.97 -1.93 -1.85 -1.67 -1.34 -0.77 -0.01 0.81 1.39 2.00 2.57 2.96 3.33 2.20 2.16 2.80 1.76 3.92 0.43 -0.59 -1.49 -2.14 -2.66 -3.16 -3.76 -4.55 -5.46 -6.31
-7.58 -7.86 -7.76 -7.55 -7.27 -6.98 -6.70 -6.41 -6.05 -5.58 -4.98 -4.27 -2.77 10.27 4.72 -0.90 0.28 1.05 1.56 1.94 2.24 2.29 2.40 2.38 2.43 2.21 1.71 0.99 0.24 -0.35 -0.73 -1.00 -1.20 -1.34 -1.41 -1.39 -1.36 -1.38 -1.47 -1.60 -1.74 -1.88 -2.01 -2.15 -2.29 -2.41 -2.54 -2.67 -2.76 -2.77 -2.71 -2.58 -2.37 -2.03 -1.49 -0.78 -0.06 0.55 1.06 1.52 1.87 2.05 2.02 1.84 1.50 3.82 0.30 -0.62 -1.59 -2.44 -3.13 -3.74 -4.31 -4.87 -5.48 -6.09 -6.64
-7.59 -7.87 -7.77 -7.55 -7.25 -6.90 -6.54 -6.13 -5.65 -5.06 -4.30 -3.41 7.39 -0.75 -0.48 0.02 0.74 1.24 1.46 1.46 1.46 1.29 1.27 1.27 1.20 0.98 0.52 -0.11 -0.76 -1.28 -1.65 -1.93 -2.14 -2.28 -2.33 -2.28 -2.20 -2.19 -2.25 -2.34 -2.45 -2.55 -2.63 -2.70 -2.77 -2.85 -2.97 -3.12 -3.24 -3.26 -3.18 -3.04 -2.82 -2.51 -2.05 -1.48 -0.89 -0.39 0.05 0.47 0.78 0.91 0.82 0.57 0.19 -0.29 -0.84 -1.52 -2.26 -2.97 -3.67 -4.40 -5.08 -5.67 -6.14 -6.52 -6.85
-7.61 -7.88 -7.78 -7.55 -7.22 -6.82 -6.35 -5.79 -5.15 -4.43 -3.53 1.04 -1.87 2.24 0.01 0.54 0.92 1.12 1.05 0.76 0.40 0.13 0.01 -0.05 -0.14 -0.33 -0.70 -1.20 -1.70 -2.12 -2.44 -2.70 -2.91 -3.04 -3.07 -3.01 -2.93 -2.90 -2.94 -3.01 -3.08 -3.13 -3.14 -3.13 -3.12 -3.14 -3.25 -3.40 -3.53 -3.56 -3.49 -3.34 -3.13 -2.87 -2.53 -2.11 -1.67 -1.29 -0.93 -0.57 -0.30 -0.21 -0.35 -0.67 -1.08 -1.49 -1.88 -2.30 -2.76 -3.31 -4.01 -4.82 -5.61 -6.23 -6.60 -6.82 -6.98
-7.64 -7.88 -7.78 -7.55 -7.21 -6.74 -6.13 -5.38 -4.54 -3.66 -2.92 2.10 -0.40 4.10 0.75 0.88 0.82 0.65 0.29 -0.25 -0.83 -1.26 -1.48 -1.58 -1.66 -1.80 -2.04 -2.32 -2.61 -2.87 -3.10 -3.32 -3.50 -3.62 -3.64 -3.59 -3.53 -3.49 -3.52 -3.57 -3.61 -3.63 -3.55 -3.42 -3.30 -3.25 -3.31 -3.45 -3.59 -3.64 -3.58 -3.45 -3.27 -3.09 -2.89 -2.66 -2.42 -2.19 -1.91 -1.61 -1.37 -1.31 -1.50 -1.89 -2.32 -2.67 -2.84 -2.92 -3.05 -3.39 -4.06 -4.96 -5.86 -6.51 -6.84 -6.98 -7.05
-7.63 -7.80 -7.68 -7.43 -7.05 -6.53 -5.81 -4.92 -3.94 -2.98 3.69 -0.77 0.25 0.90 1.05 0.86 0.47 0.04 -0.50 -1.18 -1.85 -2.36 -2.63 -2.76 -2.83 -2.92 -3.05 -3.18 -3.31 -3.42 -3.54 -3.71 -3.89 -4.04 -4.17 -4.28 -4.38 -4.45 -4.49 -4.51 -4.52 -4.05 -3.91 -3.71 -3.52 -3.41 -3.44 -3.57 -3.69 -3.75 -3.70 -3.59 -3.46 -3.34 -3.26 -3.18 -3.09 -2.99 -2.81 -2.59 -2.42 -2.40 -2.61 -2.98 -3.38 -3.65 -3.66 -3.54 -3.46 -3.65 -4.26 -5.15 -6.06 -7.27 -7.51 -7.35 -7.08
-7.56 -7.58 -7.38 -7.06 -6.62 -6.06 -5.31 -4.40 -3.45 -2.55 -1.66 -0.70 0.10 0.56 0.58 0.27 -0.21 -0.69 -1.20 -1.80 -2.39 -2.83 -3.08 -3.20 -3.27 -3.35 -3.45 -3.55 -3.64 -3.66 -3.78 -3.92 -4.08 -4.22 -4.37 -4.52 -4.65 -4.75 -4.81 -4.84 -4.85 -4.37 -4.25 -4.07 -3.90 -3.80 -3.81 -3.90 -3.99 -4.03 -3.98 -3.90 -3.81 -3.73 -3.69 -3.66 -3.64 -3.62 -3.59 -3.55 -3.53 -3.58 -3.72 -3.93 -4.14 -4.30 -4.31 -4.24 -4.23 -4.40 -4.89 -5.58 -6.29 -7.66 -7.93 -7.95 -7.88
-7.44 -7.29 -7.01 -6.61 -6.10 -5.50 -4.76 -3.89 -3.01 -2.23 -1.54 0.99 -0.35 -0.08 -0.16 -0.50 -0.96 -1.39 -1.80 -2.25 -2.67 -3.00 -3.20 -3.31 -3.38 -3.52 -3.61 -3.71 -3.81 -3.92 -4.03 -4.14 -4.26 -4.40 -4.55 -4.73 -4.90 -5.03 -5.11 -5.16 -5.19 -5.03 -4.97 -4.85 -4.74 -4.68 -4.71 -4.80 -4.88 -4.37 -4.34 -4.28 -4.22 -4.18 -4.16 -4.14 -4.15 -4.18 -4.26 -4.38 -4.51 -4.60 -4.65 -4.67 -4.69 -4.75 -4.83 -4.93 -5.08 -5.94 -6.29 -6.72 -7.16 -7.79 -8.11 -8.38 -8.58
-7.28 -7.00 -6.66 -6.18 -5.61 -4.99 -4.26 -3.42 -2.61 -1.95 -1.44 2.62 -0.74 -0.63 -0.77 -1.10 -1.51 -1.87 -2.19 -2.51 -2.81 -3.05 -3.22 -3.33 -3.41 -3.54 -3.64 -3.76 -3.89 -4.02 -4.14 -4.27 -4.39 -4.52 -4.64 -4.76 -4.88 -5.00 -5.13 -5.26 -5.37 -5.44 -5.42 -5.35 -5.28 -5.25 -5.31 -5.44 -5.54 -4.74 -4.73 -4.70 -4.68 -4.67 -4.66 -4.65 -4.67 -4.71 -4.82 -4.97 -5.11 -5.20 -5.19 -5.10 -5.03 -5.07 -5.25 -5.53 -5.84 -6.65 -6.83 -6.97 -7.11 -7.30 -7.60 -7.96 -8.29
-7.11 -6.70 -6.29 -5.75 -5.14 -4.50 -3.79 -3.00 -2.26 -1.71 -1.37 -1.19 -1.12 -1.14 -1.29 -1.57 -1.89 -2.17 -2.39 -2.59 -2.78 -2.96 -3.10 -3.22 -3.33 -3.47 -3.58 -3.71 -3.85 -4.00 -4.15 -4.31 -4.47 -4.59 -4.66 -4.69 -4.73 -4.81 -4.98 -5.21 -5.43 -5.59 -5.65 -5.65 -5.65 -5.67 -5.77 -5.91 -6.01 -5.28 -5.26 -5.21 -5.16 -5.13 -5.12 -5.11 -5.13 -5.16 -5.24 -5.35 -5.45 -5.50 -5.43 -5.28 -5.18 -5.23 -5.53 -6.00 -6.49 -6.59 -6.65 -6.58 -6.52 -6.59 -6.83 -7.19 -7.60
-7.00 -6.44 -5.99 -5.41 -4.78 -4.14 -3.44 -2.67 -1.97 -1.48 -1.24 -1.19 -1.25 -1.34 -1.47 -1.67 -1.90 -2.11 -2.29 -2.47 -2.64 -2.81 -2.97 -3.13 -3.28 -3.33 -3.44 -3.56 -3.69 -3.84 -4.03 -4.25 -4.46 -4.61 -4.68 -4.70 -4.71 -4.77 -4.91 -5.08 -5.27 -5.44 -5.59 -5.73 -5.86 -5.98 -6.11 -6.25 -6.33 -6.32 -6.14 -5.84 -5.53 -5.32 -5.25 -5.26 -5.31 -5.37 -5.48 -5.63 -5.75 -5.78 -5.59 -5.26 -4.98 -4.96 -5.33 -5.98 -6.64 -7.08 -7.17 -7.06 -6.92 -6.94 -7.17 -7.50 -7.90
-6.95 -6.20 -5.73 -5.15 -4.52 -3.88 -3.19 -2.42 -1.74 -1.25 -1.06 -1.05 -1.15 -1.24 -1.31 -1.42 -1.55 -1.71 -1.90 -2.13 -2.37 -2.60 -2.82 -3.04 -3.25 -3.13 -3.20 -3.28 -3.39 -3.54 -3.77 -4.07 -4.36 -4.58 -4.71 -4.78 -4.82 -4.86 -4.88 -4.87 -4.88 -4.99 -5.24 -5.59 -5.94 -6.21 -6.36 -6.46 -6.51 -6.49 -6.39 -6.21 -6.02 -5.89 -5.86 -5.88 -5.91 -5.91 -5.86 -5.78 -5.69 -5.55 -5.27 -4.88 -4.61 -4.68 -5.29 -6.29 -7.32 -8.04 -8.30 -8.31 -8.24 -8.29 -8.51 -8.81 -9.13
-6.81 -5.95 -5.47 -4.89 -4.27 -3.65 -2.97 -2.24 -1.57 -1.10 -0.90 -0.88 -0.95 -1.03 -1.08 -1.17 -1.28 -1.44 -1.65 -1.90 -2.17 -2.43 -2.69 -2.96 -3.21 -3.06 -3.13 -3.20 -3.28 -3.43 -3.67 -3.98 -4.29 -4.53 -4.68 -4.78 -4.84 -4.89 -4.87 -4.80 -4.77 -4.86 -5.16 -5.59 -6.04 -6.37 -6.56 -6.66 -6.70 -6.72 -6.68 -6.60 -6.50 -6.44 -6.47 -6.55 -6.59 -6.51 -6.24 -5.84 -5.43 -5.13 -4.88 -4.65 -4.59 -4.85 -5.62 -6.78 -7.96 -8.79 -9.13 -9.18 -9.14 -9.17 -9.32 -9.51 -9.69
-6.58 -5.66 -5.18 -4.61 -4.01 -3.41 -2.77 -2.10 -1.48 -1.03 -0.78 -0.67 -0.66 -0.70 -0.79 -0.96 -1.17 -1.39 -1.60 -1.83 -2.07 -2.31 -2.58 -2.87 -3.15 -3.21 -3.33 -3.41 -3.49 -3.61 -3.79 -4.01 -4.23 -4.42 -4.55 -4.65 -4.73 -4.83 -4.92 -4.99 -5.09 -5.26 -5.54 -5.89 -6.24 -6.53 -6.72 -6.87 -6.97 -7.04 -7.05 -7.02 -6.98 -6.97 -7.10 -7.31 -7.42 -7.27 -6.64 -5.68 -4.76 -4.23 -4.21 -4.49 -4.99 -5.59 -6.41 -7.46 -8.47 -9.16 -9.42 -9.40 -9.27 -9.19 -9.17 -9.13 -9.13
-6.21 -5.37 -4.90 -4.36 -3.78 -3.21 -2.63 -2.03 -1.47 -1.03 -0.71 -0.49 -0.37 -0.37 -0.52 -0.82 -1.16 -1.45 -1.66 -1.85 -2.04 -2.25 -2.52 -2.81 -3.11 -3.33 -3.51 -3.64 -3.74 -3.86 -4.00 -4.14 -4.27 -4.39 -4.48 -4.54 -4.62 -4.73 -4.91 -5.14 -5.38 -5.61 -5.84 -6.07 -6.29 -6.52 -6.74 -6.97 -7.18 -7.33 -7.39 -7.38 -7.37 -7.39 -7.57 -7.85 -8.01 -7.83 -7.03 -5.80 -4.64 -4.05 -4.25 -4.94 -5.85 -6.67 -7.45 -8.29 -9.04 -9.55 -9.71 -9.64 -9.46 -9.30 -9.11 -8.85 -8.65
-5.48 -5.10 -4.64 -4.12 -3.58 -3.06 -2.54 -2.02 -1.53 -1.11 -0.72 -0.35 -0.10 -0.04 -0.28 -0.74 -1.25 -1.65 -1.86 -1.98 -2.09 -2.25 -2.50 -2.79 -3.09 -3.16 -3.41 -3.65 -3.88 -4.08 -4.25 -4.40 -4.51 -4.59 -4.58 -4.52 -4.47 -4.52 -4.71 -5.00 -5.30 -5.55 -5.69 -5.77 -5.87 -6.05 -6.39 -6.83 -7.26 -7.55 -7.65 -7.62 -7.56 -7.54 -7.63 -7.76 -7.84 -7.75 -7.35 -6.72 -6.15 -5.93 -6.21 -6.81 -7.53 -8.17 -8.74 -9.32 -9.84 -10.19 -10.35 -10.36 -10.26 -10.11 -9.81 -9.37 -8.97
-4.74 -4.62 -4.18 -3.68 -3.18 -2.99 -2.54 -2.10 -1.68 -1.27 -0.82 -0.34 0.03 0.13 -0.17 -0.78 -1.44 -1.92 -2.12 -2.18 -2.21 -2.32 -2.55 -2.82 -3.12 -3.00 -3.30 -3.66 -4.01 -4.30 -4.52 -4.70 -4.83 -4.88 -4.80 -4.61 -4.43 -4.38 -4.53 -4.80 -5.09 -5.31 -5.38 -5.38 -5.41 -5.59 -6.03 -6.65 -7.26 -7.67 -7.81 -7.79 -7.70 -7.64 -7.60 -7.54 -7.51 -7.55 -7.68 -7.87 -8.10 -8.36 -8.67 -9.04 -9.41 -9.75 -10.08 -10.40 -10.69 -10.90 -11.06 -11.17 -11.19 -11.07 -10.71 -10.16 -9.62
-4.50 -4.20 -3.72 -3.14 -2.60 -3.11 -2.71 -2.33 -1.95 -1.59 -1.14 -0.66 -0.28 -0.17 -0.47 -1.06 -1.71 -2.17 -2.35 -2.39 -2.40 -2.50 -2.72 -3.00 -3.31 -3.22 -3.50 -3.85 -4.20 -4.49 -4.72 -4.92 -5.07 -5.14 -5.11 -4.98 -4.83 -4.75 -4.74 -4.77 -4.83 -4.95 -5.12 -5.34 -5.61 -5.91 -6.29 -6.75 -7.18 -7.52 -7.73 -7.87 -7.95 -8.00 -7.97 -7.86 -7.79 -7.86 -8.15 -8.57 -9.04 -9.46 -9.83 -10.20 -10.53 -10.82 -11.04 -11.21 -11.34 -11.45 -11.56 -11.65 -11.67 -11.57 -11.26 -10.80 -10.32
-4.60 -4.25 -3.70 -3.03 -2.39 -3.34 -2.99 -2.65 -2.32 -2.01 -1.64 -1.25 -0.95 -0.86 -1.09 -1.55 -2.05 -2.42 -2.58 -2.62 -2.65 -2.76 -3.00 -3.29 -3.61 -3.68 -3.91 -4.16 -4.41 -4.65 -4.87 -5.09 -5.28 -5.41 -5.50 -5.54 -5.53 -5.46 -5.22 -4.85 -4.55 -4.51 -4.88 -5.52 -6.21 -6.71 -6.94 -7.02 -7.07 -7.21 -7.51 -7.90 -8.27 -8.52 -8.58 -8.51 -8.44 -8.50 -8.71 -9.02 -9.39 -9.77 -10.22 -10.72 -11.20 -11.55 -11.76 -11.86 -11.91 -11.93 -11.96 -11.96 -11.92 -11.82 -11.65 -11.42 -11.13
-4.58 -4.24 -3.71 -3.05 -2.43 -1.99 -1.88 -1.95 -2.11 -2.23 -2.30 -2.38 -2.45 -2.50 -2.50 -2.47 -2.45 -2.50 -2.64 -2.85 -3.08 -3.30 -3.50 -3.71 -3.91 -4.11 -4.29 -4.46 -4.63 -4.81 -5.03 -5.26 -5.49 -5.66 -5.81 -5.94 -6.00 -5.94 -5.63 -5.14 -4.71 -4.59 -4.98 -5.70 -6.46 -7.01 -7.22 -7.24 -7.24 -7.36 -7.69 -8.14 -8.59 -8.91 -9.05 -9.07 -9.07 -9.17 -9.37 -9.62 -9.93 -10.31 -10.80 -11.40 -11.97 -12.40 -12.64 -12.77 -12.81 -12.82 -12.78 -12.68 -12.55 -12.41 -12.31 -12.21 -12.06
-4.44 -4.18 -3.76 -3.23 -2.72 -2.36 -2.21 -2.20 -2.24 -2.28 -2.29 -2.31 -2.35 -2.41 -2.49 -2.59 -2.72 -2.86 -3.03 -3.23 -3.44 -3.65 -3.88 -4.12 -4.35 -4.54 -4.67 -4.76 -4.84 -4.98 -5.19 -5.46 -5.72 -5.92 -6.07 -6.19 -6.25 -6.23 -6.02 -5.67 -5.36 -5.26 -5.47 -5.88 -6.35 -6.77 -7.10 -7.41 -7.71 -8.01 -8.31 -8.61 -8.90 -9.16 -9.37 -9.54 -9.71 -9.91 -10.13 -10.36 -10.65 -11.02 -11.56 -12.22 -12.87 -13.38 -13.73 -13.99 -14.15 -14.20 -14.10 -13.85 -13.57 -13.34 -13.25 -13.21 -13.13
-4.41 -4.22 -3.89 -3.48 -3.08 -2.78 -2.63 -2.56 -2.54 -2.52 -2.47 -2.43 -2.42 -2.46 -2.59 -2.78 -2.99 -3.19 -3.37 -3.55 -3.74 -3.93 -4.14 -4.38 -4.60 -4.78 -4.89 -4.96 -5.03 -5.14 -5.33 -5.58 -5.82 -6.01 -6.15 -6.26 -6.33 -6.33 -6.19 -5.94 -5.72 -5.65 -5.76 -5.98 -6.29 -6.65 -7.12 -7.69 -8.25 -8.69 -8.96 -9.11 -9.24 -9.41 -9.64 -9.89 -10.17 -10.46 -10.77 -11.09 -11.45 -11.87 -12.41 -13.04 -13.66 -14.15 -14.52 -14.80 -15.00 -15.08 -15.01 -14.80 -14.55 -14.35 -14.25 -14.18 -14.09
-4.55 -4.40 -4.13 -3.80 -3.48 -3.25 -3.14 -3.10 -3.09 -3.07 -3.00 -2.92 -2.87 -2.87 -2.96 -3.11 -3.28 -3.45 -3.60 -3.76 -3.92 -4.08 -4.23 -4.39 -4.54 -4.69 -4.86 -5.02 -5.18 -5.33 -5.47 -5.59 -5.71 -5.81 -5.94 -6.07 -6.16 -6.16 -5.98 -5.67 -5.40 -5.34 -5.54 -5.91 -6.38 -6.89 -7.49 -8.19 -8.86 -9.35 -9.58 -9.65 -9.67 -9.77 -9.93 -10.11 -10.35 -10.69 -11.18 -11.78 -12.40 -12.95 -13.43 -13.86 -14.24 -14.54 -14.71 -14.77 -14.81 -14.88 -15.03 -15.23 -15.38 -15.43 -15.31 -15.09 -14.82
-4.81 -4.67 -4.42 -4.11 -3.82 -3.62 -3.56 -3.59 -3.65 -3.66 -3.59 -3.48 -3.39 -3.35 -3.38 -3.46 -3.57 -3.68 -3.79 -3.91 -4.03 -4.14 -4.23 -4.30 -4.39 -4.53 -4.74 -5.01 -5.27 -5.45 -5.53 -5.53 -5.51 -5.54 -5.65 -5.81 -5.94 -5.96 -5.76 -5.41 -5.11 -5.07 -5.37 -5.90 -6.54 -7.18 -7.87 -8.64 -9.35 -9.86 -10.06 -10.05 -9.99 -10.01 -10.10 -10.21 -10.41 -10.79 -11.47 -12.38 -13.29 -13.99 -14.41 -14.67 -14.83 -14.92 -14.90 -14.76 -14.65 -14.70 -15.06 -15.61 -16.13 -16.41 -16.29 -15.92 -15.51
-5.38 -5.23 -4.86 -4.37 -3.90 -3.62 -3.60 -3.75 -3.95 -4.06 -4.02 -3.91 -3.80 -3.75 -3.77 -3.84 -3.92 -3.98 -4.01 -4.03 -4.05 -4.09 -4.15 -4.21 -4.29 -4.42 -4.63 -4.90 -5.16 -5.33 -5.37 -5.32 -5.27 -5.28 -5.43 -5.65 -5.85 -5.96 -5.85 -5.62 -5.42 -5.44 -5.75 -6.24 -6.83 -7.44 -8.12 -8.90 -9.61 -10.09 -10.22 -10.12 -9.96 -9.92 -10.00 -10.12 -10.37 -10.83 -11.68 -12.81 -13.94 -14.79 -15.28 -15.56 -15.70 -15.80 -15.79 -15.66 -15.54 -15.58 -15.89 -16.36 -16.82 -17.06 -16.96 -16.66 -16.32
-5.90 -5.70 -5.20 -4.51 -3.85 -3.46 -3.49 -3.78 -4.13 -4.35 -4.37 -4.29 -4.20 -4.14 -4.14 -4.18 -4.21 -4.21 -4.16 -4.08 -4.01 -3.99 -4.03 -4.12 -4.23 -4.37 -4.55 -4.78 -5.00 -5.14 -5.16 -5.10 -5.04 -5.07 -5.26 -5.53 -5.81 -6.01 -6.06 -6.03 -6.01 -6.11 -6.37 -6.72 -7.14 -7.61 -8.21 -8.92 -9.58 -10.01 -10.08 -9.91 -9.71 -9.67 -9.78 -9.95 -10.27 -10.84 -11.81 -13.09 -14.38 -15.37 -15.96 -16.32 -16.54 -16.72 -16.81 -16.80 -16.77 -16.81 -16.97 -17.20 -17.41 -17.52 -17.46 -17.31 -17.14
