Instances/Oresund/GMRTv3_3_20170610topo.asc
ncols 573
nrows 429
xllcorner 12.109130859375
yllcorner 55.28662368224954
cellsize 0.002197265625
nodata_value -2147483648
[rows 102 to 135 of 429, columns 77 to 153 of 573]
44.10 49.37 49.41 46.24 47.34 45.63 43.80 46.42 49.13 58.88 64.69 60.91 62.24 68.37 69.83 68.03 69.40 74.73 77.44 78.75 78.62 73.75 71.42 64.94 62.63 64.17 60.89 57.12 55.37 50.72 44.69 39.93 35.29 33.80 28.30 29.00 25.25 20.12 16.57 14.56 18.00 18.00 18.00 18.00 18.00 18.00 18.00 18.00 17.11 5.24 2.94 3.00 3.00 3.00 5.10 16.42 16.66 18.86 14.05 11.23 8.86 5.02 3.89 11.88 7.81 9.11 10.99 14.07 16.38 16.66 19.05 19.52 26.07 32.07 30.97 32.39 30.13
44.61 47.35 50.68 50.83 49.86 48.09 54.49 59.98 57.27 59.64 60.57 68.21 68.45 71.44 70.40 71.51 73.75 74.06 72.45 78.97 84.21 78.36 74.54 71.77 74.89 73.85 66.07 60.85 55.09 47.86 43.32 35.08 32.51 32.27 31.91 28.81 22.76 19.79 20.00 19.64 18.00 18.00 18.00 18.00 18.00 18.00 18.00 18.03 12.68 5.00 4.33 3.16 4.04 5.15 5.49 13.20 12.35 6.30 9.66 8.77 6.01 6.82 7.40 8.44 9.49 6.21 8.27 9.67 9.84 11.66 14.09 15.80 20.54 31.06 39.12 42.96 48.10
36.70 36.65 40.70 50.92 56.14 60.45 65.46 68.13 66.92 66.97 70.15 74.27 78.21 73.81 64.83 64.85 72.90 73.10 71.96 78.97 81.01 78.01 74.08 67.05 69.71 68.77 64.90 57.81 51.48 41.63 34.84 30.98 27.90 28.55 25.65 25.83 26.28 28.04 18.94 18.21 18.21 18.21 18.21 18.21 18.21 18.21 18.21 16.98 5.84 5.00 5.04 7.11 6.00 7.28 11.02 8.97 9.90 6.17 22.13 15.28 10.36 6.25 8.20 13.22 14.20 13.11 13.96 9.96 7.87 15.88 19.01 20.16 23.45 35.17 38.92 38.80 39.85
29.60 35.13 40.86 48.88 55.90 60.18 68.16 69.97 65.81 64.74 72.69 76.01 77.18 70.02 58.46 66.88 71.28 71.56 68.15 71.22 78.40 79.92 76.93 69.88 67.75 69.77 64.47 56.42 43.03 37.93 35.92 32.15 25.36 21.14 21.06 23.79 23.88 18.97 21.83 22.94 22.94 22.94 22.94 22.94 22.94 22.94 22.99 12.62 4.99 5.00 9.47 6.04 12.54 14.19 16.43 8.56 11.16 10.65 13.21 14.27 15.76 12.38 15.15 22.33 18.51 14.39 18.23 16.15 8.63 9.95 12.23 15.53 22.11 28.07 35.35 40.78 43.84
25.60 30.64 40.02 51.76 55.91 61.60 63.15 60.99 61.21 71.03 77.73 76.91 77.78 75.00 68.42 69.37 67.74 69.83 69.48 75.00 74.34 76.89 70.12 67.87 66.77 63.12 52.06 44.73 39.29 34.87 31.21 26.17 22.01 15.01 19.75 24.49 9.72 8.04 21.93 23.00 23.00 23.00 23.00 23.00 23.00 23.00 20.79 7.70 4.85 4.33 17.12 8.06 12.11 12.19 17.19 25.36 24.41 23.97 20.04 20.48 24.78 25.29 28.63 25.86 22.17 24.13 29.61 29.91 17.58 15.48 15.41 14.87 18.94 22.23 28.27 34.91 43.27
23.49 28.24 36.40 50.18 54.87 55.84 53.21 52.77 59.53 67.61 72.29 70.40 74.44 77.97 77.08 72.55 75.79 76.66 77.24 76.65 71.16 68.73 64.64 61.91 56.87 52.21 52.43 52.46 43.38 32.53 26.75 23.44 26.73 23.16 17.24 15.61 17.84 23.32 23.07 23.00 23.00 23.00 23.00 23.00 23.00 23.11 14.40 8.88 8.44 15.54 22.45 14.55 11.39 16.23 20.50 24.88 26.96 28.62 30.87 21.68 19.42 17.90 20.09 24.73 20.97 29.73 35.17 31.69 27.28 18.94 18.34 19.60 22.01 23.06 23.99 22.99 29.28
34.38 40.17 39.34 47.78 51.34 49.61 47.63 50.80 56.54 65.27 67.85 62.35 70.95 75.94 82.35 81.04 72.35 69.51 74.16 65.86 65.16 68.63 65.09 60.65 51.96 49.57 46.97 50.36 45.33 33.89 24.27 23.94 23.20 15.09 19.39 22.68 23.07 23.00 23.00 23.00 23.00 23.00 23.00 23.00 23.00 20.42 6.30 5.80 10.92 15.00 10.34 18.06 17.88 17.86 20.89 25.12 28.26 32.12 33.06 29.65 24.32 20.97 20.00 20.72 18.77 25.80 31.77 34.89 28.19 20.50 22.37 26.99 27.22 27.17 28.81 27.45 27.65
44.98 43.01 46.14 55.16 58.10 57.05 57.06 54.06 59.01 58.84 59.77 60.93 74.92 82.06 77.03 71.93 71.93 67.86 64.89 57.02 55.02 59.98 58.84 55.87 50.99 46.03 47.02 44.93 37.90 28.95 20.97 19.97 18.95 12.94 13.93 22.99 23.00 23.00 23.00 23.00 23.00 23.00 23.00 23.00 22.99 12.00 7.22 12.10 15.89 12.03 14.05 17.08 17.10 18.04 23.06 21.04 21.03 22.97 26.91 27.97 29.99 27.01 20.03 17.99 20.02 20.96 21.90 26.89 28.97 26.01 24.04 24.02 25.06 32.07 36.09 40.11 39.15
37.63 42.26 52.18 61.46 62.18 62.19 57.80 58.06 57.89 52.85 51.03 55.56 66.22 79.95 77.13 65.13 55.35 53.10 58.49 58.39 62.19 64.31 56.79 50.47 46.30 39.06 42.67 42.20 34.13 28.17 21.34 18.34 11.69 4.40 9.82 22.14 23.00 23.00 23.00 23.00 23.00 23.00 23.00 23.00 22.78 18.67 9.13 6.29 7.73 19.78 25.12 28.64 32.88 31.18 34.83 31.72 32.58 30.92 26.13 27.81 26.38 25.37 24.73 23.13 22.67 19.71 21.54 28.44 30.47 25.63 24.37 23.57 25.59 32.37 37.26 41.17 43.06
31.86 38.18 46.85 52.50 58.32 62.82 56.62 50.82 54.94 55.85 55.30 49.11 48.20 59.17 56.29 47.01 50.06 55.57 56.19 56.62 53.53 56.98 52.00 42.47 38.70 43.20 44.90 37.18 28.58 22.58 17.86 15.56 13.24 7.35 12.16 19.79 22.14 23.17 23.00 23.00 23.00 23.00 23.00 23.07 23.30 23.04 12.02 4.86 9.25 20.26 24.66 30.22 31.70 36.91 31.73 35.08 41.06 41.21 40.32 35.80 24.50 21.62 21.85 25.46 23.54 23.75 22.41 25.16 26.14 23.86 23.17 20.21 21.58 29.30 35.77 38.79 41.49
30.87 36.25 39.18 45.14 52.26 56.88 54.79 53.91 59.30 59.24 57.85 51.09 46.60 50.63 54.02 48.47 44.96 46.16 50.86 49.18 56.59 49.27 46.06 45.30 44.94 46.11 43.81 35.65 24.10 17.42 17.95 18.59 12.93 10.26 18.08 16.02 5.11 8.71 22.32 23.00 23.00 23.00 23.00 21.43 13.32 22.88 16.07 8.59 10.77 24.06 26.90 25.34 26.89 33.86 39.60 40.30 38.72 40.96 40.40 35.61 37.10 31.10 31.28 32.97 33.18 30.07 27.21 25.98 24.98 22.53 19.55 20.57 21.98 25.50 31.46 32.93 34.59
30.63 39.78 35.18 36.58 44.44 50.72 53.05 59.66 66.68 68.21 58.91 49.04 55.52 61.14 59.19 57.56 55.21 51.32 44.11 45.71 47.35 47.38 44.59 46.82 47.15 36.94 32.63 30.77 26.03 17.09 18.69 20.49 18.64 8.95 3.53 6.91 12.21 8.45 19.97 23.01 23.00 23.00 23.00 25.00 15.16 24.20 15.89 10.60 10.94 16.05 21.44 23.14 26.11 29.61 36.15 41.42 41.96 38.18 36.76 36.25 38.28 37.02 36.50 32.24 29.42 31.59 31.04 28.52 27.49 26.88 25.77 24.04 25.14 27.08 33.78 37.06 35.92
34.84 39.87 42.75 46.70 49.82 53.90 56.92 57.92 57.07 57.20 58.03 58.82 60.94 58.04 57.93 56.90 58.01 55.86 55.75 55.83 55.92 50.00 43.90 39.12 38.22 39.08 36.98 29.04 27.94 20.92 15.00 16.98 11.97 7.99 7.85 8.86 8.08 22.00 18.22 22.13 23.00 23.00 23.00 26.12 31.94 13.30 8.00 8.98 11.02 8.06 14.14 23.07 27.01 29.00 28.08 32.17 37.11 41.09 37.07 31.03 29.08 27.15 26.10 28.01 30.08 26.11 26.12 30.01 30.91 30.93 31.89 32.92 31.97 31.85 33.92 35.02 36.03
33.50 42.73 53.56 52.98 55.97 61.48 60.43 62.73 61.94 59.09 54.44 58.73 58.26 57.06 65.51 66.48 65.41 61.32 61.12 61.62 61.13 55.72 48.45 40.17 36.45 33.14 29.70 27.46 27.20 18.98 15.88 17.02 16.18 10.63 11.30 12.00 9.67 9.08 6.76 16.66 23.00 23.00 23.00 24.38 17.08 10.29 10.91 9.00 9.11 11.86 15.72 20.80 22.40 24.21 25.38 27.18 29.88 30.08 30.45 29.25 24.88 24.63 26.95 26.77 24.29 23.51 23.88 27.91 34.72 36.31 33.55 35.55 35.50 36.02 36.19 35.21 33.94
29.92 38.72 46.11 51.25 60.19 63.74 64.59 62.01 58.79 61.60 63.02 65.18 63.57 63.89 66.33 65.80 70.29 65.74 60.04 59.30 51.74 53.11 51.21 48.57 38.67 29.18 26.72 22.77 15.63 14.25 19.01 27.07 24.67 20.04 15.58 16.54 21.41 22.11 14.54 12.57 18.98 23.07 22.38 16.76 12.51 14.51 9.46 8.39 11.63 19.03 19.41 21.78 11.97 18.74 23.08 25.73 29.23 28.79 30.91 28.76 27.27 27.17 26.62 29.21 28.41 28.94 27.37 25.81 26.30 28.23 31.26 36.10 36.61 36.10 32.25 29.58 29.06
31.78 36.82 39.03 41.63 48.51 58.88 66.93 60.68 61.25 61.32 60.64 65.33 67.19 67.51 59.81 54.80 56.62 56.66 54.93 54.21 59.77 54.82 48.46 46.03 37.21 32.86 31.19 25.32 20.94 13.25 22.94 34.33 28.25 25.65 24.80 25.87 28.83 24.15 16.07 9.68 19.86 22.32 12.13 12.21 11.74 8.92 7.89 9.82 16.71 18.20 14.95 19.60 22.67 18.21 15.53 18.99 23.13 22.49 22.74 24.03 26.07 26.86 22.06 25.42 25.64 27.42 27.07 28.75 31.26 34.40 33.11 31.96 31.35 30.96 30.93 29.25 28.47
36.10 39.77 40.90 35.27 43.44 60.21 63.39 58.43 55.18 53.52 52.99 52.59 53.30 53.74 47.87 47.77 50.76 51.59 47.64 47.94 53.30 52.23 48.66 42.99 40.59 39.35 32.26 30.17 27.16 24.60 21.87 16.37 15.48 14.47 13.39 10.53 12.84 10.67 9.87 12.75 9.50 10.30 7.05 11.01 13.03 10.19 9.15 15.32 30.27 29.44 19.79 15.79 14.89 21.19 23.50 20.18 21.86 18.12 20.32 26.23 24.15 21.96 23.13 29.16 30.09 31.18 30.08 29.03 29.81 30.44 24.56 21.64 20.38 22.44 23.62 23.72 22.78
34.09 33.30 39.16 40.23 35.16 40.57 46.79 41.70 37.62 44.58 51.44 55.97 52.82 53.23 55.92 49.91 51.02 46.07 40.20 42.42 40.29 41.92 46.16 37.56 35.93 35.61 35.26 34.15 28.17 29.13 17.27 14.99 12.13 6.23 5.35 14.19 21.38 22.53 19.42 12.48 7.04 8.84 9.78 10.07 14.00 17.52 17.26 22.44 28.05 24.42 21.69 16.82 17.02 17.42 17.47 18.20 18.93 21.00 25.11 22.50 25.28 25.03 26.92 31.97 30.90 31.00 30.89 29.88 26.23 22.36 21.20 18.11 15.85 16.04 17.44 21.25 25.70
36.28 30.70 34.36 35.92 39.31 42.41 38.75 38.71 36.70 36.14 40.92 44.70 49.94 48.29 51.86 50.49 44.84 44.94 42.48 46.80 47.71 45.13 36.54 33.16 28.07 27.58 28.72 27.96 22.77 16.12 13.11 12.03 8.04 10.45 10.91 9.67 11.66 15.75 15.29 15.29 13.27 15.49 13.91 8.91 12.33 20.11 25.16 29.93 29.34 27.83 23.11 18.68 16.96 17.25 19.54 18.22 18.56 21.04 22.28 19.09 18.38 18.01 23.22 24.10 28.81 31.44 31.83 32.02 23.37 18.45 17.69 19.27 19.10 15.05 14.55 15.87 18.52
28.30 30.80 30.57 29.33 37.31 44.59 41.72 43.47 44.33 48.04 44.03 42.79 46.00 44.94 50.84 48.84 43.03 44.15 41.73 42.51 42.56 36.62 31.35 29.95 28.87 28.70 28.21 31.75 33.78 32.77 24.01 18.03 19.20 19.51 18.15 18.80 25.95 23.77 19.62 18.79 18.58 17.85 17.43 15.37 19.02 19.82 27.34 31.51 29.06 28.52 21.65 20.76 20.71 15.29 14.67 15.67 16.34 17.57 20.82 22.85 20.15 19.61 21.20 25.19 24.26 23.50 22.72 26.71 27.80 29.39 27.95 21.11 20.33 18.95 17.11 13.45 15.05
33.76 33.73 36.93 37.20 40.52 43.56 40.86 46.88 50.39 52.67 53.84 45.58 43.43 44.02 44.13 41.22 39.74 39.46 37.88 31.08 33.46 34.42 35.06 33.44 31.19 35.62 36.23 38.36 41.68 39.84 36.93 34.67 30.63 28.67 20.98 25.76 31.12 29.35 22.64 17.38 19.33 19.86 23.94 25.60 31.38 31.53 30.99 29.99 27.48 27.56 17.88 16.94 19.08 16.90 14.45 17.93 18.38 23.48 22.84 19.30 15.80 21.07 23.77 24.39 24.62 26.60 29.66 35.36 31.64 35.31 36.40 29.61 22.60 22.60 15.97 11.71 12.62
32.76 34.76 34.76 35.99 39.95 39.93 44.04 48.12 46.13 43.91 48.94 50.02 45.09 43.01 40.01 39.95 38.93 37.88 36.85 33.01 26.00 19.94 18.83 20.85 25.87 34.01 37.03 34.97 31.83 32.87 38.06 36.15 38.24 37.28 34.45 35.37 36.32 34.16 24.10 17.96 21.94 29.03 41.20 40.14 39.13 46.00 37.07 27.97 26.92 23.86 24.15 27.26 29.29 27.45 18.39 14.11 14.98 17.92 15.87 13.99 13.10 16.09 16.87 14.70 14.68 19.69 28.79 27.86 26.97 28.00 33.96 31.02 23.02 18.96 21.06 18.10 13.02
23.03 25.72 31.01 35.45 39.98 40.80 39.54 46.89 54.82 45.74 44.60 48.75 44.84 39.51 41.21 38.79 37.91 34.95 33.81 33.55 27.70 21.83 17.93 22.25 33.06 38.83 39.20 35.14 34.26 36.02 40.51 42.58 45.87 45.91 49.52 43.72 42.15 35.24 26.06 16.64 19.78 27.02 41.12 44.52 42.84 38.54 32.46 22.18 20.96 22.35 30.23 31.92 32.60 38.35 34.82 27.40 28.73 27.72 18.44 15.32 17.22 20.15 17.86 10.02 8.20 10.11 14.82 25.76 27.02 27.42 32.83 27.84 18.66 13.60 15.60 13.36 14.75
28.10 28.86 28.81 32.74 32.98 38.17 38.67 40.82 49.06 40.47 40.90 52.76 51.73 42.95 37.09 35.54 32.59 30.55 30.05 34.26 30.11 26.55 22.33 26.74 28.85 34.35 37.29 35.43 37.25 40.20 40.23 35.93 42.65 48.55 50.86 48.96 46.56 39.07 34.19 27.14 22.04 22.28 31.47 37.21 36.89 33.76 30.77 29.88 26.97 28.68 33.99 31.71 29.35 30.88 26.49 18.64 20.71 26.19 18.11 12.51 13.15 15.03 16.85 12.90 13.88 16.50 13.53 11.51 15.98 19.56 20.76 21.80 20.02 14.36 12.20 13.73 16.29
20.77 21.55 24.43 31.78 30.76 38.32 39.40 35.90 35.12 42.36 46.88 47.98 48.74 46.64 41.38 33.33 28.04 25.91 29.20 35.90 35.50 35.26 34.24 35.13 42.37 49.90 47.41 39.93 37.52 35.95 33.16 38.15 47.55 45.65 45.04 41.59 38.98 30.92 30.82 27.86 26.53 25.53 22.28 21.71 20.62 23.29 25.46 26.47 28.54 34.64 34.78 33.54 29.35 22.15 14.80 12.58 13.18 13.59 17.81 14.57 15.31 17.72 13.42 14.74 16.84 16.38 16.31 13.88 12.43 11.59 21.20 23.71 22.06 15.45 16.31 14.50 17.33
16.17 18.78 29.42 39.99 41.83 41.78 42.19 40.80 36.11 38.40 43.02 48.04 49.88 47.71 43.62 35.16 33.60 42.37 47.04 41.79 34.04 33.31 37.18 42.09 46.13 48.94 45.19 41.99 39.96 44.12 41.48 42.57 44.26 39.00 33.60 33.83 26.91 24.84 25.70 26.13 24.86 24.03 23.50 24.42 22.06 21.62 22.40 21.51 18.58 19.39 18.89 21.47 20.58 17.75 20.20 22.48 21.44 18.22 17.68 15.81 14.86 13.74 16.20 12.87 13.04 14.05 15.96 17.10 16.60 18.39 18.64 15.63 15.57 17.59 14.44 13.19 18.02
17.03 19.02 26.08 34.06 38.99 36.92 38.93 40.01 37.02 35.05 34.10 39.18 41.15 42.10 41.99 38.89 40.84 45.01 41.11 40.02 39.85 41.81 43.85 41.91 47.96 50.93 50.89 46.91 42.97 45.10 45.10 41.12 36.10 34.02 36.00 31.06 27.01 24.94 24.94 28.01 23.98 22.05 25.07 23.06 20.01 16.00 15.02 16.98 21.98 19.05 17.01 22.02 18.09 16.05 16.99 19.05 16.10 16.09 14.05 14.00 16.00 14.97 16.96 17.90 18.93 18.96 20.96 19.01 23.99 22.15 15.98 17.86 17.93 14.01 14.97 11.92 15.93
18.40 15.80 19.63 25.49 34.85 39.56 40.26 31.35 31.65 32.00 29.24 31.18 37.09 39.64 43.48 47.90 50.33 46.40 42.19 46.51 53.16 52.29 50.80 52.98 55.77 58.00 53.30 43.92 41.70 41.30 37.26 37.31 36.49 35.19 36.45 26.92 25.18 28.14 29.62 25.75 24.36 20.56 18.14 20.74 20.60 18.86 16.77 18.45 19.08 19.70 17.99 15.77 12.15 13.07 18.59 14.75 13.74 17.95 18.21 14.88 9.85 11.17 17.78 21.20 20.02 19.88 19.31 16.60 18.01 15.82 19.73 27.54 21.52 18.43 18.90 19.24 14.46
17.68 18.47 18.74 22.95 24.56 24.13 28.11 29.43 29.51 30.94 31.35 37.01 45.88 49.26 41.31 38.41 44.52 46.31 45.23 45.64 49.86 48.85 51.02 53.09 54.41 52.80 48.07 47.16 46.78 45.66 43.94 47.82 44.97 40.22 35.88 30.66 29.77 32.90 35.54 28.41 24.92 23.97 20.89 21.29 24.86 24.11 24.28 20.79 22.42 25.36 24.78 14.65 9.98 7.76 14.84 14.56 11.23 17.25 20.16 17.67 14.36 10.91 13.35 16.03 16.65 16.22 15.91 19.74 19.19 16.31 17.69 17.10 20.56 25.85 20.24 17.06 17.79
20.85 22.92 22.84 22.44 23.77 27.37 31.96 30.71 28.59 30.48 32.61 38.06 45.91 46.78 44.36 43.99 49.51 48.30 45.23 44.01 45.48 47.06 48.21 48.63 50.37 50.48 52.14 49.36 48.69 47.48 48.34 47.48 43.62 42.33 36.74 32.88 32.85 34.67 32.41 31.11 27.48 28.03 30.24 28.03 23.22 21.51 22.15 22.23 21.70 22.30 23.82 23.29 18.32 13.32 14.18 16.14 18.59 18.81 12.18 18.85 26.10 15.96 10.04 15.18 14.26 12.78 13.29 19.63 16.59 18.44 20.40 23.66 22.51 23.48 22.30 21.70 19.88
20.71 20.56 21.69 24.73 26.81 29.86 31.83 32.12 29.20 26.97 27.73 24.71 28.82 37.87 42.96 44.67 48.54 52.95 50.51 50.60 53.52 57.33 55.29 53.34 55.46 60.32 62.23 58.54 55.26 54.30 53.44 49.18 47.83 43.96 37.18 37.15 38.30 35.70 34.10 33.90 27.33 32.14 38.86 32.82 22.10 26.37 28.30 26.39 26.86 30.76 30.99 26.66 28.61 30.99 24.93 20.34 18.44 24.09 24.42 32.36 18.99 22.21 14.30 11.94 16.14 17.21 19.21 17.61 14.71 18.84 20.82 22.69 22.13 17.84 20.09 18.94 22.01
18.85 15.97 16.12 21.05 24.11 26.13 26.29 28.33 31.25 30.08 23.86 21.97 26.56 35.61 40.37 42.93 46.82 49.91 53.85 58.79 60.81 60.92 56.89 54.03 57.93 59.68 62.60 61.86 54.97 55.78 53.17 49.11 48.81 43.82 41.86 40.70 37.74 38.11 31.93 31.81 33.98 37.70 34.97 29.05 31.46 34.43 35.32 40.19 38.47 54.22 56.56 35.99 33.76 32.39 27.58 26.79 27.66 25.69 22.00 27.39 22.34 18.25 14.21 13.04 15.25 13.25 15.21 17.88 13.78 17.03 20.89 23.81 20.40 14.25 18.26 19.89 21.06
22.89 19.75 20.85 20.42 19.37 21.82 20.71 23.75 21.66 23.73 27.90 26.91 24.83 24.38 35.73 43.73 43.74 48.50 54.30 54.75 59.09 62.73 63.60 62.90 65.75 69.22 69.51 66.49 62.05 58.82 51.16 47.89 49.15 46.22 43.51 44.81 64.06 66.06 45.40 37.43 35.07 33.55 33.28 31.90 41.66 41.58 42.96 48.31 55.80 36.27 35.94 35.90 40.62 29.99 22.62 28.69 29.57 23.20 25.32 18.01 14.57 16.54 13.32 12.70 11.10 14.75 16.54 17.17 16.87 17.50 21.60 22.11 18.51 14.73 17.20 20.69 17.06
17.78 16.45 16.50 16.82 18.72 19.59 19.65 21.72 25.25 29.27 24.48 25.15 24.09 32.82 42.69 42.84 40.59 45.59 51.96 53.59 59.09 65.32 68.59 67.61 67.15 65.10 70.75 72.62 64.57 57.20 54.86 52.10 54.46 50.75 50.44 60.96 74.08 70.15 46.61 37.03 33.97 34.99 35.12 41.80 45.40 42.91 40.80 40.39 49.14 35.80 36.58 42.77 40.71 36.79 29.97 31.05 31.87 25.56 24.54 22.01 14.89 13.49 12.79 12.42 13.35 15.41 20.67 21.03 16.87 20.09 18.72 17.73 20.72 15.23 18.94 25.48 24.88
