Instances/Oresund/GMRTv3_3_20170610topo.asc
ncols 573
nrows 429
xllcorner 12.109130859375
yllcorner 55.28662368224954
cellsize 0.002197265625
nodata_value -2147483648
[rows 340 to 373 of 429, columns 231 to 307 of 573]
-12.20 -12.18 -12.18 -12.28 -12.37 -12.28 -12.18 -12.15 -12.18 -12.32 -12.46 -12.47 -12.45 -12.46 -12.45 -12.34 -12.20 -12.06 -11.95 -11.93 -11.95 -11.95 -11.96 -11.97 -11.98 -11.97 -11.96 -11.95 -11.95 -11.94 -11.95 -11.95 -11.96 -11.97 -11.96 -11.95 -11.95 -11.95 -11.95 -11.95 -11.96 -11.91 -11.86 -11.81 -11.75 -11.69 -11.63 -11.58 -11.53 -11.48 -11.42 -11.37 -11.32 -11.25 -11.17 -11.06 -10.92 -10.79 -10.69 -10.65 -10.65 -10.65 -10.63 -10.60 -10.56 -10.49 -10.38 -10.25 -10.12 -9.89 -9.48 -8.82 -7.97 -7.06 -6.26 -5.59 -4.97
-12.18 -12.25 -12.33 -12.42 -12.46 -12.41 -12.33 -12.32 -12.33 -12.39 -12.45 -12.45 -12.45 -12.47 -12.46 -12.35 -12.20 -12.06 -11.95 -11.94 -11.95 -11.88 -11.81 -11.80 -11.81 -11.80 -11.81 -11.89 -11.96 -11.98 -11.96 -11.89 -11.81 -11.79 -11.81 -11.89 -11.95 -11.96 -11.94 -11.93 -11.88 -11.85 -11.82 -11.79 -11.74 -11.69 -11.62 -11.53 -11.41 -11.30 -11.21 -11.18 -11.19 -11.18 -11.13 -10.98 -10.77 -10.56 -10.43 -10.41 -10.45 -10.51 -10.52 -10.48 -10.43 -10.33 -10.14 -9.87 -9.52 -9.10 -8.60 -7.99 -7.28 -6.55 -5.85 -5.17 -4.49
-12.30 -12.38 -12.46 -12.46 -12.43 -12.44 -12.45 -12.46 -12.46 -12.45 -12.45 -12.46 -12.46 -12.41 -12.34 -12.28 -12.20 -12.06 -11.95 -11.95 -11.95 -11.81 -11.68 -11.67 -11.70 -11.69 -11.70 -11.78 -11.86 -11.87 -11.84 -11.76 -11.68 -11.66 -11.68 -11.75 -11.74 -11.82 -11.87 -11.89 -11.90 -11.89 -11.87 -11.85 -11.81 -11.76 -11.68 -11.55 -11.39 -11.23 -11.12 -11.10 -11.13 -11.16 -11.11 -10.94 -10.69 -10.44 -10.27 -10.22 -10.25 -10.27 -10.23 -10.13 -9.98 -9.78 -9.50 -9.11 -8.64 -8.12 -7.59 -7.05 -6.48 -5.90 -5.34 -4.76 -4.18
-12.46 -12.44 -12.43 -12.48 -12.52 -12.53 -12.52 -12.48 -12.43 -12.44 -12.45 -12.42 -12.36 -12.26 -12.18 -12.19 -12.20 -12.07 -11.95 -11.95 -11.96 -11.83 -11.70 -11.64 -11.62 -11.63 -11.64 -11.62 -11.61 -11.65 -11.69 -11.69 -11.69 -11.70 -11.69 -11.67 -11.83 -11.89 -11.94 -11.98 -12.01 -12.03 -12.02 -12.00 -11.95 -11.89 -11.79 -11.65 -11.46 -11.27 -11.15 -11.12 -11.16 -11.19 -11.13 -10.95 -10.70 -10.42 -10.21 -10.09 -10.02 -9.94 -9.78 -9.52 -9.20 -8.82 -8.41 -7.95 -7.43 -6.90 -6.41 -5.96 -5.52 -5.11 -4.73 -4.37 -4.05
-12.44 -12.45 -12.49 -12.60 -12.71 -12.74 -12.71 -12.60 -12.49 -12.46 -12.44 -12.33 -12.22 -12.20 -12.20 -12.21 -12.20 -12.07 -11.95 -11.92 -11.91 -11.82 -11.70 -11.56 -11.43 -11.39 -11.39 -11.40 -11.44 -11.55 -11.76 -11.78 -11.75 -11.71 -11.71 -11.75 -11.81 -11.88 -11.93 -11.98 -12.02 -12.06 -12.07 -12.06 -12.05 -12.00 -11.92 -11.76 -11.54 -11.32 -11.17 -11.13 -11.15 -11.16 -11.09 -10.91 -10.66 -10.38 -10.12 -9.88 -9.66 -9.41 -9.12 -8.77 -8.38 -7.96 -7.52 -7.03 -6.50 -5.98 -5.53 -5.14 -4.80 -4.51 -4.24 -4.04 -3.88
-12.46 -12.57 -12.71 -12.72 -12.70 -12.69 -12.69 -12.71 -12.71 -12.58 -12.46 -12.46 -12.46 -12.33 -12.19 -12.20 -12.20 -12.09 -11.95 -11.80 -11.69 -11.68 -11.68 -11.58 -11.45 -11.29 -11.19 -11.30 -11.44 -11.43 -11.71 -11.70 -11.60 -11.49 -11.44 -11.48 -11.57 -11.67 -11.76 -11.81 -11.85 -11.88 -11.92 -11.98 -12.06 -12.10 -12.06 -11.89 -11.62 -11.35 -11.15 -11.08 -11.08 -11.07 -10.99 -10.82 -10.60 -10.33 -10.00 -9.57 -9.06 -8.55 -8.11 -7.79 -7.55 -7.30 -6.98 -6.55 -6.05 -5.55 -5.11 -4.76 -4.46 -4.19 -3.96 -3.76 -3.61
-12.69 -12.69 -12.70 -12.70 -12.70 -12.69 -12.69 -12.69 -12.70 -12.71 -12.69 -12.58 -12.45 -12.30 -12.19 -12.19 -12.20 -12.09 -11.95 -11.82 -11.70 -11.56 -11.45 -11.45 -11.45 -11.32 -11.20 -11.19 -11.23 -11.50 -11.67 -11.64 -11.49 -11.32 -11.24 -11.28 -11.38 -11.51 -11.61 -11.67 -11.71 -11.74 -11.80 -11.90 -12.04 -12.15 -12.14 -11.97 -11.69 -11.38 -11.14 -11.01 -10.94 -10.88 -10.75 -10.59 -10.42 -10.17 -9.81 -9.25 -8.53 -7.82 -7.29 -7.01 -6.90 -6.82 -6.62 -6.26 -5.81 -5.34 -4.93 -4.58 -4.27 -3.99 -3.74 -3.53 -3.34
-12.70 -12.70 -12.70 -12.68 -12.70 -12.83 -12.93 -12.83 -12.70 -12.70 -12.70 -12.57 -12.43 -12.42 -12.42 -12.31 -12.18 -12.06 -11.93 -11.81 -11.68 -11.56 -11.44 -11.31 -11.21 -11.21 -11.21 -11.09 -11.27 -11.52 -11.67 -11.65 -11.55 -11.42 -11.37 -11.40 -11.48 -11.57 -11.65 -11.72 -11.77 -11.83 -11.88 -11.95 -12.04 -12.09 -12.06 -11.92 -11.70 -11.44 -11.18 -10.92 -10.63 -10.35 -10.11 -9.96 -9.87 -9.74 -9.47 -8.99 -8.36 -7.72 -7.23 -6.94 -6.77 -6.63 -6.42 -6.09 -5.71 -5.31 -4.93 -4.56 -4.18 -3.84 -3.55 -3.32 -3.14
-12.70 -12.70 -12.70 -12.69 -12.70 -12.74 -12.77 -12.74 -12.70 -12.70 -12.70 -12.67 -12.62 -12.53 -12.44 -12.42 -12.38 -12.27 -12.13 -12.02 -11.88 -11.64 -11.65 -11.55 -11.43 -11.26 -11.14 -11.12 -11.39 -11.56 -11.67 -11.69 -11.66 -11.63 -11.61 -11.64 -11.68 -11.73 -11.78 -11.85 -11.93 -12.00 -12.04 -12.05 -12.03 -11.99 -11.91 -11.80 -11.67 -11.49 -11.23 -10.84 -10.34 -9.85 -9.48 -9.32 -9.28 -9.24 -9.09 -8.75 -8.31 -7.84 -7.44 -7.13 -6.86 -6.60 -6.32 -6.02 -5.70 -5.37 -5.02 -4.61 -4.15 -3.72 -3.38 -3.15 -2.98
-12.70 -12.70 -12.70 -12.70 -12.70 -12.69 -12.68 -12.69 -12.70 -12.68 -12.68 -12.79 -12.86 -12.75 -12.60 -12.53 -12.46 -12.34 -12.17 -12.07 -11.97 -11.81 -12.03 -11.92 -11.75 -11.58 -11.47 -11.47 -11.52 -11.60 -11.65 -11.68 -11.70 -11.72 -11.75 -11.79 -11.84 -11.90 -11.95 -12.01 -12.08 -12.14 -12.14 -12.09 -11.99 -11.87 -11.75 -11.65 -11.56 -11.43 -11.22 -10.89 -10.47 -10.04 -9.68 -9.42 -9.23 -9.04 -8.80 -8.46 -8.07 -7.68 -7.33 -7.03 -6.77 -6.51 -6.23 -5.93 -5.61 -5.27 -4.90 -4.47 -3.98 -3.52 -3.19 -3.00 -2.91
-12.70 -12.69 -12.68 -12.69 -12.70 -12.70 -12.70 -12.69 -12.70 -12.75 -12.82 -12.91 -12.96 -12.86 -12.70 -12.56 -12.43 -12.31 -12.12 -12.06 -12.04 -12.02 -11.99 -11.95 -11.90 -11.85 -11.80 -11.75 -11.69 -11.64 -11.62 -11.64 -11.69 -11.76 -11.83 -11.90 -11.99 -12.08 -12.14 -12.20 -12.24 -12.26 -12.22 -12.11 -11.93 -11.75 -11.59 -11.48 -11.39 -11.30 -11.18 -11.05 -10.91 -10.73 -10.46 -10.06 -9.56 -9.04 -8.56 -8.14 -7.73 -7.36 -7.03 -6.78 -6.60 -6.42 -6.17 -5.85 -5.47 -5.07 -4.67 -4.22 -3.74 -3.30 -3.00 -2.89 -2.91
-12.68 -12.74 -12.79 -12.74 -12.68 -12.68 -12.70 -12.68 -12.70 -12.84 -12.98 -12.99 -12.95 -12.88 -12.79 -12.67 -12.53 -12.34 -12.35 -12.22 -12.09 -11.97 -11.89 -11.88 -11.91 -11.94 -11.94 -11.87 -11.76 -11.65 -11.60 -11.63 -11.70 -11.80 -11.89 -11.97 -12.06 -12.14 -12.20 -12.24 -12.27 -12.27 -12.22 -12.10 -11.92 -11.73 -11.56 -11.42 -11.30 -11.19 -11.08 -11.04 -11.04 -10.98 -10.75 -10.28 -9.64 -8.96 -8.38 -7.93 -7.54 -7.19 -6.90 -6.68 -6.54 -6.40 -6.18 -5.87 -5.50 -5.10 -4.70 -4.28 -3.82 -3.41 -3.13 -3.00 -2.99
-12.75 -12.87 -12.95 -12.87 -12.75 -12.71 -12.70 -12.68 -12.70 -12.79 -12.89 -12.93 -12.95 -12.97 -12.96 -12.87 -12.87 -12.72 -12.55 -12.33 -12.07 -11.83 -11.68 -11.66 -11.73 -11.81 -11.85 -11.81 -11.72 -11.63 -11.60 -11.65 -11.75 -11.86 -11.94 -12.00 -12.04 -12.07 -12.10 -12.13 -12.16 -12.16 -12.14 -12.07 -11.96 -11.83 -11.68 -11.50 -11.29 -11.08 -10.90 -10.82 -10.79 -10.72 -10.50 -10.05 -9.43 -8.79 -8.25 -7.84 -7.49 -7.19 -6.93 -6.72 -6.58 -6.44 -6.25 -5.99 -5.69 -5.36 -5.03 -4.67 -4.29 -3.91 -3.60 -3.36 -3.15
-12.96 -12.98 -12.97 -12.98 -12.96 -12.83 -12.70 -12.68 -12.70 -12.67 -12.68 -12.82 -12.95 -12.98 -12.95 -12.84 -12.97 -12.85 -12.69 -12.46 -12.16 -11.89 -11.71 -11.69 -11.76 -11.85 -11.89 -11.85 -11.77 -11.69 -11.65 -11.69 -11.76 -11.84 -11.90 -11.94 -11.97 -11.99 -12.01 -12.03 -12.06 -12.08 -12.08 -12.05 -12.00 -11.93 -11.81 -11.63 -11.39 -11.14 -10.93 -10.78 -10.68 -10.54 -10.28 -9.83 -9.25 -8.66 -8.16 -7.80 -7.50 -7.25 -7.03 -6.87 -6.75 -6.64 -6.48 -6.25 -5.99 -5.71 -5.41 -5.09 -4.75 -4.41 -4.07 -3.70 -3.32
-12.95 -13.10 -13.20 -13.10 -12.95 -12.81 -12.70 -12.68 -12.70 -12.68 -12.70 -12.82 -12.94 -12.98 -12.76 -12.78 -12.80 -12.80 -12.77 -12.67 -12.53 -12.39 -12.29 -12.26 -12.27 -12.28 -12.25 -12.15 -12.02 -11.89 -11.79 -11.72 -11.68 -11.65 -11.66 -11.71 -11.81 -11.91 -11.98 -12.03 -12.07 -12.09 -12.10 -12.07 -12.03 -11.97 -11.90 -11.81 -11.71 -11.58 -11.40 -11.20 -10.96 -10.67 -10.30 -9.79 -9.18 -8.58 -8.10 -7.77 -7.53 -7.35 -7.21 -7.13 -7.13 -7.11 -7.01 -6.77 -6.47 -6.12 -5.77 -5.44 -5.09 -4.73 -4.35 -3.90 -3.38
-12.93 -13.08 -13.20 -13.11 -12.95 -12.81 -12.70 -12.69 -12.71 -12.71 -12.71 -12.70 -12.71 -12.85 -12.31 -12.40 -12.54 -12.69 -12.80 -12.85 -12.89 -12.89 -12.88 -12.85 -12.79 -12.71 -12.61 -12.47 -12.30 -12.12 -11.96 -11.80 -11.64 -11.51 -11.46 -11.52 -11.67 -11.83 -11.96 -12.03 -12.08 -12.10 -12.11 -12.09 -12.05 -11.99 -11.95 -11.96 -11.99 -11.98 -11.87 -11.60 -11.24 -10.82 -10.35 -9.81 -9.19 -8.59 -8.12 -7.82 -7.63 -7.51 -7.42 -7.42 -7.51 -7.57 -7.51 -7.28 -6.93 -6.54 -6.15 -5.80 -5.44 -5.06 -4.66 -4.17 -3.62
-13.16 -13.21 -13.20 -13.09 -12.95 -12.82 -12.70 -12.58 -12.50 -12.47 -12.50 -12.60 -12.26 -12.25 -11.95 -12.09 -12.33 -12.58 -12.77 -12.88 -12.96 -13.00 -13.01 -12.99 -12.92 -12.84 -12.73 -12.61 -12.46 -12.30 -12.15 -11.99 -11.82 -11.67 -11.59 -11.61 -11.70 -11.81 -11.90 -11.95 -12.00 -12.03 -12.04 -12.04 -12.01 -11.98 -11.95 -11.95 -11.98 -11.97 -11.84 -11.59 -11.23 -10.82 -10.38 -9.88 -9.32 -8.79 -8.36 -8.09 -7.91 -7.79 -7.69 -7.66 -7.69 -7.71 -7.64 -7.46 -7.21 -6.91 -6.59 -6.25 -5.87 -5.49 -5.13 -4.77 -4.41
-13.04 -13.15 -13.21 -13.11 -12.95 -12.82 -12.70 -12.54 -12.42 -12.40 -12.43 -12.47 -11.73 -11.65 -11.67 -11.85 -12.15 -12.47 -12.70 -12.83 -12.90 -12.93 -12.94 -12.92 -12.88 -12.81 -12.74 -12.65 -12.55 -12.45 -12.34 -12.21 -12.08 -11.95 -11.86 -11.82 -11.80 -11.80 -11.81 -11.84 -11.88 -11.92 -11.95 -11.95 -11.95 -11.94 -11.91 -11.87 -11.83 -11.76 -11.61 -11.39 -11.10 -10.77 -10.41 -9.99 -9.52 -9.06 -8.69 -8.43 -8.24 -8.10 -7.97 -7.86 -7.77 -7.69 -7.59 -7.48 -7.37 -7.22 -7.02 -6.71 -6.33 -5.96 -5.66 -5.50 -5.41
-12.93 -13.00 -13.06 -13.03 -12.95 -12.81 -12.68 -12.62 -12.58 -12.50 -12.41 -12.38 -11.78 -11.72 -11.74 -11.89 -12.15 -12.42 -12.63 -12.76 -12.85 -12.90 -12.93 -12.92 -12.87 -12.80 -12.73 -12.67 -12.61 -12.53 -12.44 -12.32 -12.18 -12.04 -11.92 -11.82 -11.74 -11.68 -11.65 -11.69 -11.77 -11.85 -11.91 -11.93 -11.93 -11.91 -11.87 -11.82 -11.75 -11.65 -11.50 -11.30 -11.06 -10.79 -10.47 -10.08 -9.62 -9.17 -8.81 -8.56 -8.39 -8.26 -8.11 -7.96 -7.81 -7.67 -7.55 -7.48 -7.44 -7.38 -7.25 -7.02 -6.70 -6.39 -6.16 -6.04 -6.00
-12.95 -12.94 -12.93 -12.95 -12.95 -12.88 -12.81 -12.77 -12.73 -12.65 -12.14 -12.08 -12.07 -12.08 -12.12 -12.19 -12.30 -12.43 -12.54 -12.66 -12.79 -12.89 -12.94 -12.93 -12.86 -12.78 -12.70 -12.65 -12.61 -12.56 -12.48 -12.33 -12.16 -11.97 -11.82 -11.68 -11.55 -11.46 -11.43 -11.50 -11.66 -11.82 -11.92 -11.95 -11.93 -11.89 -11.83 -11.77 -11.70 -11.60 -11.46 -11.29 -11.09 -10.85 -10.55 -10.15 -9.65 -9.17 -8.78 -8.54 -8.39 -8.28 -8.14 -7.97 -7.79 -7.62 -7.49 -7.43 -7.41 -7.39 -7.32 -7.18 -7.00 -6.80 -6.61 -6.44 -6.26
-12.95 -12.94 -12.94 -12.93 -12.94 -12.97 -12.73 -12.60 -12.44 -12.28 -12.21 -12.19 -12.23 -12.29 -12.33 -12.36 -12.37 -12.40 -12.45 -12.55 -12.69 -12.82 -12.89 -12.88 -12.81 -12.73 -12.66 -12.62 -12.60 -12.57 -12.49 -12.35 -12.17 -11.98 -11.83 -11.69 -11.56 -11.47 -11.44 -11.51 -11.66 -11.82 -11.91 -11.92 -11.89 -11.84 -11.77 -11.70 -11.63 -11.53 -11.39 -11.21 -10.99 -10.73 -10.43 -10.04 -9.58 -9.12 -8.76 -8.53 -8.38 -8.26 -8.13 -7.98 -7.82 -7.68 -7.56 -7.50 -7.47 -7.44 -7.39 -7.29 -7.18 -7.04 -6.89 -6.70 -6.48
-12.94 -12.96 -12.98 -12.99 -12.98 -12.97 -12.74 -12.61 -12.44 -12.27 -12.17 -12.16 -12.22 -12.29 -12.34 -12.34 -12.32 -12.30 -12.33 -12.42 -12.55 -12.67 -12.75 -12.75 -12.71 -12.65 -12.60 -12.58 -12.58 -12.56 -12.51 -12.40 -12.26 -12.11 -11.99 -11.91 -11.84 -11.79 -11.77 -11.78 -11.81 -11.85 -11.86 -11.84 -11.80 -11.74 -11.67 -11.60 -11.53 -11.43 -11.27 -11.02 -10.70 -10.35 -10.02 -9.69 -9.34 -9.02 -8.74 -8.53 -8.35 -8.21 -8.09 -7.99 -7.92 -7.86 -7.79 -7.72 -7.64 -7.56 -7.46 -7.34 -7.21 -7.07 -6.94 -6.81 -6.69
-12.96 -13.06 -13.20 -13.23 -13.20 -13.08 -12.77 -12.64 -12.46 -12.29 -12.18 -12.17 -12.22 -12.29 -12.33 -12.32 -12.29 -12.26 -12.27 -12.33 -12.43 -12.54 -12.60 -12.61 -12.58 -12.54 -12.51 -12.49 -12.49 -12.47 -12.44 -12.38 -12.30 -12.21 -12.15 -12.12 -12.10 -12.09 -12.06 -12.01 -11.95 -11.89 -11.83 -11.77 -11.71 -11.65 -11.57 -11.51 -11.45 -11.35 -11.17 -10.86 -10.46 -10.04 -9.69 -9.42 -9.20 -9.01 -8.81 -8.59 -8.37 -8.18 -8.04 -8.00 -8.02 -8.05 -8.03 -7.94 -7.81 -7.66 -7.52 -7.38 -7.22 -7.08 -6.96 -6.88 -6.83
-13.18 -13.19 -13.19 -13.19 -13.19 -13.21 -12.88 -12.76 -12.59 -12.42 -12.31 -12.29 -12.32 -12.37 -12.40 -12.39 -12.36 -12.34 -12.33 -12.37 -12.42 -12.48 -12.51 -12.49 -12.44 -12.38 -12.33 -12.29 -12.25 -12.22 -12.20 -12.20 -12.22 -12.24 -12.24 -12.23 -12.21 -12.18 -12.13 -12.06 -11.98 -11.89 -11.81 -11.74 -11.67 -11.59 -11.51 -11.45 -11.39 -11.30 -11.12 -10.81 -10.40 -9.98 -9.65 -9.45 -9.32 -9.21 -9.05 -8.79 -8.48 -8.19 -8.01 -8.00 -8.09 -8.20 -8.23 -8.12 -7.94 -7.74 -7.57 -7.42 -7.29 -7.16 -7.05 -6.96 -6.88
-13.40 -13.40 -13.40 -13.41 -13.40 -13.30 -13.02 -12.91 -12.75 -12.59 -12.48 -12.44 -12.45 -12.47 -12.48 -12.47 -12.46 -12.45 -12.44 -12.43 -12.43 -12.42 -12.39 -12.35 -12.29 -12.22 -12.16 -12.09 -12.02 -11.96 -11.95 -12.01 -12.12 -12.23 -12.29 -12.29 -12.26 -12.20 -12.14 -12.07 -11.99 -11.91 -11.82 -11.73 -11.65 -11.56 -11.46 -11.40 -11.34 -11.25 -11.09 -10.80 -10.41 -10.03 -9.74 -9.59 -9.54 -9.48 -9.34 -9.04 -8.65 -8.28 -8.05 -8.04 -8.17 -8.31 -8.36 -8.24 -8.04 -7.81 -7.63 -7.49 -7.37 -7.26 -7.15 -7.03 -6.91
-13.62 -13.62 -13.62 -13.64 -13.62 -13.49 -13.18 -13.10 -12.95 -12.79 -12.67 -12.59 -12.54 -12.51 -12.48 -12.48 -12.50 -12.52 -12.50 -12.43 -12.32 -12.22 -12.14 -12.11 -12.11 -12.12 -12.10 -12.05 -11.97 -11.91 -11.90 -11.96 -12.08 -12.21 -12.28 -12.30 -12.28 -12.24 -12.19 -12.13 -12.06 -11.98 -11.89 -11.77 -11.64 -11.51 -11.39 -11.30 -11.24 -11.15 -11.01 -10.78 -10.47 -10.17 -9.93 -9.81 -9.77 -9.72 -9.58 -9.30 -8.93 -8.57 -8.32 -8.23 -8.25 -8.28 -8.26 -8.16 -8.01 -7.86 -7.72 -7.60 -7.48 -7.37 -7.26 -7.15 -7.05
-13.84 -13.84 -13.84 -13.86 -13.84 -13.72 -13.36 -13.30 -13.16 -12.99 -12.86 -12.74 -12.62 -12.53 -12.46 -12.47 -12.53 -12.57 -12.55 -12.41 -12.19 -11.98 -11.85 -11.86 -11.95 -12.05 -12.11 -12.09 -12.03 -11.98 -11.96 -12.00 -12.08 -12.17 -12.23 -12.25 -12.26 -12.25 -12.22 -12.19 -12.15 -12.08 -11.98 -11.84 -11.66 -11.47 -11.31 -11.20 -11.12 -11.04 -10.92 -10.76 -10.56 -10.36 -10.19 -10.08 -10.00 -9.92 -9.78 -9.55 -9.27 -8.97 -8.72 -8.52 -8.34 -8.19 -8.07 -7.98 -7.94 -7.90 -7.83 -7.73 -7.61 -7.49 -7.38 -7.29 -7.22
-14.06 -14.06 -14.06 -14.08 -14.06 -13.94 -13.47 -13.40 -13.26 -13.10 -12.97 -12.84 -12.72 -12.61 -12.54 -12.55 -12.60 -12.64 -12.62 -12.46 -12.22 -11.99 -11.85 -11.85 -11.93 -12.04 -12.10 -12.09 -12.06 -12.02 -12.01 -12.04 -12.09 -12.14 -12.17 -12.18 -12.16 -12.14 -12.12 -12.11 -12.12 -12.10 -12.04 -11.90 -11.70 -11.49 -11.32 -11.19 -11.08 -10.98 -10.86 -10.73 -10.59 -10.45 -10.32 -10.20 -10.10 -9.98 -9.83 -9.64 -9.41 -9.18 -8.95 -8.73 -8.49 -8.28 -8.13 -8.04 -8.02 -8.01 -7.96 -7.85 -7.71 -7.57 -7.45 -7.37 -7.29
-14.28 -14.28 -14.28 -14.31 -14.30 -14.17 -13.53 -13.41 -13.26 -13.12 -13.00 -12.91 -12.83 -12.76 -12.72 -12.70 -12.72 -12.73 -12.69 -12.58 -12.41 -12.25 -12.13 -12.08 -12.07 -12.07 -12.07 -12.07 -12.06 -12.06 -12.06 -12.08 -12.10 -12.12 -12.11 -12.06 -11.98 -11.90 -11.86 -11.90 -11.98 -12.06 -12.06 -11.95 -11.78 -11.59 -11.41 -11.26 -11.11 -10.96 -10.83 -10.70 -10.59 -10.47 -10.34 -10.21 -10.06 -9.91 -9.75 -9.58 -9.40 -9.22 -9.04 -8.87 -8.71 -8.55 -8.42 -8.32 -8.25 -8.18 -8.09 -7.95 -7.79 -7.63 -7.49 -7.38 -7.28
-14.51 -14.52 -14.51 -14.50 -14.45 -14.35 -13.54 -13.40 -13.27 -13.17 -13.08 -13.00 -12.95 -12.90 -12.86 -12.83 -12.82 -12.79 -12.75 -12.66 -12.54 -12.42 -12.32 -12.25 -12.18 -12.13 -12.09 -12.07 -12.06 -12.07 -12.07 -12.08 -12.09 -12.09 -12.07 -11.99 -11.88 -11.77 -11.72 -11.78 -11.90 -12.01 -12.04 -11.96 -11.81 -11.63 -11.45 -11.29 -11.12 -10.95 -10.78 -10.61 -10.44 -10.28 -10.13 -10.00 -9.89 -9.77 -9.65 -9.51 -9.37 -9.22 -9.09 -8.97 -8.87 -8.77 -8.67 -8.56 -8.45 -8.33 -8.19 -8.03 -7.85 -7.68 -7.52 -7.40 -7.29
-14.70 -14.72 -14.70 -14.58 -14.46 -14.45 -13.45 -13.34 -13.29 -13.27 -13.22 -13.16 -13.09 -13.02 -12.96 -12.91 -12.88 -12.85 -12.79 -12.69 -12.57 -12.45 -12.35 -12.28 -12.23 -12.19 -12.15 -12.10 -12.05 -12.01 -11.99 -11.99 -12.02 -12.05 -12.04 -11.99 -11.91 -11.83 -11.79 -11.83 -11.90 -11.97 -11.98 -11.89 -11.75 -11.59 -11.42 -11.27 -11.11 -10.93 -10.72 -10.42 -10.06 -9.73 -9.50 -9.45 -9.50 -9.57 -9.58 -9.50 -9.36 -9.22 -9.10 -9.03 -8.99 -8.94 -8.86 -8.74 -8.59 -8.42 -8.25 -8.07 -7.88 -7.69 -7.53 -7.41 -7.32
-14.70 -14.68 -14.70 -14.70 -14.69 -14.69 -13.42 -13.34 -13.34 -13.37 -13.36 -13.29 -13.20 -13.10 -13.02 -12.95 -12.89 -12.84 -12.77 -12.67 -12.55 -12.44 -12.36 -12.31 -12.29 -12.27 -12.23 -12.17 -12.08 -12.00 -11.95 -11.96 -11.99 -12.03 -12.05 -12.02 -11.97 -11.92 -11.89 -11.89 -11.91 -11.92 -11.89 -11.80 -11.67 -11.52 -11.36 -11.22 -11.08 -10.91 -10.67 -10.30 -9.83 -9.39 -9.11 -9.08 -9.21 -9.37 -9.45 -9.41 -9.30 -9.18 -9.08 -9.03 -9.00 -8.96 -8.89 -8.77 -8.63 -8.46 -8.30 -8.12 -7.93 -7.75 -7.61 -7.51 -7.43
-14.91 -14.92 -14.92 -14.93 -14.93 -14.93 -13.58 -13.49 -13.47 -13.47 -13.44 -13.35 -13.24 -13.12 -13.01 -12.89 -12.78 -12.67 -12.58 -12.52 -12.48 -12.44 -12.41 -12.38 -12.36 -12.34 -12.31 -12.26 -12.20 -12.14 -12.09 -12.08 -12.09 -12.10 -12.09 -12.06 -12.01 -11.96 -11.92 -11.89 -11.88 -11.85 -11.79 -11.69 -11.57 -11.43 -11.29 -11.16 -11.02 -10.86 -10.67 -10.42 -10.12 -9.83 -9.59 -9.41 -9.28 -9.18 -9.10 -9.06 -9.06 -9.06 -9.01 -8.90 -8.76 -8.61 -8.50 -8.45 -8.43 -8.42 -8.38 -8.28 -8.15 -8.02 -7.91 -7.82 -7.74
-15.15 -15.05 -14.94 -14.93 -14.94 -14.94 -13.80 -13.68 -13.61 -13.56 -13.48 -13.36 -13.24 -13.10 -12.96 -12.81 -12.65 -12.50 -12.40 -12.38 -12.41 -12.46 -12.49 -12.48 -12.45 -12.43 -12.40 -12.37 -12.35 -12.32 -12.29 -12.26 -12.23 -12.20 -12.15 -12.10 -12.05 -11.99 -11.93 -11.87 -11.81 -11.75 -11.67 -11.58 -11.47 -11.35 -11.22 -11.09 -10.94 -10.80 -10.68 -10.60 -10.55 -10.47 -10.30 -9.96 -9.52 -9.09 -8.80 -8.74 -8.83 -8.94 -8.93 -8.75 -8.47 -8.20 -8.04 -8.06 -8.18 -8.33 -8.41 -8.40 -8.35 -8.27 -8.20 -8.14 -8.08
