Instances/BabAlMandabStrait/GMRTv3_3_20170611topo.asc
ncols 557
nrows 525
xllcorner 42.71044921875
yllcorner 12.189703804004074
cellsize 0.002197265625
nodata_value -2147483648
[rows 165 to 197 of 525, columns 380 to 455 of 557]
110.72 112.62 114.16 115.44 119.77 120.77 122.81 125.82 128.91 131.97 134.05 136.91 139.96 142.96 144.96 147.87 149.96 151.95 155.91 158.86 160.86 163.77 164.82 167.77 169.87 173.97 175.92 177.92 179.87 182.77 184.92 186.77 188.77 191.78 193.88 194.82 197.68 199.82 200.88 203.51 202.58 203.57 205.77 209.83 213.84 216.64 216.47 216.55 218.69 221.83 223.97 229.21 235.93 240.64 243.83 247.87 251.76 252.47 249.50 256.90 260.00 267.22 270.60 269.94 275.05 276.98 276.81 282.72 290.62 291.65 293.85 297.02 302.03 322.34 333.04 345.06
108.91 110.79 115.68 120.81 117.92 119.83 121.94 124.82 128.90 131.77 134.96 135.95 139.91 142.91 144.90 146.83 149.89 152.95 155.91 157.97 159.97 161.78 163.84 165.90 168.85 172.86 174.71 176.85 178.84 180.77 183.74 184.79 186.79 188.74 191.68 193.73 194.73 197.92 199.62 198.50 199.73 200.96 204.85 208.61 211.55 211.72 212.07 214.21 219.14 222.44 225.48 230.77 234.60 236.67 240.73 245.83 248.29 247.26 249.10 255.37 258.36 266.79 275.72 274.82 276.14 276.62 276.95 282.74 285.31 288.30 282.29 290.12 294.82 309.63 329.34 342.90
108.74 109.66 111.49 115.14 117.58 118.95 122.03 124.11 127.83 129.92 133.69 135.89 138.67 141.69 143.83 145.95 148.95 151.81 154.67 157.74 159.74 160.81 162.80 165.88 167.67 171.52 172.89 175.66 177.83 179.97 181.58 183.67 185.66 187.67 189.63 191.77 193.84 197.64 196.57 196.77 198.81 201.95 203.69 205.68 208.68 212.04 215.09 216.73 219.76 218.25 221.57 227.84 231.83 235.87 239.86 244.29 243.29 243.82 249.55 250.72 253.87 264.70 268.84 268.27 266.69 265.99 275.09 278.65 281.11 291.46 283.40 298.08 301.54 306.57 330.92 367.45
106.74 107.90 109.72 111.75 114.82 118.87 121.71 124.77 126.62 129.52 131.54 134.62 136.72 139.56 142.62 145.85 148.87 150.81 152.74 155.74 157.74 159.81 161.97 164.79 165.69 168.84 172.87 173.92 176.60 179.69 180.09 181.72 183.92 185.76 187.57 190.66 192.44 194.14 194.54 195.62 197.81 200.66 201.57 204.99 208.02 211.52 213.42 214.35 218.25 222.32 226.94 227.69 231.91 234.11 238.33 239.25 240.67 243.21 245.26 250.71 254.61 261.72 263.18 259.69 263.36 273.80 269.80 271.90 275.92 285.09 286.54 305.87 318.03 324.73 357.06 438.06
105.59 107.66 108.76 111.83 114.83 117.57 119.48 122.50 124.71 126.60 129.91 132.71 135.78 137.69 140.67 144.76 147.55 149.57 151.55 154.57 156.59 158.57 161.64 163.78 165.17 168.64 171.57 173.43 174.88 177.71 180.52 180.78 183.49 184.38 185.44 188.29 189.88 190.77 192.88 193.67 196.59 198.31 199.44 204.40 207.02 208.64 211.05 216.68 219.61 221.51 223.50 225.78 230.21 229.65 234.21 236.05 239.59 238.29 242.62 248.59 251.47 255.58 260.09 262.01 267.02 276.89 270.88 279.29 273.96 283.22 285.33 290.10 320.67 372.83 373.98 462.78
103.44 105.44 107.73 110.76 113.73 115.66 117.88 120.69 123.49 125.95 129.56 131.52 134.52 136.73 139.98 143.79 145.93 147.69 149.93 152.69 154.42 156.66 159.66 162.52 165.68 166.69 169.69 170.79 174.81 176.54 177.67 179.57 180.10 181.54 184.32 185.86 189.12 190.61 192.88 192.95 194.44 195.59 198.35 202.13 202.94 207.54 211.44 213.35 216.40 217.93 221.03 223.88 226.35 230.13 231.15 232.49 237.50 236.66 241.79 245.79 249.20 255.42 256.11 260.45 263.59 263.17 267.06 284.92 275.56 281.74 274.61 276.27 313.00 392.03 374.88 371.95
101.64 103.64 106.74 109.43 112.74 114.71 117.78 119.43 121.91 125.78 127.88 129.58 132.64 135.68 139.56 142.24 145.32 146.49 149.29 151.46 152.91 155.71 158.74 160.67 163.39 165.43 168.34 171.06 173.77 174.39 175.99 177.11 178.03 181.24 185.99 185.32 185.80 188.42 190.99 192.87 192.67 194.71 199.74 201.83 203.27 205.30 208.47 211.88 214.42 214.49 217.15 219.08 224.08 228.73 228.53 231.96 235.17 235.65 240.21 241.48 246.93 252.13 253.40 256.13 258.25 260.45 257.72 260.64 263.49 271.54 267.79 274.10 300.21 370.33 386.31 338.19
100.72 102.68 105.40 107.89 111.40 113.68 116.68 117.89 121.44 124.68 127.76 129.27 131.72 134.99 137.37 139.29 142.29 144.37 146.53 149.57 152.48 154.72 157.44 159.37 161.61 163.89 167.82 170.62 172.23 172.68 172.05 174.71 179.04 181.59 184.13 182.19 185.17 186.37 187.22 190.81 191.47 193.79 197.09 197.66 201.40 204.41 208.52 211.79 212.30 213.61 216.44 218.41 222.09 224.94 227.96 231.79 232.22 235.31 237.71 240.26 245.78 249.08 250.91 249.79 255.36 256.77 251.30 255.30 263.58 269.08 264.67 271.36 293.71 362.75 368.75 376.37
99.35 101.66 103.54 107.77 109.54 112.62 115.66 117.69 119.89 123.70 126.70 129.50 130.31 134.46 135.27 137.24 140.27 142.27 145.70 149.04 150.62 153.35 155.24 157.93 160.70 163.85 169.18 167.31 168.51 170.96 171.82 175.69 179.46 179.27 181.55 181.16 182.86 184.31 185.27 187.78 188.85 191.50 194.01 197.65 202.53 206.23 209.88 210.27 210.77 213.16 217.84 220.19 222.77 225.80 227.77 230.46 231.05 235.34 235.04 236.12 240.05 245.70 246.28 246.74 249.25 249.37 249.24 260.07 263.76 265.74 261.78 268.89 283.70 317.11 329.05 384.70
97.51 100.59 102.97 106.29 108.97 112.01 114.72 117.01 119.75 122.29 125.29 127.56 128.90 132.26 133.60 135.94 138.60 140.56 144.33 148.07 149.29 151.56 153.90 157.41 159.38 161.61 163.97 163.63 166.09 169.21 173.92 176.38 178.80 177.60 180.29 182.16 182.36 182.17 183.43 187.28 187.42 190.45 194.30 197.27 200.90 205.36 208.67 209.24 211.68 214.80 216.93 219.62 221.93 224.63 226.42 227.62 229.35 231.00 230.77 233.74 236.97 241.43 241.79 242.14 243.73 245.10 252.21 260.09 258.36 261.14 261.49 263.42 266.58 275.97 307.50 343.02
96.98 100.02 102.68 104.53 108.68 111.31 112.81 116.31 118.19 120.53 123.58 126.70 128.72 130.16 132.23 135.35 137.28 139.65 142.21 145.14 147.58 150.65 153.82 155.21 156.79 158.39 161.10 164.05 166.75 169.33 172.41 175.69 175.02 176.23 178.58 181.35 180.48 180.76 183.62 186.18 189.52 194.04 196.50 198.07 200.58 203.48 207.19 209.75 213.24 215.87 217.09 219.25 222.00 223.70 223.42 223.50 225.22 228.33 233.28 235.66 238.40 238.21 238.54 237.67 238.45 240.80 249.81 254.30 255.11 256.67 258.42 257.42 262.02 268.76 281.93 302.73
96.70 99.30 101.63 103.58 107.63 109.56 110.84 114.56 116.86 119.48 122.23 124.82 127.17 128.56 130.51 133.16 135.10 138.17 140.05 143.10 146.23 149.23 151.42 153.10 154.44 157.63 161.32 163.65 165.58 168.01 173.50 176.70 173.61 174.56 177.12 179.05 179.93 181.81 185.60 187.52 190.07 192.48 195.11 198.00 200.38 202.93 205.86 208.58 212.25 214.17 216.30 220.73 222.31 221.87 220.32 222.65 225.33 230.70 234.66 232.45 235.44 235.15 233.75 234.43 236.58 240.72 243.47 248.10 252.96 253.79 255.11 258.86 267.01 267.96 278.32 304.71
95.12 97.10 100.12 102.55 106.06 108.06 110.68 113.17 117.17 119.53 119.99 121.92 125.54 127.12 129.61 130.99 133.48 136.48 138.97 141.48 143.99 147.05 147.91 151.54 153.61 156.12 159.54 162.66 164.66 166.80 172.27 171.87 171.68 173.06 175.97 177.92 180.11 183.25 185.69 187.69 190.06 192.48 197.04 197.78 200.63 203.06 206.11 207.61 210.59 212.54 214.16 219.11 219.50 218.54 220.04 223.81 226.23 229.98 230.91 228.04 228.35 228.99 230.22 234.16 238.91 241.87 243.30 244.10 248.24 250.11 256.78 271.61 295.97 283.74 277.16 298.70
93.46 94.87 98.34 101.47 104.99 106.93 109.06 110.93 115.66 118.72 118.99 120.93 124.12 125.46 128.00 129.93 132.47 135.53 138.12 140.53 142.99 145.46 146.46 150.06 152.06 154.46 158.12 160.77 162.71 163.99 166.78 167.19 169.39 171.93 175.12 177.59 179.06 182.12 184.64 186.58 189.71 192.31 202.54 200.17 200.11 202.71 205.24 206.18 208.71 211.24 211.58 213.98 214.79 216.51 219.18 222.18 224.83 226.11 225.92 225.39 225.67 226.02 229.88 235.91 240.04 239.59 240.41 240.68 244.02 246.97 258.39 280.59 302.47 309.16 292.99 284.84
92.50 94.44 98.56 101.13 104.12 106.62 107.50 109.94 113.37 116.37 118.00 120.50 121.87 124.50 127.00 129.56 132.00 134.56 136.44 139.44 142.06 144.56 145.50 148.44 150.37 153.56 156.00 156.81 159.44 162.00 164.44 166.06 168.56 171.62 173.50 176.56 177.94 180.44 182.44 185.00 187.44 189.31 201.18 199.94 198.56 200.62 202.56 203.44 205.37 208.00 208.94 210.25 213.00 214.56 217.00 219.50 220.87 222.31 222.69 223.94 226.00 227.50 230.50 233.31 236.12 237.12 239.06 240.38 244.56 249.06 256.25 269.18 281.69 305.18 292.86 273.62
91.54 94.66 98.12 99.47 101.88 105.01 105.94 109.60 112.54 115.54 116.95 120.01 120.95 123.41 125.93 128.41 131.53 132.87 135.41 139.01 140.48 142.94 144.47 147.41 149.94 151.87 153.82 154.76 156.76 159.88 162.36 163.82 166.94 169.94 171.87 174.94 177.60 179.54 180.89 183.41 185.95 188.42 192.93 195.30 196.42 197.09 199.16 201.49 203.42 204.76 206.82 208.89 210.88 211.76 214.82 216.76 218.17 220.09 222.35 222.75 225.87 228.53 230.93 232.56 236.16 238.28 241.99 246.25 249.12 255.82 257.40 256.53 265.48 273.59 278.04 275.83
89.81 92.81 95.76 97.27 100.32 102.69 104.26 107.75 110.75 113.81 116.50 119.57 120.43 123.01 124.89 128.01 130.45 131.89 135.01 138.57 138.75 141.32 143.31 147.08 150.14 150.96 152.96 155.07 155.82 158.26 161.31 162.82 165.26 168.32 170.96 173.39 175.88 177.75 180.57 182.45 184.87 188.69 189.52 192.00 195.02 196.97 198.06 199.04 201.68 203.32 206.03 208.50 209.32 210.89 213.82 215.75 218.51 221.78 223.55 224.06 227.06 229.42 232.06 237.08 240.63 242.50 245.78 251.51 254.44 255.71 254.38 257.50 264.01 271.96 286.80 285.73
89.04 91.97 95.04 96.95 100.02 102.57 104.55 107.57 110.64 112.97 115.42 117.82 120.02 122.47 125.07 127.40 129.35 132.07 134.47 136.75 138.57 140.95 143.62 145.80 148.95 150.47 152.40 154.40 156.67 158.48 161.62 163.74 165.62 167.95 170.47 172.49 174.37 177.71 178.89 181.56 184.04 186.30 189.85 192.32 192.17 198.60 202.53 198.93 200.96 202.88 204.80 207.35 208.88 210.93 214.60 217.34 219.40 222.10 224.93 225.98 228.77 231.92 234.12 238.48 240.62 243.82 248.56 253.34 251.85 250.81 254.96 260.82 264.55 269.64 270.07 263.43
87.74 91.37 93.74 97.07 99.37 102.49 105.19 107.42 109.79 112.37 114.40 116.35 119.44 121.40 124.44 127.03 129.03 131.44 133.40 135.98 138.49 141.07 143.49 145.05 146.72 149.40 152.10 154.03 156.42 159.82 161.56 162.86 165.63 168.29 169.54 170.77 173.47 176.45 176.79 179.06 182.67 183.67 186.97 190.72 190.30 193.74 200.19 207.29 211.80 203.77 204.27 207.24 209.85 211.85 215.34 217.20 215.78 219.65 222.75 223.67 228.71 232.95 230.27 233.05 237.04 241.28 247.86 247.52 246.13 251.77 255.15 255.40 248.20 246.09 251.71 261.78
86.91 91.10 92.91 96.41 99.10 101.37 103.68 107.10 108.99 112.10 113.30 115.30 118.30 120.30 123.37 126.49 128.41 130.37 132.37 135.49 137.37 140.41 142.44 143.75 145.40 148.44 150.68 153.41 156.18 158.94 159.78 161.40 163.05 165.50 167.12 169.47 171.93 172.23 174.74 178.02 182.87 182.25 184.27 187.73 189.44 189.38 193.03 213.56 233.87 202.94 200.77 204.50 208.21 210.28 212.58 212.90 214.59 219.13 219.06 220.65 225.61 228.14 227.82 231.55 235.58 238.18 239.77 242.44 246.00 246.58 249.45 248.13 240.59 245.07 253.22 269.39
87.07 89.62 93.15 95.42 97.69 100.34 103.07 105.62 108.31 110.69 113.11 114.96 117.96 119.96 122.27 124.65 127.34 129.20 131.20 133.58 136.27 139.42 140.65 142.38 143.58 146.73 150.14 152.49 154.00 155.92 157.61 159.58 161.27 162.54 164.57 166.88 168.08 170.99 172.54 176.76 180.42 181.96 182.65 184.92 187.80 189.07 195.12 205.39 225.14 200.44 198.34 201.54 205.87 207.10 209.06 208.11 213.80 217.29 215.88 218.69 221.30 224.46 227.46 230.95 231.28 233.82 237.96 240.83 241.71 238.94 241.82 242.28 238.40 254.50 261.32 265.76
86.28 89.01 91.48 93.52 96.28 99.32 101.56 105.01 108.11 109.28 111.56 115.15 118.15 120.15 122.04 123.21 126.24 129.84 131.91 133.01 136.11 137.67 139.36 140.59 143.08 144.71 147.98 149.87 152.25 154.17 156.28 159.01 160.32 161.21 163.36 166.04 167.66 169.56 172.08 174.56 177.49 182.22 181.21 183.25 184.99 187.70 198.91 202.34 199.57 193.12 195.65 200.28 201.47 203.38 205.30 206.07 211.63 212.43 214.17 216.63 217.84 223.28 225.37 226.89 232.22 235.97 240.01 237.41 234.07 232.61 233.09 233.66 230.67 245.68 257.88 251.06
86.04 88.32 91.84 92.94 95.22 98.22 100.94 104.39 106.57 108.29 111.01 113.50 116.57 118.50 121.32 123.04 126.04 128.60 129.85 132.32 134.64 135.51 137.54 139.41 141.57 141.61 145.41 148.16 151.29 154.12 155.22 158.39 159.36 161.12 161.39 164.50 167.42 169.16 170.57 173.19 176.26 179.89 181.12 182.44 181.65 185.51 196.64 204.20 191.38 190.83 196.71 199.44 198.64 198.12 200.80 206.80 209.66 209.27 214.26 214.66 215.55 222.51 226.66 227.68 231.13 235.38 238.21 232.56 228.40 229.61 229.62 227.12 233.05 234.27 242.89 240.52
85.29 87.19 90.46 93.07 94.97 98.12 101.07 102.41 105.17 107.19 110.29 113.09 115.24 118.09 120.27 122.36 125.43 127.31 128.14 131.27 132.46 134.31 136.31 136.63 140.31 141.77 145.09 148.12 150.34 152.51 155.19 156.63 157.56 159.51 161.87 164.09 165.56 166.66 169.17 173.12 175.34 177.29 179.51 179.70 181.07 184.38 188.94 190.72 188.01 190.36 194.07 196.85 194.75 196.87 200.96 206.67 206.68 209.87 211.02 211.82 213.39 218.78 225.07 225.22 227.23 228.89 232.67 226.69 223.47 226.47 225.26 224.38 238.21 236.49 233.79 235.05
84.24 87.05 90.09 92.26 95.14 96.38 100.33 102.03 105.12 107.12 109.24 111.38 114.24 116.45 119.17 120.36 122.55 125.43 128.19 130.31 131.22 132.36 134.36 136.07 138.50 141.28 143.52 146.52 148.36 151.22 152.64 153.60 155.34 158.22 160.47 162.52 163.41 166.07 169.19 171.66 173.57 178.18 178.42 178.20 179.31 181.55 183.59 184.30 184.70 188.50 191.43 193.72 194.86 197.14 197.86 201.34 205.26 208.41 208.37 208.65 213.16 219.00 220.10 220.82 221.20 222.14 226.64 219.63 216.37 217.78 221.54 223.22 230.26 230.14 234.35 242.47
83.21 86.23 88.33 91.15 93.40 96.10 98.38 101.23 103.46 105.46 108.28 111.10 113.28 115.20 119.11 120.03 121.95 124.20 125.56 128.38 130.21 132.16 134.10 134.26 136.23 140.21 141.29 144.29 148.03 150.28 151.18 152.18 155.10 157.21 159.20 160.36 162.13 164.40 166.49 167.56 170.53 172.94 174.64 177.15 180.00 181.21 183.26 183.38 181.51 186.49 189.56 190.64 193.55 195.53 196.16 197.19 203.38 208.23 207.13 206.21 210.36 215.74 216.47 218.39 218.42 219.55 217.91 213.26 213.47 213.91 219.65 221.82 224.35 234.97 237.23 241.15
82.19 85.19 88.03 91.11 92.11 94.34 97.23 100.19 101.31 103.31 106.39 109.34 111.33 114.19 117.34 119.20 122.19 123.31 124.16 127.17 129.19 129.42 132.28 135.02 137.02 139.19 141.03 144.03 147.20 148.39 150.25 151.19 153.34 156.31 158.31 159.17 162.11 163.05 165.96 167.87 169.04 172.90 174.07 177.29 177.80 177.81 178.94 179.73 180.22 183.58 185.53 187.44 190.51 192.33 195.06 199.66 202.23 204.68 207.17 206.96 211.99 214.27 215.10 216.50 215.64 214.73 209.11 206.81 209.65 217.60 226.50 226.66 225.48 232.84 230.21 235.58
81.10 84.16 87.23 89.34 92.10 93.15 95.22 99.22 100.15 102.15 104.27 108.15 110.15 113.16 116.21 118.22 119.46 120.39 123.22 126.22 128.16 129.08 132.09 132.53 134.47 138.22 140.17 143.23 146.27 146.21 148.33 150.22 152.21 153.39 155.34 158.16 160.29 163.99 166.11 167.18 170.10 171.52 172.51 172.75 171.72 173.53 174.46 176.42 178.39 180.43 185.13 186.03 188.08 192.80 195.99 198.43 200.33 202.19 204.57 205.52 207.77 211.51 215.16 212.84 211.66 213.34 206.26 205.22 207.19 215.62 220.28 221.63 228.79 229.64 228.20 236.11
81.09 83.14 85.23 87.22 90.29 92.14 95.09 97.28 99.19 101.19 103.18 107.19 109.19 112.24 114.38 116.28 117.21 119.12 121.18 124.23 127.19 127.29 130.29 129.20 132.11 136.18 139.14 141.23 143.37 146.14 146.22 148.23 150.23 152.12 155.08 157.14 159.08 162.24 164.24 166.24 166.48 166.60 167.55 169.39 170.20 171.15 173.11 174.16 175.21 178.11 182.18 186.85 189.85 194.02 194.29 195.31 198.22 202.29 200.40 200.30 204.24 208.30 212.73 205.87 207.49 209.01 204.37 202.22 206.98 211.35 214.20 222.77 227.51 223.58 225.22 231.72
79.23 82.15 84.10 86.10 88.22 91.15 93.14 95.22 97.22 99.18 101.18 105.31 107.22 109.25 110.32 114.26 116.19 118.20 121.12 123.19 125.27 125.13 128.22 129.96 132.96 136.08 138.15 140.10 141.17 143.26 145.15 147.15 149.15 151.11 153.14 156.11 159.08 161.10 163.06 163.25 164.25 163.27 165.20 166.33 167.21 171.08 172.07 173.90 175.87 178.83 183.80 187.98 189.26 192.32 192.22 194.14 197.19 196.43 199.01 202.93 204.11 207.27 203.88 200.41 204.45 197.84 200.19 202.70 206.96 210.89 217.69 223.18 221.59 222.17 226.17 226.42
77.20 80.20 83.12 85.08 86.10 89.13 93.13 93.17 95.10 98.08 100.08 101.20 105.17 108.11 109.11 111.22 113.22 115.19 118.19 120.19 122.18 125.03 126.10 129.09 132.12 134.17 136.17 139.12 140.12 142.11 143.17 145.13 147.10 150.12 153.06 155.12 157.17 160.19 163.17 162.18 161.22 161.13 163.10 163.07 166.99 169.10 172.07 176.04 177.02 181.04 185.13 187.26 185.27 188.27 190.17 192.13 194.22 196.02 200.09 199.36 201.33 202.46 197.42 198.23 198.47 194.89 201.81 207.82 208.02 213.11 218.12 219.45 217.40 219.29 220.24 223.98
74.12 77.15 81.14 84.13 86.05 88.08 89.18 91.09 95.05 97.08 99.08 101.02 103.11 106.14 107.12 109.09 111.06 114.03 117.05 119.08 121.05 124.08 126.05 128.08 130.12 132.11 134.11 137.17 138.12 140.12 141.09 144.06 147.05 148.12 151.12 153.09 155.11 156.18 158.27 158.13 158.65 159.39 162.74 164.73 166.49 168.92 170.14 172.19 175.17 177.21 180.27 181.25 183.11 186.11 188.09 191.08 192.16 195.11 196.26 195.05 196.11 196.29 193.18 194.21 193.13 199.80 204.01 206.20 206.12 207.18 215.15 212.30 211.19 215.03 221.87 226.92
73.05 75.06 78.08 80.08 84.06 86.06 87.05 90.05 93.08 95.06 97.03 100.06 101.05 103.07 105.03 108.03 111.01 114.03 116.06 117.06 120.06 122.06 124.06 126.05 128.05 130.06 132.06 133.08 136.06 138.06 140.05 143.06 145.08 146.06 149.05 152.06 153.08 154.08 154.10 158.04 174.86 184.35 172.71 172.86 186.56 171.95 167.07 170.08 171.10 174.06 176.08 179.06 181.06 184.03 187.03 189.09 188.11 192.14 191.16 198.03 197.98 192.08 191.05 191.03 193.94 201.00 201.13 201.08 204.06 208.01 213.08 209.02 210.98 218.93 223.98 226.12
