Instances/BabAlMandabStrait/GMRTv3_3_20170611topo.asc
ncols 557
nrows 525
xllcorner 42.71044921875
yllcorner 12.189703804004074
cellsize 0.002197265625
nodata_value -2147483648
[rows 99 to 131 of 525, columns 0 to 75 of 557]
-19.34 -19.51 -19.72 -19.96 -20.21 -20.55 -21.03 -21.74 -22.61 -23.53 -24.39 -25.19 -25.98 -26.69 -27.25 -27.61 -27.82 -27.93 -27.99 -27.99 -27.91 -27.78 -27.63 -27.48 -27.31 -27.10 -26.83 -26.42 -25.90 -25.44 -25.22 -25.35 -25.71 -26.14 -26.48 -26.72 -26.93 -27.08 -27.14 -27.04 -26.82 -26.60 -26.47 -26.49 -26.58 -26.71 -26.85 -27.04 -27.29 -27.47 -27.47 -27.37 -27.19 -26.73 -25.76 -23.93 -21.46 -18.97 -17.09 -15.87 -15.01 -14.63 -14.86 -15.96 -17.80 -19.85 -21.63 -23.05 -24.38 -25.55 -26.53 -27.29 -27.84 -28.25 -28.58 -28.81
-18.88 -18.90 -19.02 -19.24 -19.54 -19.94 -20.47 -21.20 -22.08 -23.00 -23.85 -24.65 -25.44 -26.15 -26.72 -27.11 -27.35 -27.51 -27.60 -27.65 -27.62 -27.53 -27.40 -27.24 -27.04 -26.79 -26.47 -25.97 -25.35 -24.79 -24.51 -24.62 -24.99 -25.45 -25.86 -26.20 -26.56 -26.86 -27.05 -27.07 -26.97 -26.83 -26.75 -26.75 -26.79 -26.84 -26.89 -27.00 -27.14 -27.22 -27.13 -27.00 -26.84 -26.35 -25.27 -23.19 -20.36 -17.51 -15.39 -14.07 -13.21 -12.88 -13.16 -14.34 -16.28 -18.46 -20.32 -21.80 -23.14 -24.35 -25.39 -26.27 -26.99 -27.57 -28.02 -28.33
-18.55 -18.44 -18.48 -18.68 -18.99 -19.42 -19.97 -20.69 -21.57 -22.49 -23.34 -24.14 -24.93 -25.64 -26.21 -26.62 -26.90 -27.08 -27.22 -27.31 -27.33 -27.29 -27.19 -27.02 -26.78 -26.48 -26.10 -25.51 -24.77 -24.11 -23.76 -23.84 -24.20 -24.69 -25.15 -25.60 -26.09 -26.54 -26.87 -27.02 -27.05 -27.02 -27.01 -27.01 -27.01 -26.99 -26.96 -26.96 -26.96 -26.92 -26.74 -26.60 -26.46 -26.00 -24.89 -22.66 -19.63 -16.58 -14.32 -12.97 -12.13 -11.84 -12.15 -13.34 -15.30 -17.48 -19.34 -20.78 -22.09 -23.26 -24.32 -25.29 -26.14 -26.86 -27.43 -27.82
-18.40 -18.22 -18.19 -18.33 -18.58 -18.96 -19.47 -20.18 -21.07 -22.00 -22.87 -23.68 -24.49 -25.23 -25.82 -26.24 -26.52 -26.72 -26.87 -27.00 -27.08 -27.08 -27.00 -26.82 -26.57 -26.23 -25.78 -25.09 -24.21 -23.41 -22.96 -23.00 -23.35 -23.86 -24.37 -24.91 -25.53 -26.13 -26.59 -26.87 -27.04 -27.13 -27.18 -27.21 -27.18 -27.10 -26.99 -26.84 -26.64 -26.41 -26.12 -25.98 -25.92 -25.57 -24.54 -22.38 -19.42 -16.44 -14.23 -12.91 -12.09 -11.81 -12.09 -13.21 -15.06 -17.13 -18.88 -20.21 -21.38 -22.45 -23.46 -24.44 -25.37 -26.18 -26.84 -27.30
-18.43 -18.22 -18.15 -18.18 -18.30 -18.53 -18.96 -19.65 -20.55 -21.52 -22.43 -23.27 -24.12 -24.90 -25.52 -25.94 -26.22 -26.40 -26.56 -26.72 -26.85 -26.91 -26.85 -26.69 -26.43 -26.06 -25.55 -24.73 -23.66 -22.67 -22.10 -22.08 -22.40 -22.93 -23.48 -24.11 -24.87 -25.63 -26.23 -26.66 -26.98 -27.21 -27.34 -27.40 -27.36 -27.23 -27.01 -26.64 -26.15 -25.63 -25.20 -25.08 -25.14 -24.98 -24.18 -22.32 -19.73 -17.11 -15.15 -13.96 -13.19 -12.88 -13.08 -14.04 -15.65 -17.45 -18.95 -20.06 -21.00 -21.87 -22.75 -23.69 -24.63 -25.50 -26.22 -26.77
-18.58 -18.39 -18.28 -18.20 -18.14 -18.20 -18.50 -19.15 -20.07 -21.07 -22.01 -22.89 -23.79 -24.61 -25.26 -25.68 -25.94 -26.10 -26.26 -26.46 -26.64 -26.74 -26.71 -26.55 -26.30 -25.90 -25.32 -24.35 -23.09 -21.92 -21.21 -21.11 -21.41 -21.94 -22.53 -23.24 -24.13 -25.03 -25.77 -26.35 -26.84 -27.21 -27.45 -27.55 -27.52 -27.35 -27.02 -26.43 -25.62 -24.81 -24.23 -24.14 -24.35 -24.43 -23.93 -22.49 -20.44 -18.33 -16.74 -15.73 -15.02 -14.67 -14.76 -15.50 -16.77 -18.19 -19.37 -20.18 -20.84 -21.45 -22.15 -23.00 -23.92 -24.81 -25.58 -26.21
-18.80 -18.65 -18.53 -18.36 -18.14 -18.03 -18.22 -18.81 -19.69 -20.69 -21.63 -22.53 -23.48 -24.34 -25.02 -25.44 -25.67 -25.81 -25.96 -26.18 -26.39 -26.52 -26.50 -26.34 -26.06 -25.62 -24.97 -23.90 -22.49 -21.17 -20.36 -20.20 -20.46 -20.98 -21.59 -22.35 -23.32 -24.32 -25.18 -25.88 -26.51 -27.02 -27.36 -27.52 -27.53 -27.36 -27.00 -26.27 -25.25 -24.25 -23.59 -23.56 -23.91 -24.20 -23.97 -22.94 -21.40 -19.79 -18.54 -17.67 -17.00 -16.59 -16.55 -17.05 -17.98 -19.03 -19.89 -20.42 -20.81 -21.21 -21.73 -22.46 -23.32 -24.19 -24.97 -25.63
-19.07 -19.01 -18.92 -18.71 -18.40 -18.18 -18.26 -18.75 -19.52 -20.42 -21.30 -22.19 -23.16 -24.06 -24.76 -25.17 -25.38 -25.50 -25.63 -25.85 -26.07 -26.21 -26.17 -25.96 -25.61 -25.09 -24.38 -23.24 -21.76 -20.38 -19.52 -19.33 -19.57 -20.08 -20.69 -21.46 -22.45 -23.48 -24.39 -25.16 -25.89 -26.50 -26.93 -27.19 -27.30 -27.22 -26.93 -26.24 -25.23 -24.24 -23.64 -23.70 -24.16 -24.60 -24.57 -23.86 -22.72 -21.48 -20.46 -19.66 -18.94 -18.41 -18.20 -18.45 -19.07 -19.80 -20.38 -20.69 -20.90 -21.13 -21.51 -22.13 -22.90 -23.70 -24.42 -25.05
-19.42 -19.51 -19.51 -19.32 -18.97 -18.67 -18.65 -18.99 -19.56 -20.27 -21.01 -21.86 -22.85 -23.78 -24.49 -24.88 -25.06 -25.15 -25.26 -25.46 -25.67 -25.80 -25.72 -25.42 -24.94 -24.30 -23.50 -22.33 -20.86 -19.49 -18.64 -18.45 -18.69 -19.20 -19.80 -20.55 -21.50 -22.49 -23.39 -24.19 -24.97 -25.65 -26.18 -26.56 -26.83 -26.94 -26.83 -26.34 -25.55 -24.77 -24.36 -24.54 -25.11 -25.65 -25.78 -25.33 -24.53 -23.59 -22.74 -21.92 -21.06 -20.33 -19.90 -19.88 -20.18 -20.58 -20.90 -21.03 -21.10 -21.21 -21.48 -21.98 -22.63 -23.32 -23.94 -24.46
-19.81 -20.07 -20.18 -20.02 -19.65 -19.29 -19.17 -19.34 -19.69 -20.17 -20.76 -21.56 -22.56 -23.52 -24.24 -24.61 -24.76 -24.82 -24.89 -25.07 -25.26 -25.35 -25.21 -24.81 -24.20 -23.44 -22.56 -21.39 -19.97 -18.66 -17.84 -17.66 -17.89 -18.37 -18.94 -19.63 -20.49 -21.42 -22.28 -23.08 -23.88 -24.62 -25.25 -25.78 -26.24 -26.56 -26.69 -26.47 -25.99 -25.53 -25.35 -25.68 -26.33 -26.95 -27.21 -26.99 -26.49 -25.82 -25.10 -24.25 -23.24 -22.29 -21.63 -21.36 -21.34 -21.44 -21.50 -21.48 -21.44 -21.47 -21.63 -21.98 -22.48 -23.01 -23.48 -23.85
-20.15 -20.50 -20.66 -20.51 -20.12 -19.71 -19.52 -19.56 -19.73 -20.05 -20.53 -21.30 -22.30 -23.30 -24.03 -24.39 -24.54 -24.58 -24.63 -24.76 -24.90 -24.93 -24.73 -24.25 -23.56 -22.73 -21.82 -20.70 -19.37 -18.16 -17.38 -17.16 -17.31 -17.69 -18.16 -18.75 -19.52 -20.36 -21.17 -21.98 -22.81 -23.61 -24.34 -24.99 -25.61 -26.12 -26.45 -26.49 -26.31 -26.12 -26.17 -26.62 -27.31 -27.98 -28.32 -28.29 -28.02 -27.56 -26.96 -26.12 -25.03 -23.97 -23.16 -22.70 -22.46 -22.32 -22.20 -22.05 -21.94 -21.89 -21.93 -22.12 -22.41 -22.73 -23.01 -23.21
-20.52 -20.83 -20.95 -20.76 -20.31 -19.84 -19.58 -19.55 -19.65 -19.90 -20.34 -21.10 -22.12 -23.14 -23.89 -24.28 -24.46 -24.51 -24.55 -24.61 -24.65 -24.58 -24.32 -23.82 -23.14 -22.34 -21.49 -20.48 -19.31 -18.24 -17.49 -17.15 -17.08 -17.22 -17.49 -17.93 -18.56 -19.30 -20.07 -20.88 -21.78 -22.67 -23.49 -24.25 -24.97 -25.60 -26.08 -26.31 -26.35 -26.39 -26.59 -27.10 -27.80 -28.46 -28.84 -28.91 -28.77 -28.44 -27.96 -27.20 -26.20 -25.19 -24.39 -23.88 -23.54 -23.29 -23.06 -22.85 -22.69 -22.57 -22.49 -22.44 -22.44 -22.46 -22.48 -22.47
-20.99 -21.15 -21.15 -20.87 -20.34 -19.79 -19.47 -19.42 -19.50 -19.75 -20.19 -20.96 -22.01 -23.05 -23.83 -24.27 -24.50 -24.60 -24.63 -24.61 -24.50 -24.28 -23.95 -23.49 -22.89 -22.22 -21.49 -20.66 -19.73 -18.83 -18.12 -17.59 -17.18 -16.94 -16.92 -17.15 -17.60 -18.21 -18.91 -19.74 -20.72 -21.72 -22.64 -23.47 -24.26 -24.98 -25.57 -25.97 -26.22 -26.44 -26.77 -27.31 -27.97 -28.57 -28.94 -29.02 -28.91 -28.64 -28.25 -27.66 -26.87 -26.06 -25.40 -24.96 -24.63 -24.37 -24.12 -23.90 -23.73 -23.55 -23.32 -22.98 -22.58 -22.19 -21.88 -21.62
-21.31 -21.27 -21.11 -20.73 -20.12 -19.52 -19.18 -19.13 -19.26 -19.56 -20.05 -20.85 -21.91 -22.98 -23.79 -24.28 -24.59 -24.75 -24.78 -24.66 -24.38 -24.00 -23.60 -23.18 -22.72 -22.20 -21.64 -21.02 -20.34 -19.65 -18.97 -18.23 -17.44 -16.77 -16.41 -16.42 -16.69 -17.17 -17.79 -18.64 -19.70 -20.82 -21.83 -22.72 -23.55 -24.32 -25.00 -25.54 -25.97 -26.36 -26.79 -27.33 -27.93 -28.45 -28.76 -28.82 -28.70 -28.46 -28.15 -27.74 -27.21 -26.67 -26.22 -25.90 -25.65 -25.43 -25.20 -25.00 -24.83 -24.61 -24.23 -23.60 -22.79 -21.97 -21.31 -20.79
-21.16 -20.89 -20.58 -20.13 -19.50 -18.91 -18.60 -18.63 -18.86 -19.27 -19.84 -20.69 -21.78 -22.87 -23.71 -24.25 -24.62 -24.82 -24.85 -24.64 -24.21 -23.70 -23.24 -22.87 -22.52 -22.15 -21.74 -21.31 -20.86 -20.34 -19.70 -18.78 -17.65 -16.61 -15.97 -15.79 -15.93 -16.32 -16.89 -17.75 -18.89 -20.10 -21.18 -22.10 -22.95 -23.74 -24.45 -25.09 -25.64 -26.15 -26.65 -27.17 -27.70 -28.15 -28.43 -28.48 -28.37 -28.17 -27.95 -27.70 -27.40 -27.08 -26.81 -26.60 -26.43 -26.25 -26.05 -25.86 -25.70 -25.43 -24.94 -24.08 -22.95 -21.80 -20.88 -20.16
-20.39 -19.90 -19.44 -18.94 -18.32 -17.80 -17.58 -17.76 -18.19 -18.81 -19.54 -20.48 -21.62 -22.75 -23.62 -24.20 -24.61 -24.84 -24.85 -24.56 -24.00 -23.36 -22.85 -22.52 -22.26 -22.03 -21.74 -21.45 -21.18 -20.80 -20.17 -19.08 -17.66 -16.30 -15.43 -15.15 -15.24 -15.62 -16.21 -17.11 -18.33 -19.63 -20.76 -21.68 -22.51 -23.27 -23.98 -24.64 -25.24 -25.79 -26.30 -26.79 -27.26 -27.66 -27.92 -28.01 -27.97 -27.86 -27.75 -27.63 -27.47 -27.31 -27.15 -27.01 -26.89 -26.75 -26.55 -26.37 -26.18 -25.87 -25.30 -24.32 -23.04 -21.72 -20.66 -19.83
-19.13 -18.40 -17.78 -17.24 -16.65 -16.22 -16.15 -16.54 -17.28 -18.20 -19.16 -20.23 -21.46 -22.63 -23.54 -24.17 -24.62 -24.85 -24.84 -24.46 -23.75 -22.99 -22.42 -22.13 -21.98 -21.87 -21.70 -21.55 -21.43 -21.16 -20.54 -19.27 -17.55 -15.89 -14.81 -14.47 -14.58 -15.03 -15.68 -16.65 -17.96 -19.35 -20.52 -21.42 -22.19 -22.88 -23.53 -24.16 -24.73 -25.26 -25.74 -26.18 -26.59 -26.93 -27.19 -27.34 -27.41 -27.43 -27.43 -27.41 -27.37 -27.31 -27.23 -27.16 -27.10 -26.99 -26.81 -26.61 -26.39 -26.02 -25.41 -24.39 -23.07 -21.72 -20.62 -19.76
-17.46 -16.46 -15.70 -15.15 -14.69 -14.44 -14.58 -15.24 -16.30 -17.54 -18.74 -19.94 -21.23 -22.44 -23.37 -24.04 -24.50 -24.74 -24.71 -24.27 -23.46 -22.61 -22.00 -21.75 -21.70 -21.71 -21.64 -21.60 -21.60 -21.42 -20.81 -19.42 -17.48 -15.60 -14.38 -14.02 -14.17 -14.68 -15.39 -16.41 -17.79 -19.21 -20.40 -21.26 -21.95 -22.54 -23.11 -23.67 -24.18 -24.64 -25.06 -25.44 -25.78 -26.08 -26.34 -26.56 -26.74 -26.88 -26.99 -27.07 -27.11 -27.13 -27.13 -27.13 -27.11 -27.05 -26.89 -26.69 -26.43 -26.04 -25.41 -24.39 -23.09 -21.75 -20.66 -19.80
-15.44 -14.16 -13.28 -12.85 -12.67 -12.77 -13.21 -14.13 -15.46 -16.94 -18.30 -19.57 -20.86 -22.04 -22.96 -23.64 -24.12 -24.37 -24.35 -23.90 -23.09 -22.23 -21.64 -21.44 -21.45 -21.53 -21.53 -21.56 -21.65 -21.54 -20.97 -19.58 -17.61 -15.69 -14.45 -14.09 -14.25 -14.77 -15.47 -16.47 -17.81 -19.19 -20.31 -21.10 -21.71 -22.22 -22.71 -23.19 -23.63 -24.02 -24.38 -24.71 -25.00 -25.27 -25.53 -25.79 -26.05 -26.28 -26.48 -26.64 -26.77 -26.86 -26.93 -26.98 -27.02 -26.99 -26.87 -26.68 -26.43 -26.03 -25.40 -24.40 -23.10 -21.78 -20.69 -19.82
-12.67 -11.01 -10.03 -9.93 -10.38 -11.19 -12.16 -13.37 -14.89 -16.47 -17.88 -19.11 -20.27 -21.29 -22.12 -22.77 -23.24 -23.52 -23.56 -23.22 -22.56 -21.86 -21.38 -21.23 -21.26 -21.35 -21.37 -21.43 -21.55 -21.49 -21.03 -19.85 -18.16 -16.50 -15.43 -15.10 -15.22 -15.64 -16.22 -17.06 -18.19 -19.36 -20.32 -20.99 -21.52 -21.96 -22.37 -22.76 -23.10 -23.41 -23.70 -23.99 -24.25 -24.51 -24.77 -25.05 -25.34 -25.63 -25.88 -26.11 -26.32 -26.50 -26.63 -26.74 -26.82 -26.83 -26.75 -26.61 -26.42 -26.08 -25.48 -24.47 -23.15 -21.79 -20.66 -19.76
-9.18 -7.05 -5.98 -6.39 -7.78 -9.59 -11.27 -12.82 -14.48 -16.08 -17.45 -18.56 -19.49 -20.27 -20.94 -21.52 -21.98 -22.29 -22.42 -22.28 -21.90 -21.48 -21.19 -21.10 -21.12 -21.16 -21.17 -21.22 -21.32 -21.30 -20.99 -20.18 -19.02 -17.88 -17.13 -16.87 -16.91 -17.16 -17.54 -18.11 -18.90 -19.73 -20.43 -20.95 -21.38 -21.75 -22.08 -22.35 -22.57 -22.76 -22.98 -23.23 -23.48 -23.74 -24.01 -24.29 -24.59 -24.89 -25.17 -25.46 -25.75 -26.01 -26.22 -26.37 -26.49 -26.54 -26.51 -26.46 -26.37 -26.12 -25.57 -24.56 -23.20 -21.79 -20.62 -19.69
-5.82 -3.32 -2.21 -3.12 -5.39 -8.15 -10.49 -12.33 -14.08 -15.66 -16.98 -17.96 -18.66 -19.21 -19.72 -20.23 -20.67 -21.02 -21.25 -21.31 -21.24 -21.11 -21.02 -20.99 -20.97 -20.95 -20.93 -20.95 -21.00 -20.99 -20.84 -20.43 -19.85 -19.27 -18.88 -18.71 -18.66 -18.73 -18.89 -19.20 -19.63 -20.10 -20.52 -20.87 -21.22 -21.53 -21.78 -21.94 -22.04 -22.13 -22.27 -22.48 -22.72 -22.99 -23.27 -23.54 -23.83 -24.13 -24.43 -24.76 -25.11 -25.43 -25.70 -25.89 -26.04 -26.13 -26.15 -26.18 -26.21 -26.06 -25.59 -24.60 -23.23 -21.80 -20.60 -19.65
-3.53 -0.91 0.15 -1.05 -3.81 -7.07 -9.77 -11.76 -13.55 -15.11 -16.39 -17.31 -17.90 -18.34 -18.79 -19.27 -19.70 -20.07 -20.37 -20.58 -20.71 -20.78 -20.83 -20.82 -20.77 -20.70 -20.65 -20.64 -20.64 -20.63 -20.58 -20.46 -20.29 -20.12 -19.98 -19.87 -19.78 -19.73 -19.74 -19.84 -20.01 -20.22 -20.43 -20.67 -20.95 -21.21 -21.41 -21.50 -21.52 -21.54 -21.62 -21.80 -22.04 -22.30 -22.57 -22.84 -23.12 -23.42 -23.73 -24.07 -24.44 -24.79 -25.08 -25.30 -25.47 -25.59 -25.66 -25.77 -25.88 -25.83 -25.43 -24.51 -23.20 -21.81 -20.65 -19.71
-2.78 -0.46 0.42 -0.75 -3.37 -6.45 -9.04 -10.98 -12.77 -14.34 -15.65 -16.61 -17.28 -17.80 -18.29 -18.80 -19.24 -19.62 -19.94 -20.19 -20.39 -20.52 -20.59 -20.58 -20.50 -20.39 -20.30 -20.25 -20.22 -20.19 -20.16 -20.15 -20.15 -20.14 -20.12 -20.06 -19.97 -19.89 -19.85 -19.87 -19.91 -19.99 -20.10 -20.29 -20.53 -20.77 -20.94 -21.01 -21.01 -21.01 -21.08 -21.24 -21.45 -21.70 -21.95 -22.22 -22.51 -22.81 -23.11 -23.42 -23.75 -24.06 -24.33 -24.56 -24.75 -24.91 -25.02 -25.18 -25.36 -25.39 -25.09 -24.31 -23.17 -21.94 -20.89 -20.00
-3.04 -1.33 -0.71 -1.65 -3.71 -6.18 -8.33 -10.10 -11.83 -13.42 -14.78 -15.86 -16.72 -17.42 -18.06 -18.62 -19.08 -19.46 -19.77 -20.01 -20.19 -20.30 -20.34 -20.30 -20.18 -20.02 -19.90 -19.80 -19.71 -19.64 -19.60 -19.60 -19.64 -19.68 -19.69 -19.67 -19.61 -19.56 -19.53 -19.52 -19.51 -19.54 -19.61 -19.78 -20.01 -20.24 -20.41 -20.49 -20.51 -20.53 -20.60 -20.75 -20.94 -21.16 -21.40 -21.66 -21.96 -22.26 -22.54 -22.79 -23.02 -23.25 -23.47 -23.68 -23.89 -24.08 -24.24 -24.44 -24.68 -24.78 -24.60 -24.01 -23.12 -22.13 -21.26 -20.46
-3.68 -2.62 -2.30 -2.98 -4.40 -6.15 -7.79 -9.32 -10.93 -12.49 -13.88 -15.08 -16.16 -17.10 -17.90 -18.53 -19.01 -19.38 -19.68 -19.90 -20.03 -20.08 -20.08 -20.00 -19.84 -19.65 -19.49 -19.35 -19.21 -19.09 -19.00 -18.98 -18.99 -19.02 -19.04 -19.03 -19.02 -19.01 -19.01 -18.99 -18.98 -18.98 -19.05 -19.21 -19.44 -19.67 -19.86 -19.96 -20.02 -20.07 -20.16 -20.30 -20.45 -20.63 -20.84 -21.09 -21.39 -21.68 -21.93 -22.11 -22.26 -22.39 -22.55 -22.75 -22.96 -23.18 -23.37 -23.61 -23.87 -24.03 -23.96 -23.57 -22.93 -22.20 -21.51 -20.81
-4.07 -3.52 -3.44 -3.98 -5.00 -6.28 -7.56 -8.85 -10.26 -11.68 -13.02 -14.29 -15.54 -16.68 -17.62 -18.32 -18.83 -19.21 -19.51 -19.72 -19.82 -19.84 -19.80 -19.70 -19.53 -19.32 -19.13 -18.95 -18.77 -18.61 -18.49 -18.44 -18.44 -18.46 -18.47 -18.48 -18.49 -18.49 -18.50 -18.48 -18.45 -18.44 -18.50 -18.65 -18.88 -19.12 -19.31 -19.44 -19.54 -19.63 -19.73 -19.84 -19.95 -20.08 -20.24 -20.46 -20.73 -21.00 -21.22 -21.36 -21.45 -21.53 -21.66 -21.84 -22.06 -22.28 -22.49 -22.73 -23.00 -23.18 -23.18 -22.93 -22.50 -21.96 -21.43 -20.82
-4.27 -4.05 -4.17 -4.73 -5.69 -6.82 -7.91 -8.92 -9.97 -11.05 -12.18 -13.45 -14.82 -16.13 -17.19 -17.96 -18.53 -18.94 -19.26 -19.48 -19.56 -19.55 -19.51 -19.40 -19.23 -19.02 -18.83 -18.63 -18.41 -18.21 -18.07 -18.01 -18.00 -18.01 -18.01 -18.00 -18.00 -18.00 -17.99 -17.96 -17.91 -17.89 -17.93 -18.08 -18.31 -18.55 -18.76 -18.93 -19.08 -19.21 -19.32 -19.39 -19.42 -19.47 -19.57 -19.75 -19.98 -20.22 -20.42 -20.56 -20.66 -20.76 -20.89 -21.07 -21.27 -21.47 -21.67 -21.89 -22.14 -22.32 -22.35 -22.18 -21.87 -21.46 -21.03 -20.49
-4.53 -4.56 -4.86 -5.53 -6.55 -7.67 -8.64 -9.33 -9.90 -10.51 -11.35 -12.58 -14.06 -15.53 -16.71 -17.55 -18.19 -18.66 -19.01 -19.23 -19.29 -19.26 -19.19 -19.10 -18.94 -18.75 -18.55 -18.33 -18.09 -17.86 -17.69 -17.59 -17.55 -17.53 -17.51 -17.47 -17.44 -17.42 -17.40 -17.35 -17.30 -17.28 -17.33 -17.49 -17.72 -17.97 -18.20 -18.41 -18.62 -18.80 -18.92 -18.95 -18.89 -18.84 -18.86 -18.98 -19.16 -19.37 -19.55 -19.71 -19.87 -20.02 -20.18 -20.34 -20.51 -20.68 -20.84 -21.03 -21.23 -21.38 -21.41 -21.29 -21.06 -20.76 -20.41 -19.93
-4.53 -4.74 -5.17 -5.97 -7.11 -8.28 -9.19 -9.62 -9.78 -9.99 -10.57 -11.75 -13.32 -14.92 -16.21 -17.10 -17.79 -18.30 -18.69 -18.91 -18.98 -18.94 -18.88 -18.80 -18.66 -18.49 -18.30 -18.08 -17.82 -17.57 -17.37 -17.24 -17.16 -17.10 -17.04 -16.98 -16.92 -16.86 -16.82 -16.77 -16.72 -16.71 -16.76 -16.92 -17.16 -17.42 -17.67 -17.92 -18.19 -18.41 -18.54 -18.51 -18.37 -18.22 -18.15 -18.19 -18.30 -18.44 -18.58 -18.74 -18.93 -19.12 -19.29 -19.44 -19.59 -19.72 -19.84 -19.97 -20.09 -20.18 -20.18 -20.09 -19.92 -19.69 -19.42 -19.03
-4.00 -4.31 -4.82 -5.70 -6.91 -8.13 -9.04 -9.37 -9.37 -9.42 -9.90 -11.08 -12.70 -14.37 -15.70 -16.62 -17.31 -17.83 -18.23 -18.49 -18.60 -18.61 -18.58 -18.53 -18.41 -18.25 -18.08 -17.86 -17.61 -17.36 -17.15 -17.00 -16.89 -16.80 -16.70 -16.60 -16.51 -16.42 -16.36 -16.30 -16.25 -16.23 -16.29 -16.44 -16.67 -16.93 -17.19 -17.46 -17.77 -18.03 -18.16 -18.09 -17.87 -17.62 -17.46 -17.40 -17.40 -17.43 -17.48 -17.58 -17.72 -17.88 -18.02 -18.16 -18.30 -18.42 -18.51 -18.55 -18.55 -18.52 -18.46 -18.36 -18.22 -18.07 -17.91 -17.68
-2.88 -3.13 -3.63 -4.53 -5.78 -7.07 -8.05 -8.52 -8.68 -8.89 -9.49 -10.71 -12.33 -13.98 -15.29 -16.15 -16.78 -17.24 -17.63 -17.94 -18.14 -18.25 -18.30 -18.28 -18.17 -18.02 -17.86 -17.68 -17.46 -17.24 -17.05 -16.90 -16.76 -16.64 -16.51 -16.38 -16.24 -16.11 -16.01 -15.93 -15.86 -15.83 -15.88 -16.02 -16.23 -16.49 -16.73 -17.02 -17.35 -17.63 -17.75 -17.64 -17.38 -17.06 -16.80 -16.61 -16.44 -16.31 -16.21 -16.18 -16.18 -16.22 -16.28 -16.41 -16.58 -16.73 -16.78 -16.67 -16.47 -16.23 -16.04 -15.88 -15.73 -15.62 -15.59 -15.63
-1.36 -1.44 -1.86 -2.77 -4.06 -5.43 -6.57 -7.30 -7.82 -8.37 -9.20 -10.49 -12.08 -13.65 -14.89 -15.67 -16.19 -16.56 -16.91 -17.29 -17.62 -17.87 -18.02 -18.04 -17.96 -17.81 -17.67 -17.54 -17.38 -17.21 -17.04 -16.89 -16.73 -16.57 -16.41 -16.24 -16.05 -15.87 -15.73 -15.63 -15.54 -15.50 -15.52 -15.65 -15.84 -16.08 -16.31 -16.60 -16.95 -17.23 -17.34 -17.20 -16.89 -16.51 -16.15 -15.81 -15.45 -15.10 -14.82 -14.59 -14.41 -14.29 -14.24 -14.34 -14.57 -14.76 -14.77 -14.49 -14.02 -13.52 -13.15 -12.90 -12.70 -12.62 -12.75 -13.12
