Instances/BabAlMandabStrait/GMRTv3_3_20170611topo.asc
ncols 557
nrows 525
xllcorner 42.71044921875
yllcorner 12.189703804004074
cellsize 0.002197265625
nodata_value -2147483648
[rows 363 to 395 of 525, columns 76 to 151 of 557]
240.49 212.97 223.22 258.01 284.89 297.12 294.23 275.21 273.08 292.39 262.67 236.96 237.77 220.18 220.29 218.83 222.66 223.65 218.79 220.87 219.80 220.42 218.40 218.96 215.49 214.64 207.78 210.64 209.71 211.61 205.49 203.53 201.52 199.86 196.53 193.73 191.66 196.55 197.98 197.31 203.79 205.77 200.34 197.68 196.02 195.99 192.88 188.67 186.36 184.50 177.81 177.06 180.13 177.64 180.51 177.61 174.53 187.18 178.07 165.86 172.73 178.86 157.69 147.02 142.40 141.75 142.93 141.48 149.98 159.22 173.85 172.76 197.15 190.28 158.60 136.08
237.84 222.19 218.20 234.77 243.27 264.29 252.56 254.04 272.18 291.42 280.17 252.64 241.71 222.05 221.95 229.62 234.13 232.69 224.17 226.83 226.98 223.85 220.98 233.60 225.34 217.86 214.33 213.90 213.69 213.58 209.79 206.86 204.99 205.95 200.96 201.63 198.10 199.57 203.81 208.72 243.97 259.64 210.24 202.06 203.00 201.69 197.63 193.61 188.97 186.57 183.92 185.18 185.94 181.96 181.38 181.55 179.68 183.16 173.26 165.10 160.35 157.52 151.66 151.12 154.17 155.66 158.25 144.75 161.60 176.95 172.19 179.24 186.73 190.30 162.61 139.56
238.47 230.68 226.13 228.84 236.34 237.90 248.28 258.17 272.45 293.54 295.69 263.03 245.73 232.37 233.62 250.76 242.91 233.49 230.66 230.62 232.20 230.33 232.75 241.60 230.56 224.35 222.04 219.93 217.90 217.75 215.29 213.35 212.38 210.82 206.90 218.42 213.24 204.63 207.89 214.96 252.33 275.91 214.27 209.31 207.98 204.75 200.74 197.01 195.93 190.79 189.07 191.03 191.01 187.86 184.82 185.02 192.01 206.73 194.84 170.57 163.59 161.06 155.71 159.48 157.94 162.26 165.63 152.54 160.39 169.64 189.58 188.09 162.83 161.60 146.21 137.53
240.91 244.48 237.48 229.29 236.73 242.56 246.30 254.81 271.18 293.30 292.67 255.21 247.71 245.54 253.73 244.51 237.88 236.44 233.06 234.12 237.64 240.22 256.16 255.53 233.29 231.47 226.09 223.90 223.49 222.29 222.45 220.37 219.67 215.19 210.90 222.22 224.12 214.73 213.49 212.78 220.65 222.01 214.41 214.82 213.34 208.66 204.78 203.21 199.96 196.65 195.48 196.45 195.93 192.56 190.67 191.11 198.01 241.92 256.40 190.68 173.77 187.30 174.92 166.41 163.06 168.27 160.32 169.84 204.70 189.10 184.40 173.01 159.17 147.42 144.27 151.86
241.33 246.77 243.45 247.55 242.52 239.09 246.68 261.51 290.90 299.76 276.11 250.50 249.44 256.92 262.60 248.57 240.95 239.14 239.79 240.76 240.19 258.89 283.95 272.28 243.18 236.93 230.82 227.88 230.14 230.57 228.02 226.78 228.57 224.51 220.63 233.78 238.86 228.12 223.09 219.11 218.87 217.49 218.35 218.33 218.89 212.51 210.16 210.60 213.84 221.21 211.65 203.56 200.31 200.59 198.07 196.93 197.47 205.33 247.93 213.92 204.54 251.88 204.61 172.10 168.38 175.14 169.57 186.22 251.53 226.97 193.18 189.07 176.32 176.77 173.60 163.42
244.64 249.94 254.07 260.82 264.19 257.65 260.43 252.97 260.60 282.28 291.12 264.08 269.87 274.76 282.55 272.45 252.54 246.08 245.83 247.08 246.79 266.21 312.39 307.91 253.88 239.86 234.26 233.12 234.61 241.13 233.18 235.84 239.63 240.15 241.81 237.45 248.39 250.33 234.71 223.18 226.54 229.62 223.90 224.26 222.37 219.35 219.93 226.24 258.41 279.11 242.69 209.45 207.07 206.69 203.25 205.79 206.78 204.47 221.39 228.98 230.42 250.08 201.27 180.97 180.14 186.42 186.66 199.63 250.06 231.37 235.29 224.79 195.35 199.29 179.87 166.72
236.88 248.47 255.90 263.42 272.24 268.50 276.82 273.74 258.58 283.09 318.17 293.29 309.50 306.46 321.20 313.52 282.83 257.30 248.24 250.09 254.72 251.58 264.63 278.84 253.20 244.17 241.01 242.27 242.88 245.54 241.91 246.76 248.30 246.52 248.59 245.65 259.48 248.29 238.07 229.20 231.11 233.64 228.01 227.87 229.23 225.33 225.32 241.53 297.88 296.15 242.03 215.71 214.47 218.79 223.77 224.77 222.16 214.98 219.15 223.87 242.24 246.30 214.55 215.71 211.37 198.57 197.72 213.90 230.86 236.88 262.99 257.15 248.13 215.71 180.49 161.62
239.16 241.29 253.47 280.28 281.88 286.00 279.80 282.43 262.66 269.52 298.02 309.53 344.05 339.61 355.28 346.40 313.57 270.81 253.89 254.57 262.23 269.85 257.35 253.26 257.87 268.85 264.81 252.24 252.16 247.17 248.64 256.36 257.78 253.74 255.32 264.13 267.32 253.63 245.63 239.82 235.82 239.79 236.75 231.74 237.72 242.32 235.58 241.89 290.10 294.58 261.68 245.41 227.14 236.86 259.64 265.72 261.48 235.42 227.82 231.39 258.25 278.90 283.72 285.96 254.99 213.12 214.53 218.92 216.56 230.08 231.20 244.44 263.42 233.61 199.56 175.13
249.43 245.72 256.85 284.68 288.88 290.26 274.31 282.36 272.57 259.18 265.11 298.23 322.44 353.05 374.36 364.08 318.75 274.40 259.69 259.34 266.75 282.49 268.96 258.53 266.60 314.04 310.04 265.64 258.31 253.47 257.96 267.77 271.62 272.30 276.94 277.15 263.40 261.51 270.48 261.88 252.78 247.36 243.25 237.57 244.49 264.60 259.88 247.47 277.56 302.36 318.51 310.98 265.83 240.23 270.89 276.55 287.37 259.14 222.29 236.95 269.81 310.82 339.59 338.60 290.40 255.22 246.48 234.45 217.68 218.63 212.38 204.00 206.34 202.27 189.84 183.93
256.48 252.95 256.99 272.64 292.76 301.31 289.42 294.77 280.06 269.22 268.72 291.26 312.59 335.29 353.15 337.34 296.17 274.21 266.00 264.46 272.20 278.52 267.57 262.61 268.51 298.95 305.08 272.67 269.26 265.06 269.99 281.70 286.73 289.19 311.83 316.69 281.60 280.94 295.27 282.22 273.19 255.57 246.91 244.68 250.19 261.88 274.11 258.98 266.81 279.40 301.41 312.11 292.47 242.73 258.59 263.73 276.72 289.07 235.43 235.84 273.05 328.91 334.25 330.56 308.93 315.91 287.58 261.12 236.24 231.97 238.53 227.61 212.10 211.74 201.75 173.78
252.00 259.59 261.71 269.27 281.10 311.39 309.50 311.31 290.15 283.45 274.16 298.99 311.79 324.26 323.40 299.57 281.21 275.33 271.61 271.03 271.01 277.75 270.38 269.95 273.05 274.43 278.95 280.72 286.31 290.94 308.72 313.33 309.35 331.86 392.28 383.47 319.35 296.43 294.42 284.97 271.08 265.68 257.10 255.46 257.52 257.65 271.51 279.93 306.89 301.42 273.55 262.25 267.06 245.15 245.88 252.41 260.95 281.49 239.68 235.21 279.28 316.12 306.53 296.48 307.27 335.98 329.50 301.84 275.63 265.32 290.88 305.95 302.56 297.60 257.04 198.24
243.86 251.46 258.14 259.37 268.72 291.67 298.13 303.52 308.27 303.01 282.51 301.54 309.05 315.54 310.35 297.64 293.09 284.95 278.68 276.64 273.91 290.10 290.00 281.26 282.57 292.56 310.63 300.76 306.09 342.61 384.85 352.65 359.54 421.46 495.84 497.67 405.96 336.23 330.47 323.86 282.62 287.36 277.31 269.26 264.31 269.50 275.19 306.00 351.59 314.20 277.95 258.85 256.66 252.28 245.35 240.86 241.81 246.00 236.58 242.75 283.22 297.26 289.16 279.69 299.44 307.71 327.61 313.31 303.11 253.93 260.23 307.88 352.77 344.34 260.67 205.83
247.85 248.54 263.16 262.98 272.69 280.10 278.35 282.60 306.84 314.67 303.44 297.59 302.16 301.53 298.35 295.95 306.86 300.94 292.79 285.56 282.70 295.99 306.73 295.75 293.60 311.14 356.84 369.31 376.97 427.73 458.23 380.16 411.23 518.91 586.65 588.47 517.82 445.73 440.25 389.89 310.79 317.57 317.97 300.98 281.75 282.85 279.48 306.25 346.09 308.66 288.07 291.20 282.08 258.63 247.36 239.84 238.77 239.77 246.74 251.32 275.57 284.54 277.73 272.03 287.83 282.08 301.97 274.28 257.92 235.07 220.95 249.86 277.45 291.73 230.55 183.24
253.67 255.08 262.60 272.23 293.84 290.04 291.45 296.43 291.47 316.87 321.78 304.91 305.14 295.54 290.55 296.09 305.14 307.03 297.93 292.86 293.00 301.98 305.29 302.56 304.83 324.97 392.71 479.27 498.72 521.69 525.29 459.74 477.18 560.62 618.98 591.55 567.00 555.24 552.85 473.61 393.63 387.59 402.03 356.12 309.36 302.98 296.15 297.38 319.06 348.62 334.36 320.67 291.47 258.58 246.33 242.36 243.86 244.70 247.02 244.56 257.21 274.54 265.27 258.21 263.72 275.34 277.55 248.29 234.70 219.34 203.12 214.58 213.26 228.05 212.87 167.45
255.25 257.14 258.60 269.36 281.34 284.10 303.21 319.36 306.25 319.57 330.69 331.50 343.07 314.14 295.97 303.88 308.68 307.21 302.74 298.99 300.26 314.57 321.23 316.54 329.07 377.85 444.00 545.11 575.69 574.62 576.03 546.69 566.42 586.47 574.33 555.57 548.60 565.22 560.02 521.29 465.36 468.28 475.22 427.25 374.64 344.61 331.71 337.63 340.41 385.99 357.61 339.82 285.93 257.77 246.57 250.14 242.52 236.39 231.57 228.01 243.08 271.37 262.35 246.78 250.26 283.76 275.83 229.80 238.14 224.57 197.79 190.28 191.03 186.29 189.24 159.08
271.07 253.03 259.40 268.89 268.51 289.20 324.72 322.77 315.54 305.96 323.82 347.79 341.81 313.36 299.68 306.00 314.21 310.20 321.19 320.99 308.73 318.76 337.13 333.03 360.40 453.90 534.58 592.07 592.10 562.37 556.52 538.30 562.52 573.77 534.80 518.69 528.68 543.36 526.97 524.17 467.41 459.11 445.42 458.34 465.20 428.63 383.07 377.89 401.14 415.12 346.88 342.26 299.46 259.29 250.07 259.68 255.35 240.23 227.52 222.88 228.00 249.08 265.74 248.29 243.42 271.29 262.15 217.48 222.47 221.95 198.25 188.40 175.19 171.12 164.02 154.20
274.39 253.87 254.46 269.32 279.00 303.30 317.80 316.59 315.67 300.67 305.54 326.78 315.12 308.77 307.54 313.26 322.53 322.10 325.35 331.86 327.35 337.13 346.84 349.22 374.25 469.29 576.19 622.27 586.94 543.03 513.96 500.37 516.65 560.12 536.31 502.73 506.59 525.78 509.70 517.67 463.50 398.40 385.24 437.90 490.88 478.72 408.93 366.26 403.15 403.30 325.70 304.22 286.97 264.01 265.70 275.77 287.51 255.59 227.65 223.21 219.87 226.09 262.36 247.24 239.94 267.36 263.91 217.33 210.00 205.63 193.41 185.85 169.00 165.01 161.96 157.00
266.82 260.62 257.37 265.88 273.73 286.02 290.16 297.74 307.06 306.86 298.81 302.85 303.66 311.02 314.00 324.03 336.67 339.40 321.47 331.88 341.39 356.22 365.24 389.32 393.38 439.90 543.81 617.04 593.12 568.04 530.80 487.14 489.44 527.73 541.29 514.89 484.59 504.19 505.11 493.16 445.26 369.65 359.11 406.99 466.83 459.65 387.40 339.80 349.35 373.07 327.11 293.84 275.60 264.09 265.69 267.05 273.93 248.11 225.13 220.67 216.90 217.43 247.93 236.32 238.24 283.22 280.29 229.59 204.01 196.30 196.00 186.42 171.36 166.11 164.74 161.03
280.19 273.31 273.53 276.23 278.96 279.97 287.14 296.02 316.48 345.57 335.19 316.78 314.79 320.09 316.67 326.99 340.88 342.59 331.70 342.77 344.89 357.36 377.55 409.77 451.96 470.66 531.36 580.33 564.08 538.30 527.34 498.14 477.86 490.36 521.55 518.00 465.84 492.29 492.58 463.81 443.15 355.70 370.88 449.39 502.91 486.54 363.89 317.47 317.65 378.10 376.03 317.40 279.69 266.66 254.87 243.68 239.81 232.63 224.46 218.44 215.69 213.29 221.81 218.56 229.91 276.98 278.53 256.92 209.34 190.84 188.98 182.08 171.83 168.13 164.91 161.18
290.76 282.44 282.60 284.48 301.56 290.82 287.89 304.71 348.65 401.45 397.83 349.80 330.25 337.76 323.88 336.56 345.81 340.91 352.35 368.27 351.31 359.93 391.60 423.43 482.00 523.17 526.74 529.02 540.63 507.59 496.14 503.36 471.11 475.93 488.24 477.75 432.51 467.73 479.18 410.13 446.08 364.73 373.80 453.88 475.33 449.34 356.50 305.18 311.20 366.84 380.95 353.02 290.09 286.44 258.27 238.76 232.23 228.66 224.75 222.06 219.29 213.83 208.84 209.47 219.98 252.46 260.54 274.79 216.80 191.17 181.46 175.66 172.05 168.35 166.21 164.23
294.74 298.24 297.50 300.76 316.80 310.25 317.35 333.09 355.61 386.30 391.13 363.38 349.03 368.29 364.58 370.70 364.84 342.61 356.53 394.97 389.84 366.95 409.31 458.86 505.54 524.53 490.39 481.96 512.29 504.27 479.32 487.86 463.86 454.93 482.12 470.41 418.73 414.15 438.26 364.44 399.76 360.33 350.66 402.41 395.59 366.70 346.14 311.56 299.40 316.66 319.57 323.88 292.64 284.98 254.07 238.66 234.82 231.79 227.75 225.92 225.03 218.66 208.65 206.72 208.28 216.78 225.34 240.35 207.29 188.84 181.25 176.86 174.28 171.65 167.53 165.46
290.00 299.64 310.39 317.97 316.61 327.62 345.10 346.87 356.57 352.15 354.11 363.75 367.03 384.07 400.61 397.14 386.12 348.73 359.81 411.80 431.98 412.55 438.19 490.49 539.88 528.59 489.73 462.04 473.24 484.52 465.98 461.96 453.61 448.83 493.51 466.67 418.34 382.81 403.99 373.14 345.67 327.77 336.66 372.12 373.47 349.06 329.65 307.79 287.51 276.84 275.75 283.35 291.27 274.35 252.58 241.87 237.66 231.90 228.45 222.28 221.07 218.02 210.87 207.14 203.74 201.26 201.12 208.06 195.66 189.21 184.91 182.42 176.40 173.85 170.21 165.88
288.76 285.27 295.73 309.02 323.40 335.82 346.01 336.46 348.86 337.52 336.94 348.07 356.77 368.69 373.85 387.87 393.33 381.49 373.70 421.37 455.52 474.78 481.77 513.22 563.38 562.48 529.63 486.28 454.67 452.73 449.94 455.36 436.83 446.64 493.28 460.78 415.26 385.87 384.76 383.27 337.52 319.23 326.51 347.75 353.94 355.02 332.09 300.93 281.73 264.84 259.54 261.18 269.27 269.85 247.31 241.74 236.10 228.89 227.52 223.52 220.87 217.63 214.50 209.67 205.49 199.81 197.35 202.35 196.13 191.09 185.56 182.75 177.79 174.11 170.52 163.78
301.63 301.10 286.97 297.59 316.48 321.05 332.85 332.23 332.13 331.00 342.98 351.62 362.43 367.96 381.91 381.65 407.12 435.16 418.29 457.78 501.33 511.21 518.41 564.21 574.33 559.20 524.74 487.44 456.18 432.35 424.87 426.00 426.19 450.29 494.92 479.73 427.96 393.76 373.87 384.72 349.79 322.64 314.30 323.00 327.92 322.55 300.53 280.93 272.70 261.73 261.79 272.66 285.03 294.68 251.63 247.74 241.22 234.98 232.60 227.46 223.14 218.18 212.97 208.77 205.30 203.06 199.58 197.49 195.12 187.94 183.32 181.79 178.03 173.17 168.24 163.52
323.39 314.93 305.01 292.65 299.44 302.33 312.12 319.23 321.48 339.00 359.37 357.49 374.25 397.02 408.21 388.73 409.55 444.87 455.60 485.37 519.60 519.67 551.06 602.41 562.66 542.98 529.20 493.66 444.16 422.15 423.21 411.80 415.91 465.99 479.93 467.40 442.25 392.86 364.03 354.33 338.11 321.55 312.00 304.47 301.07 304.23 295.23 278.77 275.03 267.70 276.82 298.72 315.37 298.27 262.88 263.03 243.54 237.56 233.66 227.44 219.97 216.58 210.43 205.60 205.26 203.82 199.48 195.28 190.80 187.68 184.58 183.78 178.07 173.83 170.29 165.37
335.31 326.52 335.48 321.75 310.21 311.92 323.18 314.63 317.93 328.02 349.50 350.27 378.85 409.66 420.26 435.94 441.68 443.74 446.77 465.79 494.36 492.42 541.60 569.43 538.04 524.54 520.73 473.70 422.32 423.87 447.45 436.07 415.00 427.70 447.61 449.94 442.24 421.66 400.71 368.91 350.77 329.29 318.19 304.16 292.96 289.81 291.51 277.74 269.99 273.54 289.58 301.43 329.71 341.21 295.01 255.41 239.03 233.24 229.96 225.29 217.41 214.00 209.01 204.86 201.63 197.12 196.42 192.28 189.84 187.95 184.17 181.55 176.98 172.94 170.86 168.40
309.58 311.08 323.36 325.48 339.26 347.87 359.36 324.90 320.16 325.49 331.13 341.68 366.29 411.04 430.51 454.48 454.30 445.88 431.67 432.70 456.71 479.25 520.57 532.28 513.07 506.37 497.12 460.37 429.31 415.70 431.35 439.13 410.03 401.98 430.13 429.28 437.61 418.40 407.06 378.24 368.45 341.40 326.28 304.02 294.04 285.13 278.80 275.71 295.40 305.45 311.56 296.38 332.08 379.20 324.20 255.61 237.21 228.25 226.36 224.47 224.51 217.73 210.38 205.50 202.39 198.10 197.41 195.14 190.57 188.63 184.55 181.45 179.08 176.18 173.56 169.95
310.33 323.53 347.55 343.11 360.15 357.98 387.59 373.00 332.91 325.87 332.06 345.61 353.36 373.90 395.83 431.91 424.40 419.41 417.35 436.81 468.40 495.38 507.74 504.21 500.98 492.25 485.37 477.20 457.94 423.80 401.50 413.88 410.04 400.94 423.09 400.77 415.08 404.49 420.23 397.80 376.80 342.25 322.57 306.11 290.22 284.11 277.49 280.31 307.19 300.05 304.56 287.47 308.61 322.15 297.48 252.20 235.15 232.16 226.37 242.32 251.07 224.08 214.33 210.11 205.22 202.16 200.41 197.58 194.31 191.52 188.44 186.29 185.18 178.46 173.06 168.78
301.99 324.08 351.46 373.03 373.23 384.67 439.00 449.65 390.81 340.08 334.22 338.75 351.70 377.69 399.36 409.72 421.63 422.72 431.12 442.06 478.02 497.91 500.36 486.11 486.99 481.12 490.83 492.77 491.77 457.17 408.10 392.53 393.71 383.88 390.78 381.49 388.38 402.98 429.45 404.53 370.92 341.88 324.76 312.14 294.35 283.52 280.07 293.20 311.77 286.25 280.64 283.13 292.32 294.17 272.91 244.85 236.85 233.94 233.22 259.17 259.75 227.12 216.75 213.64 211.19 207.32 203.56 200.60 196.75 192.86 188.99 187.12 186.36 183.65 174.69 173.80
303.94 298.62 337.69 359.93 369.59 374.84 420.90 433.57 403.38 357.92 342.50 355.47 353.18 387.52 430.06 440.73 446.18 452.52 474.51 466.61 470.26 488.20 489.03 491.17 478.73 478.27 495.93 492.79 493.47 490.27 456.72 408.18 381.21 371.25 374.15 367.25 374.56 416.71 429.79 407.85 368.57 357.89 336.52 330.43 309.45 290.83 289.66 298.72 309.44 300.99 293.00 269.94 275.68 297.65 272.99 243.04 235.06 233.85 233.00 235.65 229.90 222.41 217.76 214.77 213.75 209.69 205.62 201.77 197.87 193.80 189.80 185.94 181.29 180.39 175.71 182.31
331.58 327.82 312.29 341.84 353.47 353.12 368.61 391.46 380.85 369.55 371.77 384.77 381.21 400.84 434.89 457.24 473.51 467.98 470.21 468.56 463.33 483.95 488.07 491.44 475.38 492.35 491.88 484.16 476.98 495.03 488.50 456.82 406.43 379.26 369.32 364.26 380.47 401.16 401.98 423.53 393.57 367.66 343.88 329.91 312.94 297.66 297.42 315.73 305.84 289.71 281.34 273.84 269.89 276.73 267.45 242.95 237.47 236.58 235.66 233.71 230.44 223.67 220.68 217.63 215.76 212.73 209.74 204.81 198.83 195.71 191.71 188.71 184.56 180.76 179.69 182.36
339.05 339.87 341.27 327.21 326.93 340.06 348.87 358.72 359.34 365.50 374.31 390.48 394.65 406.16 418.73 438.60 450.32 434.03 444.97 461.57 465.01 468.89 485.57 504.22 470.96 484.24 482.17 474.30 461.85 475.17 483.65 491.45 455.33 417.84 386.36 359.96 359.78 366.71 385.60 411.29 404.36 364.00 338.19 317.32 311.88 315.24 299.44 316.83 333.85 296.98 297.23 287.24 276.17 255.70 247.96 243.75 243.53 240.62 237.81 234.94 232.00 226.79 222.78 220.75 217.85 214.03 209.12 203.99 200.77 198.83 194.91 189.99 186.97 183.94 180.17 177.45
333.60 333.47 337.60 339.20 337.81 327.92 344.60 354.80 351.81 360.79 369.18 376.33 390.18 397.58 399.67 404.57 407.93 410.47 429.67 456.94 461.39 467.78 475.63 506.13 478.00 468.86 467.29 454.85 458.87 474.21 479.87 490.35 481.01 441.79 400.99 365.99 346.44 345.52 364.35 377.09 386.35 370.81 342.68 326.39 340.06 333.91 311.31 298.86 322.58 309.01 290.53 288.40 286.99 263.48 250.57 248.79 246.92 244.93 239.95 234.94 230.92 227.84 225.85 222.92 218.81 211.78 207.95 205.94 203.97 199.07 193.12 189.08 185.12 181.13 176.14 173.16
