Instances/BabAlMandabStrait/GMRTv3_3_20170611topo.asc
ncols 557
nrows 525
xllcorner 42.71044921875
yllcorner 12.189703804004074
cellsize 0.002197265625
nodata_value -2147483648
[rows 429 to 461 of 525, columns 380 to 455 of 557]
-253.69 -249.11 -245.85 -243.97 -242.85 -242.82 -244.23 -247.70 -252.87 -258.60 -263.78 -268.47 -273.14 -277.29 -280.43 -299.91 -285.97 -276.20 -273.68 -277.13 -285.77 -297.19 -310.60 -312.87 -313.83 -315.30 -315.99 -315.74 -315.33 -314.93 -311.32 -286.13 -290.83 -315.41 -317.70 -330.80 -338.53 -345.49 -349.78 -350.70 -349.31 -346.42 -342.79 -337.88 -331.52 -325.10 -320.02 -316.88 -314.86 -313.22 -311.24 -307.99 -304.10 -301.17 -300.77 -304.04 -309.91 -316.61 -322.37 -326.88 -331.03 -334.86 -338.40 -341.64 -344.56 -347.21 -349.65 -351.90 -353.93 -355.71 -357.22 -358.15 -358.62 -359.22 -360.54 -362.24
-262.57 -258.18 -255.35 -254.50 -254.79 -255.92 -257.56 -259.94 -263.12 -266.56 -269.71 -272.68 -275.67 -278.28 -280.12 -299.76 -286.73 -276.64 -272.85 -273.51 -280.39 -292.86 -284.12 -285.31 -333.11 -323.09 -316.43 -317.89 -320.57 -336.40 -328.31 -306.14 -289.29 -300.75 -317.77 -334.94 -339.68 -344.65 -347.32 -347.03 -344.59 -340.92 -336.90 -332.18 -326.48 -320.83 -316.28 -313.27 -311.21 -309.52 -307.66 -304.90 -301.73 -299.41 -299.21 -302.06 -307.10 -312.85 -317.84 -321.81 -325.50 -328.92 -332.09 -334.97 -337.55 -339.94 -342.24 -344.48 -346.60 -348.56 -350.32 -351.64 -352.64 -353.72 -355.32 -357.03
-271.31 -265.14 -261.28 -260.61 -261.82 -263.92 -265.90 -267.71 -269.82 -271.99 -274.00 -275.99 -278.03 -279.71 -280.65 -299.69 -287.66 -278.44 -273.71 -272.11 -274.95 -281.96 -271.14 -273.34 -284.21 -284.85 -321.68 -318.53 -319.32 -341.72 -338.17 -325.08 -299.92 -292.32 -307.09 -319.58 -337.78 -337.85 -337.98 -336.03 -332.39 -328.04 -323.98 -320.17 -316.17 -312.41 -309.29 -307.00 -305.29 -303.94 -302.75 -301.33 -299.90 -299.16 -299.79 -302.43 -306.56 -311.14 -315.12 -318.31 -321.24 -323.95 -326.51 -328.90 -331.10 -333.15 -335.07 -336.84 -338.46 -339.99 -341.48 -342.79 -343.94 -345.25 -347.02 -348.91
-279.34 -270.57 -265.04 -264.12 -265.93 -268.83 -271.19 -272.78 -274.41 -275.98 -277.40 -278.87 -280.36 -281.46 -281.77 -303.96 -290.31 -282.18 -275.50 -271.86 -270.41 -275.71 -281.89 -267.23 -268.87 -272.67 -331.62 -323.16 -319.53 -333.60 -348.23 -346.70 -318.39 -296.50 -301.82 -307.03 -309.95 -329.02 -326.33 -322.70 -317.93 -313.06 -309.14 -306.48 -304.52 -302.97 -301.58 -300.21 -299.02 -298.18 -297.85 -298.01 -298.61 -299.69 -301.34 -303.84 -307.07 -310.45 -313.40 -315.76 -317.84 -319.76 -321.63 -323.50 -325.31 -326.99 -328.45 -329.59 -330.47 -331.32 -332.34 -333.46 -334.61 -336.01 -337.88 -339.99
-285.61 -274.53 -267.51 -266.27 -268.46 -271.97 -274.68 -276.27 -277.78 -279.17 -280.36 -281.53 -282.67 -283.36 -283.24 -311.89 -295.02 -287.14 -279.35 -273.66 -270.79 -272.45 -275.64 -262.02 -265.03 -269.03 -280.35 -329.35 -326.41 -340.91 -358.37 -373.29 -337.82 -304.02 -306.44 -292.62 -305.08 -321.03 -317.64 -312.82 -307.27 -302.08 -298.31 -296.54 -296.10 -296.21 -296.10 -295.44 -294.67 -294.23 -294.52 -295.81 -297.83 -300.20 -302.52 -304.85 -307.35 -309.78 -311.90 -313.58 -314.98 -316.25 -317.54 -318.96 -320.40 -321.73 -322.80 -323.43 -323.73 -324.05 -324.72 -325.72 -326.92 -328.43 -330.39 -332.68
-289.55 -276.45 -268.07 -266.40 -268.71 -272.59 -275.64 -277.56 -279.53 -281.33 -282.75 -283.92 -284.89 -285.36 -285.03 -286.44 -302.75 -293.24 -283.41 -275.63 -271.87 -269.25 -266.01 -270.14 -262.80 -266.73 -271.79 -284.31 -293.36 -327.89 -355.99 -393.85 -375.91 -354.50 -336.50 -302.85 -300.20 -315.85 -313.91 -308.17 -302.44 -297.28 -293.73 -292.46 -292.79 -293.71 -294.24 -293.95 -293.43 -293.19 -293.71 -295.37 -297.81 -300.51 -302.92 -305.00 -307.01 -308.85 -310.44 -311.67 -312.62 -313.46 -314.36 -315.41 -316.52 -317.53 -318.32 -318.66 -318.69 -318.79 -319.36 -320.45 -321.87 -323.64 -325.74 -328.16
-291.65 -276.36 -266.46 -264.10 -266.21 -270.25 -273.65 -276.28 -279.31 -282.20 -284.42 -285.95 -287.03 -287.52 -287.25 -286.02 -315.43 -298.32 -288.18 -279.42 -272.76 -268.94 -260.27 -253.26 -262.09 -265.62 -270.81 -278.37 -288.59 -299.88 -329.21 -391.41 -394.56 -374.43 -352.06 -319.66 -303.74 -306.19 -301.95 -302.63 -300.79 -295.99 -292.78 -291.85 -292.55 -293.84 -294.66 -294.60 -294.27 -294.14 -294.69 -296.26 -298.51 -300.96 -303.11 -304.91 -306.60 -308.10 -309.36 -310.28 -310.91 -311.44 -312.03 -312.77 -313.55 -314.27 -314.82 -314.97 -314.85 -314.87 -315.45 -316.72 -318.45 -320.52 -322.81 -325.35
-292.43 -275.45 -264.33 -261.33 -263.11 -267.12 -270.82 -274.23 -278.48 -282.66 -285.83 -287.86 -289.21 -289.86 -289.79 -289.05 -289.27 -306.37 -299.32 -286.46 -276.64 -270.02 -261.15 -254.23 -263.51 -265.53 -270.24 -277.67 -287.51 -297.67 -277.50 -350.14 -386.93 -391.30 -376.98 -346.63 -323.25 -315.10 -319.76 -387.68 -301.58 -297.16 -294.23 -293.41 -294.13 -295.39 -296.22 -296.24 -296.03 -295.96 -296.43 -297.70 -299.50 -301.46 -303.21 -304.73 -306.19 -307.51 -308.57 -309.27 -309.70 -310.02 -310.39 -310.86 -311.34 -311.78 -312.12 -312.13 -311.92 -311.91 -312.52 -313.93 -315.89 -318.18 -320.58 -323.17
-292.41 -275.04 -263.61 -260.33 -261.83 -265.71 -269.54 -273.50 -278.60 -283.68 -287.55 -289.98 -291.56 -292.38 -292.51 -292.04 -290.85 -313.35 -302.61 -291.63 -280.78 -268.08 -255.28 -243.55 -239.30 -266.37 -270.56 -277.43 -286.67 -296.49 -303.84 -297.53 -350.76 -389.91 -398.30 -374.28 -342.42 -324.35 -325.82 -331.72 -304.43 -299.99 -297.05 -296.04 -296.41 -297.29 -297.84 -297.78 -297.59 -297.53 -297.90 -298.88 -300.28 -301.82 -303.23 -304.52 -305.81 -306.97 -307.89 -308.47 -308.80 -309.01 -309.23 -309.49 -309.72 -309.90 -310.04 -309.93 -309.64 -309.57 -310.13 -311.52 -313.49 -315.78 -318.10 -320.58
-291.30 -275.52 -265.15 -262.12 -263.39 -266.90 -270.58 -274.71 -280.13 -285.56 -289.73 -292.39 -294.18 -295.19 -295.51 -295.24 -294.33 -293.07 -313.56 -298.71 -283.87 -267.94 -252.99 -238.08 -224.30 -269.18 -272.11 -278.16 -286.39 -295.28 -303.33 -268.81 -297.65 -362.45 -399.72 -403.14 -375.92 -336.33 -326.71 -318.01 -305.03 -305.12 -301.73 -300.03 -299.44 -299.37 -299.23 -298.87 -298.59 -298.53 -298.81 -299.57 -300.71 -301.99 -303.17 -304.26 -305.38 -306.40 -307.22 -307.79 -308.17 -308.43 -308.62 -308.72 -308.72 -308.67 -308.62 -308.40 -308.05 -307.90 -308.30 -309.42 -311.04 -312.94 -314.89 -317.02
-288.96 -276.26 -267.95 -265.52 -266.52 -269.44 -272.76 -276.87 -282.32 -287.82 -292.11 -294.95 -296.99 -298.26 -298.82 -298.77 -298.06 -296.47 -325.11 -306.86 -287.95 -270.92 -255.89 -238.86 -222.79 -234.08 -274.79 -279.73 -286.54 -294.11 -301.31 -308.29 -320.85 -314.36 -360.46 -419.08 -397.84 -359.71 -341.76 -327.80 -302.88 -312.94 -308.54 -305.76 -303.68 -302.13 -300.91 -300.04 -299.60 -299.50 -299.67 -300.17 -301.03 -302.05 -303.01 -303.94 -304.92 -305.86 -306.66 -307.33 -307.90 -308.35 -308.61 -308.62 -308.43 -308.15 -307.91 -307.62 -307.25 -307.04 -307.21 -307.87 -308.88 -310.12 -311.48 -313.07
-286.23 -277.04 -271.10 -269.45 -270.27 -272.62 -275.57 -279.58 -284.90 -290.32 -294.61 -297.58 -299.83 -301.36 -302.15 -302.30 -301.79 -300.39 -297.74 -318.11 -291.07 -278.08 -267.09 -257.14 -253.20 -260.18 -275.08 -281.78 -286.96 -293.11 -299.43 -306.40 -314.16 -315.95 -338.76 -392.75 -396.96 -375.10 -358.11 -344.12 -321.16 -289.04 -316.07 -312.12 -308.48 -305.37 -302.99 -301.53 -300.83 -300.60 -300.58 -300.78 -301.32 -302.05 -302.80 -303.62 -304.54 -305.49 -306.34 -307.16 -307.98 -308.64 -309.01 -308.98 -308.63 -308.17 -307.77 -307.41 -307.02 -306.72 -306.64 -306.80 -307.14 -307.67 -308.40 -309.41
-283.94 -277.66 -273.76 -272.87 -273.72 -275.78 -278.53 -282.46 -287.64 -292.92 -297.16 -300.19 -302.57 -304.26 -305.20 -305.51 -305.16 -303.94 -301.63 -331.66 -304.38 -289.34 -278.35 -272.47 -270.52 -276.45 -292.33 -311.23 -287.49 -292.44 -298.00 -304.67 -312.43 -302.10 -304.54 -360.19 -388.78 -383.25 -368.31 -357.30 -340.48 -320.78 -322.83 -318.01 -313.20 -308.89 -305.58 -303.54 -302.47 -301.97 -301.64 -301.47 -301.63 -302.03 -302.59 -303.35 -304.35 -305.43 -306.41 -307.37 -308.45 -309.29 -309.66 -309.69 -309.28 -308.57 -308.05 -307.60 -307.11 -306.67 -306.35 -306.11 -305.93 -305.92 -306.18 -306.74
-282.33 -278.23 -275.90 -275.80 -276.94 -279.05 -281.81 -285.69 -290.67 -295.72 -299.81 -302.80 -305.19 -306.93 -307.93 -308.30 -308.03 -306.93 -304.79 -299.98 -315.98 -299.57 -289.74 -286.76 -285.66 -288.36 -296.03 -298.60 -288.11 -292.19 -297.18 -303.61 -311.35 -319.82 -309.93 -340.94 -382.36 -390.12 -377.32 -363.27 -351.47 -338.84 -328.86 -323.26 -317.69 -312.58 -308.58 -306.00 -304.44 -303.49 -302.72 -302.06 -301.72 -301.70 -302.00 -302.75 -303.91 -305.22 -306.41 -307.68 -314.43 -316.59 -312.36 -315.86 -316.77 -309.55 -309.09 -308.47 -307.71 -307.02 -306.43 -305.90 -305.40 -305.06 -305.02 -305.34
-280.96 -278.79 -277.91 -278.65 -280.30 -282.66 -285.55 -289.36 -294.04 -298.73 -302.57 -305.44 -307.77 -309.48 -310.48 -310.85 -310.60 -309.57 -307.61 -304.09 -334.08 -311.46 -305.30 -299.95 -294.47 -290.28 -294.02 -295.94 -289.49 -292.21 -296.77 -302.97 -310.65 -318.90 -334.50 -323.36 -365.38 -387.49 -380.36 -367.42 -357.33 -350.59 -340.81 -328.37 -322.29 -316.59 -312.00 -308.84 -306.69 -305.16 -303.84 -302.60 -301.67 -301.16 -301.18 -301.96 -303.36 -304.99 -306.46 -312.60 -323.57 -329.72 -323.20 -308.95 -305.59 -312.13 -313.81 -311.84 -308.86 -307.63 -306.88 -306.20 -305.40 -304.93 -304.93 -305.14
-279.57 -279.06 -279.48 -281.08 -283.33 -286.08 -289.19 -292.97 -297.39 -301.74 -305.32 -308.04 -310.25 -311.87 -312.86 -313.27 -313.10 -312.22 -310.49 -307.38 -301.64 -334.68 -322.62 -311.13 -298.95 -295.87 -296.42 -297.19 -301.44 -293.38 -296.55 -302.49 -310.06 -318.44 -326.51 -324.73 -341.81 -376.57 -385.04 -373.46 -360.52 -354.47 -349.88 -334.31 -327.06 -321.03 -316.02 -312.30 -309.47 -307.24 -305.31 -303.50 -302.01 -301.07 -300.89 -301.82 -303.65 -305.77 -307.73 -321.34 -327.71 -333.51 -339.11 -334.17 -327.66 -315.43 -307.19 -305.37 -304.49 -304.69 -305.70 -306.78 -304.79 -305.79 -309.84 -310.94
-277.91 -278.80 -280.36 -282.75 -285.63 -288.83 -292.23 -296.10 -300.40 -304.56 -307.98 -310.56 -312.59 -314.09 -315.07 -315.64 -315.76 -315.22 -313.80 -311.08 -307.29 -347.30 -336.11 -320.39 -310.83 -305.66 -301.26 -298.95 -299.88 -306.60 -296.27 -301.94 -309.30 -317.68 -326.32 -335.63 -325.51 -360.33 -381.27 -375.85 -366.43 -359.74 -357.88 -352.51 -331.92 -326.07 -320.86 -316.63 -313.04 -310.00 -307.43 -305.14 -303.25 -302.05 -301.86 -303.18 -305.72 -308.59 -312.32 -319.35 -318.97 -321.74 -327.20 -332.96 -336.65 -334.96 -316.36 -301.48 -299.78 -301.74 -301.68 -302.63 -301.68 -301.63 -303.45 -305.42
-275.97 -277.95 -280.44 -283.60 -287.16 -290.93 -294.75 -298.85 -303.24 -307.37 -310.73 -313.14 -314.87 -316.14 -317.12 -318.04 -318.74 -318.82 -317.89 -315.51 -311.99 -356.64 -338.07 -319.03 -313.28 -307.03 -300.71 -296.59 -298.78 -304.59 -296.76 -301.06 -308.11 -316.48 -325.17 -335.87 -331.88 -349.60 -374.56 -373.41 -368.44 -365.38 -363.59 -360.20 -340.43 -332.19 -327.04 -322.30 -317.77 -313.72 -310.42 -307.70 -305.51 -304.24 -304.26 -306.36 -310.11 -313.24 -312.76 -312.44 -313.16 -315.03 -313.52 -319.78 -324.35 -331.76 -328.62 -313.66 -304.20 -303.51 -301.42 -300.86 -299.89 -299.90 -300.75 -301.59
-273.87 -276.65 -279.90 -283.82 -288.13 -292.58 -296.92 -301.36 -305.94 -310.16 -313.52 -315.71 -317.08 -318.03 -318.99 -320.37 -321.84 -322.74 -322.39 -320.32 -316.98 -309.92 -324.47 -320.39 -313.94 -305.56 -297.44 -293.58 -296.27 -299.89 -303.07 -301.42 -308.66 -314.95 -323.62 -334.12 -340.33 -341.83 -370.82 -377.67 -373.46 -369.18 -369.50 -368.64 -368.54 -339.00 -334.24 -328.93 -323.33 -318.12 -314.01 -310.90 -308.51 -307.28 -307.67 -310.80 -316.09 -315.74 -314.36 -315.30 -320.63 -321.07 -319.39 -317.94 -317.82 -321.67 -334.03 -332.61 -326.41 -321.70 -309.38 -303.62 -302.25 -302.18 -301.98 -301.95
-271.61 -275.01 -278.88 -283.48 -288.51 -293.64 -298.51 -303.30 -308.11 -312.46 -315.87 -317.93 -319.00 -319.71 -320.70 -322.54 -324.74 -326.41 -326.61 -324.84 -321.67 -317.84 -312.90 -321.22 -312.74 -302.75 -294.75 -291.69 -291.38 -293.27 -299.42 -307.82 -317.43 -314.98 -321.82 -332.07 -351.44 -338.16 -356.29 -375.39 -383.57 -383.96 -384.05 -376.38 -364.81 -345.96 -339.98 -335.47 -328.90 -322.60 -317.79 -314.43 -312.00 -310.96 -311.79 -315.90 -322.61 -329.64 -333.84 -333.77 -330.95 -327.46 -327.55 -326.27 -326.73 -323.25 -321.16 -328.50 -336.18 -337.18 -327.28 -319.98 -315.57 -313.84 -312.89 -312.55
-269.25 -273.14 -277.52 -282.66 -288.28 -293.97 -299.28 -304.37 -309.38 -313.87 -317.38 -319.46 -320.46 -321.13 -322.24 -324.43 -327.14 -329.33 -329.95 -328.45 -325.49 -321.78 -318.02 -315.61 -312.24 -303.70 -295.66 -291.20 -289.83 -291.69 -296.12 -301.68 -307.43 -320.57 -321.18 -329.93 -340.65 -343.45 -356.23 -380.70 -385.57 -380.87 -376.32 -375.44 -365.62 -352.20 -340.92 -341.10 -333.77 -326.67 -321.39 -318.03 -315.82 -315.15 -316.41 -321.21 -328.82 -336.20 -340.30 -339.75 -336.37 -331.87 -327.76 -324.54 -321.12 -318.19 -315.66 -308.48 -316.76 -320.14 -332.50 -331.09 -326.76 -322.23 -322.73 -318.15
-267.00 -271.21 -275.92 -281.42 -287.44 -293.49 -299.11 -304.43 -309.60 -314.23 -317.89 -320.16 -321.35 -322.22 -323.54 -325.96 -328.93 -331.38 -332.23 -330.96 -328.24 -324.72 -321.08 -316.87 -317.65 -307.23 -299.61 -293.87 -290.28 -290.86 -292.50 -295.98 -301.81 -313.28 -323.18 -327.09 -341.33 -353.09 -348.43 -361.42 -373.89 -375.92 -376.35 -378.43 -369.96 -352.05 -349.97 -345.28 -337.94 -330.30 -324.81 -321.75 -320.12 -320.09 -321.84 -326.95 -334.82 -342.32 -346.32 -345.35 -341.30 -336.04 -331.45 -327.66 -323.78 -320.19 -317.25 -315.52 -313.26 -311.77 -309.70 -308.79 -308.30 -307.82 -309.47 -300.67
-264.68 -269.04 -273.93 -279.68 -285.99 -292.34 -298.22 -303.73 -309.06 -313.86 -317.74 -320.30 -321.84 -323.06 -324.66 -327.26 -330.35 -332.90 -333.89 -332.83 -330.34 -327.06 -323.62 -320.12 -324.22 -307.34 -301.71 -297.85 -293.13 -291.51 -292.05 -293.73 -298.49 -306.65 -316.30 -323.84 -348.78 -358.61 -352.20 -351.54 -365.12 -376.04 -378.05 -378.90 -374.38 -361.04 -348.62 -348.79 -341.44 -333.76 -328.24 -325.69 -324.88 -325.67 -327.94 -333.19 -340.97 -348.23 -351.92 -350.56 -345.99 -340.16 -335.00 -330.60 -326.08 -321.88 -318.45 -316.05 -314.38 -313.11 -311.88 -310.74 -309.83 -308.94 -307.60 -306.63
-261.77 -266.22 -271.28 -277.31 -283.97 -290.69 -296.89 -302.64 -308.16 -313.15 -317.29 -320.21 -322.19 -323.83 -325.75 -328.51 -331.65 -334.24 -335.35 -334.52 -332.33 -329.35 -326.17 -323.62 -315.04 -310.03 -305.10 -301.07 -298.50 -295.60 -293.95 -294.44 -297.90 -303.24 -310.87 -322.87 -337.22 -343.36 -344.93 -349.18 -354.69 -367.74 -375.86 -377.49 -378.68 -372.32 -358.14 -353.83 -348.48 -336.86 -331.39 -329.18 -329.07 -331.26 -334.00 -339.32 -346.94 -353.89 -357.24 -355.50 -350.48 -344.15 -338.49 -333.56 -328.46 -323.71 -319.84 -317.11 -315.22 -313.76 -312.35 -311.04 -309.99 -308.95 -307.70 -305.96
-257.74 -262.34 -267.65 -274.11 -281.34 -288.66 -295.35 -301.43 -307.20 -312.42 -316.85 -320.20 -322.65 -324.75 -327.01 -329.93 -333.11 -335.73 -336.97 -336.45 -334.65 -332.08 -329.21 -325.78 -320.58 -314.27 -309.27 -305.58 -303.31 -301.38 -298.17 -296.46 -298.14 -301.51 -308.22 -317.62 -328.56 -336.68 -338.44 -345.46 -350.59 -356.45 -370.14 -375.47 -378.62 -377.03 -365.91 -353.41 -361.26 -342.42 -337.81 -338.62 -340.26 -336.21 -339.45 -344.93 -352.56 -359.40 -362.53 -360.43 -354.90 -348.02 -341.84 -336.44 -330.88 -325.69 -321.43 -318.39 -316.22 -314.53 -312.91 -311.41 -310.20 -309.02 -307.65 -305.82
-252.33 -257.12 -262.78 -269.85 -277.94 -286.14 -293.54 -300.08 -306.17 -311.68 -316.47 -320.32 -323.35 -325.99 -328.64 -331.70 -334.86 -337.45 -338.81 -338.65 -337.36 -335.30 -332.85 -329.79 -324.98 -318.33 -313.36 -310.13 -307.75 -305.67 -303.24 -300.09 -300.14 -301.42 -306.81 -313.83 -322.07 -330.34 -335.09 -341.02 -350.66 -352.44 -364.11 -372.48 -376.09 -377.96 -373.62 -359.36 -359.12 -351.67 -348.76 -352.85 -355.78 -342.27 -344.52 -350.08 -357.98 -364.97 -368.04 -365.57 -359.44 -351.88 -345.13 -339.31 -333.37 -327.84 -323.23 -319.83 -317.30 -315.28 -313.37 -311.65 -310.25 -308.95 -307.49 -305.68
-246.11 -251.07 -257.12 -264.88 -273.95 -283.16 -291.39 -298.45 -304.90 -310.73 -315.92 -320.33 -324.02 -327.26 -330.33 -333.52 -336.61 -339.13 -340.60 -340.85 -340.14 -338.68 -336.69 -333.96 -329.34 -322.37 -317.25 -313.30 -311.87 -310.66 -310.18 -307.18 -304.63 -304.10 -307.33 -311.45 -317.63 -327.08 -333.94 -339.90 -350.26 -353.83 -359.88 -367.38 -372.62 -376.05 -374.89 -361.14 -356.32 -353.47 -351.22 -345.14 -342.28 -345.73 -347.19 -354.96 -363.15 -370.33 -373.37 -370.55 -363.83 -355.62 -348.34 -342.15 -335.93 -330.13 -325.23 -321.46 -318.53 -316.12 -313.90 -311.93 -310.33 -308.88 -307.35 -305.60
-240.00 -245.12 -251.49 -259.88 -269.84 -279.99 -288.97 -296.52 -303.32 -309.47 -315.04 -319.97 -324.24 -328.02 -331.50 -334.85 -337.95 -340.47 -342.12 -342.80 -342.69 -341.85 -338.86 -337.09 -340.14 -331.20 -323.13 -318.18 -314.41 -313.56 -313.32 -310.27 -307.15 -306.44 -307.93 -310.84 -315.74 -325.63 -333.46 -339.73 -351.26 -357.62 -359.39 -363.94 -368.31 -372.79 -373.88 -361.40 -356.78 -354.57 -352.94 -343.06 -335.44 -339.16 -345.86 -359.48 -367.71 -374.86 -377.77 -374.66 -367.53 -358.89 -351.26 -344.85 -338.47 -332.53 -327.43 -323.39 -320.16 -317.45 -314.96 -312.76 -310.94 -309.32 -307.67 -305.92
-234.54 -239.76 -246.38 -255.23 -265.85 -276.71 -286.28 -294.23 -301.35 -307.78 -313.68 -319.00 -323.69 -327.89 -331.72 -335.32 -338.58 -341.29 -343.24 -344.40 -343.73 -343.33 -356.76 -349.02 -349.90 -343.05 -333.01 -324.52 -318.65 -314.65 -313.19 -310.53 -307.82 -307.94 -308.92 -311.48 -316.29 -323.76 -330.30 -338.35 -349.74 -361.07 -362.70 -363.15 -365.22 -370.01 -374.44 -365.53 -360.67 -357.75 -354.89 -347.92 -336.02 -336.08 -346.59 -364.62 -371.47 -378.15 -380.72 -377.42 -370.17 -361.47 -353.79 -347.35 -340.97 -335.04 -329.91 -325.81 -322.48 -319.65 -317.02 -314.63 -312.60 -310.75 -308.89 -306.98
-229.43 -234.73 -241.53 -250.71 -261.82 -273.20 -283.21 -291.51 -298.93 -305.65 -311.83 -317.43 -322.40 -326.87 -331.02 -334.96 -338.58 -341.69 -343.58 -345.58 -357.03 -358.69 -378.48 -367.47 -352.46 -344.35 -339.72 -330.25 -322.58 -317.50 -315.48 -313.97 -312.77 -312.19 -312.82 -315.39 -317.75 -321.63 -327.72 -335.29 -344.42 -358.09 -365.55 -364.91 -365.72 -368.75 -374.70 -373.48 -368.11 -363.86 -362.93 -356.12 -342.42 -337.87 -345.34 -358.81 -374.53 -380.32 -382.31 -378.89 -371.82 -363.41 -355.97 -349.69 -343.50 -337.73 -332.76 -328.80 -325.63 -322.89 -320.25 -317.72 -315.45 -313.30 -311.14 -308.91
-224.64 -229.97 -236.89 -246.31 -257.77 -269.54 -279.90 -288.49 -296.19 -303.18 -309.62 -315.43 -320.57 -325.25 -329.68 -334.00 -337.76 -341.49 -349.28 -348.85 -369.99 -375.09 -371.99 -371.09 -358.75 -343.98 -342.49 -335.35 -328.01 -322.56 -320.29 -319.52 -320.56 -320.27 -320.57 -321.81 -320.14 -323.23 -327.83 -331.66 -338.86 -349.49 -363.10 -366.25 -367.53 -369.84 -373.43 -376.96 -378.15 -371.83 -370.74 -363.33 -348.88 -342.57 -343.18 -361.04 -377.40 -381.52 -382.81 -379.35 -372.67 -364.81 -357.82 -351.87 -345.99 -340.52 -335.81 -332.12 -329.21 -326.68 -324.10 -321.45 -318.93 -316.45 -313.93 -311.29
-220.68 -225.99 -232.93 -242.46 -254.10 -266.08 -276.66 -285.44 -293.35 -300.54 -307.17 -313.14 -318.41 -323.24 -327.58 -332.36 -340.14 -343.26 -350.80 -349.26 -360.38 -366.87 -369.38 -369.75 -364.35 -347.69 -344.49 -339.87 -335.44 -329.43 -325.00 -322.74 -325.47 -332.56 -323.83 -322.81 -325.37 -325.73 -329.13 -332.06 -336.08 -344.35 -357.05 -365.22 -368.54 -371.55 -373.23 -376.23 -383.41 -378.19 -374.16 -369.60 -354.54 -344.73 -343.88 -364.28 -374.85 -382.65 -382.30 -378.90 -372.79 -365.69 -359.31 -353.77 -348.28 -343.17 -338.76 -335.34 -332.67 -330.30 -327.76 -325.01 -322.26 -319.47 -316.60 -313.53
-217.88 -223.06 -229.92 -239.39 -251.03 -263.04 -273.66 -282.51 -290.50 -297.80 -304.54 -310.60 -315.96 -320.26 -328.79 -332.88 -338.71 -339.46 -340.76 -343.02 -350.24 -358.44 -363.39 -366.67 -365.76 -352.92 -346.02 -344.85 -342.23 -335.66 -328.90 -323.32 -320.17 -332.57 -322.61 -321.88 -325.69 -331.22 -332.97 -336.03 -337.27 -340.72 -351.79 -362.42 -368.87 -372.44 -375.59 -378.52 -384.63 -382.09 -375.82 -374.09 -363.69 -349.24 -345.27 -351.22 -364.18 -372.91 -380.96 -377.18 -371.90 -365.83 -360.28 -355.30 -350.29 -345.58 -341.48 -338.27 -335.72 -333.38 -330.81 -327.94 -325.00 -321.95 -318.77 -315.28
