Instances/NewYork/GMRTv3_3_20170611topo.asc
ncols 305
nrows 276
xllcorner -74.11322021484375
yllcorner 40.525073880520374
cellsize 5.4931640625E-4
nodata_value -2147483648
[rows 175 to 209 of 276, columns 156 to 233 of 305]
-13.99 -14.00 -14.00 -13.67 -12.82 -13.01 -12.98 -12.80 -12.34 -12.41 -9.62 -7.08 -7.02 -6.62 -5.98 -6.00 -6.00 -6.00 -6.00 -6.00 -5.89 -5.18 -4.99 -4.91 -4.08 -4.02 -3.68 -3.91 -4.00 -4.02 -4.25 -5.03 -5.04 -4.62 -4.80 -3.32 0.12 0.11 0.10 0.10 0.11 0.10 0.16 0.09 -0.49 -0.93 -2.62 -2.99 -2.67 -2.20 2.05 5.10 3.12 2.05 2.02 2.07 2.00 1.99 4.00 5.35 5.29 5.30 6.25 7.26 7.35 7.34 6.26 -2.08 -0.74 -0.02 0.11 -0.02 0.04 -0.02 -0.57 -0.99 -0.54 0.04
-14.01 -13.60 -13.44 -13.57 -12.80 -13.04 -11.64 -9.78 -9.08 -8.42 -7.07 -6.99 -7.00 -6.86 -6.08 -5.99 -6.00 -6.00 -6.00 -5.99 -5.42 -4.98 -5.00 -4.99 -4.66 -4.39 -4.42 -4.39 -4.56 -3.40 -3.64 -3.15 -2.01 0.55 0.49 0.25 -0.02 0.00 0.04 0.09 0.12 0.86 0.83 0.77 0.21 0.53 0.89 2.37 2.34 2.31 3.12 4.64 5.15 3.43 2.36 2.66 2.36 3.08 4.41 3.18 2.52 5.24 2.41 4.54 6.32 7.00 6.36 -3.58 -1.91 -0.64 -0.46 -0.64 -0.63 -0.57 -0.43 -0.26 -0.06 0.09
-13.98 -13.19 -12.97 -12.11 -11.26 -10.92 -9.64 -8.10 -7.94 -7.02 -6.99 -7.00 -7.00 -6.96 -6.61 -6.04 -6.00 -6.00 -6.00 -5.95 -5.01 -4.96 -4.96 -4.96 -5.01 -5.02 -5.04 -5.24 -2.40 -0.40 0.10 0.20 0.17 -0.01 -0.01 -0.22 -0.22 -0.22 -0.22 -0.15 -0.15 2.06 2.06 2.06 1.78 2.07 2.06 2.00 2.00 2.00 2.25 3.97 5.00 4.03 3.03 2.72 3.10 5.17 4.43 -2.20 -1.21 1.21 -0.12 3.54 4.04 6.93 7.10 -3.94 -2.68 -1.51 -1.33 -1.51 -1.80 -1.90 -1.15 -0.32 -0.06 -0.00
-13.18 -13.00 -12.97 -12.18 -11.49 -10.80 -9.42 -8.09 -8.00 -7.49 -6.99 -7.00 -7.00 -7.00 -7.01 -6.47 -5.99 -6.00 -6.00 -5.98 -5.37 -5.38 -5.50 -5.42 -5.01 -5.02 -4.74 -1.96 -0.80 0.00 0.13 -0.00 -0.00 0.00 0.00 3.03 3.03 3.03 3.02 2.02 2.02 2.00 2.00 2.00 2.00 2.00 2.00 2.00 2.00 2.00 2.00 4.00 4.99 4.00 3.00 2.99 1.99 3.99 1.98 3.04 4.04 -2.44 -1.67 -1.43 5.93 8.00 5.99 -2.97 -2.55 -1.99 -1.87 -1.99 -2.62 -2.99 -2.12 -1.00 -0.38 0.00
-13.02 -13.02 -12.56 -11.86 -10.69 -9.75 -9.15 -8.09 -7.99 -7.49 -6.99 -7.00 -7.00 -7.01 -6.84 -5.98 -6.00 -6.00 -6.00 -6.00 -6.02 -6.01 -6.03 -6.03 -5.71 -5.14 -2.57 -1.22 -0.39 0.05 0.10 0.00 -0.00 0.00 0.00 3.00 3.00 3.00 2.23 2.00 2.00 1.96 1.96 2.00 2.00 2.00 2.00 2.00 2.00 2.00 2.00 4.00 3.93 4.04 3.00 1.93 2.00 4.42 2.23 2.19 2.93 2.63 3.61 -0.20 -3.30 3.68 6.60 -0.89 -0.81 -0.68 -0.64 -0.68 -0.90 -1.04 -0.75 -0.36 -0.14 0.00
-12.69 -12.90 -12.21 -11.29 -10.12 -9.41 -9.09 -8.08 -8.00 -7.85 -7.49 -7.23 -6.98 -6.89 -6.92 -6.28 -5.99 -6.00 -6.00 -6.00 -6.00 -6.13 -6.59 -6.46 -4.36 -3.51 -1.96 -0.89 -0.28 -0.00 0.05 0.00 0.00 0.00 0.00 3.00 3.00 3.00 3.04 2.00 2.00 2.69 2.69 1.93 2.00 2.00 2.00 2.00 2.00 2.00 2.00 4.00 4.00 3.31 3.07 2.00 2.00 3.04 4.42 4.02 3.22 3.26 5.10 7.15 2.70 3.38 8.67 0.20 0.17 0.14 0.13 0.14 0.18 0.21 0.15 0.07 0.03 0.00
-12.02 -12.14 -11.64 -10.78 -9.93 -9.25 -8.94 -8.06 -8.00 -8.01 -7.82 -7.74 -7.20 -6.94 -6.99 -6.42 -5.97 -5.96 -6.00 -6.00 -5.97 -6.87 -7.33 -5.02 -3.45 -3.00 -1.62 -0.99 -0.37 0.00 0.06 0.00 0.00 0.00 0.00 2.99 3.00 3.00 3.00 1.99 1.99 3.00 3.00 2.98 2.00 2.00 2.00 2.00 2.00 2.00 2.00 4.00 4.00 3.00 2.02 2.00 2.00 1.01 5.01 0.06 0.05 0.05 0.08 0.09 0.08 0.10 0.12 0.00 0.00 0.00 0.00 0.00 0.00 0.00 0.00 0.00 0.00 0.00
-11.26 -11.30 -11.06 -10.03 -9.33 -8.73 -7.93 -8.00 -7.99 -7.66 -7.73 -7.85 -7.82 -7.49 -6.96 -6.18 -5.73 -5.00 -5.85 -6.03 -6.72 -8.20 -6.75 -3.97 -3.76 -3.54 -2.30 -1.59 -0.68 -0.00 0.10 0.00 0.00 0.00 0.00 3.80 3.00 2.97 3.00 3.07 3.07 3.00 3.00 3.00 2.00 2.00 2.03 2.00 2.00 2.00 2.00 4.00 4.27 3.00 2.00 2.00 2.03 1.00 3.86 0.00 0.00 0.00 0.00 0.00 0.00 0.00 0.00 0.00 0.00 0.00 0.00 0.00 0.00 0.00 0.00 0.00 0.00 0.00
-10.82 -10.59 -10.31 -9.33 -8.78 -8.26 -8.00 -7.89 -7.38 -7.00 -7.01 -6.91 -6.70 -6.30 -6.26 -5.96 -5.31 -4.98 -5.41 -6.06 -7.99 -8.86 -6.13 -4.13 -7.13 -4.31 -3.15 -2.31 -1.00 0.04 0.17 0.00 -0.00 0.00 0.00 3.58 2.93 3.63 3.00 3.00 3.00 3.00 3.00 3.00 1.93 1.93 1.37 2.00 2.00 2.00 2.00 4.00 4.42 3.00 2.00 2.00 1.37 1.00 1.87 0.00 0.00 0.00 0.00 0.00 0.00 0.00 0.00 0.00 0.00 0.00 0.00 0.00 0.00 0.00 0.00 0.00 0.00 0.00
-11.04 -10.82 -10.00 -9.13 -8.90 -8.07 -8.00 -7.96 -7.21 -6.99 -7.01 -6.51 -5.99 -6.00 -6.00 -5.99 -5.07 -5.00 -5.06 -6.57 -9.23 -8.93 -6.12 -4.09 -7.69 -4.96 -3.83 -2.96 -1.35 0.02 0.19 -0.00 -0.00 -0.00 -0.00 4.00 3.95 4.00 3.00 3.00 3.00 3.00 3.00 3.00 2.95 2.95 1.00 2.03 2.00 2.00 2.00 4.00 4.00 3.00 2.00 2.00 1.00 0.93 0.89 0.00 0.00 0.00 0.00 0.00 0.00 0.00 0.00 0.00 0.00 0.00 0.00 0.00 0.00 0.00 0.00 0.00 0.00 0.00
-10.19 -10.18 -9.99 -9.25 -8.97 -8.08 -8.00 -8.00 -7.24 -6.99 -7.00 -6.74 -6.07 -6.00 -5.85 -5.35 -5.04 -4.98 -5.26 -7.65 -9.86 -8.66 -5.36 -3.83 -8.25 -5.62 -4.53 -3.62 -1.97 -0.50 0.01 0.13 0.14 0.06 0.03 4.00 4.00 4.00 3.00 3.00 3.00 3.00 3.00 3.00 3.00 2.81 1.00 0.93 2.00 2.00 2.00 4.00 4.02 3.00 2.00 1.81 1.19 3.52 4.19 0.00 0.00 0.00 0.00 0.00 0.00 0.00 0.00 0.00 0.00 0.00 0.00 0.00 0.00 0.00 0.00 0.00 0.00 0.00
-9.97 -9.98 -9.99 -9.29 -8.96 -8.05 -8.01 -7.88 -7.12 -6.99 -6.97 -6.35 -5.99 -6.01 -5.74 -5.39 -5.66 -5.38 -6.15 -9.03 -10.21 -7.86 -4.83 -3.79 -4.84 -6.32 -5.25 -4.28 -2.85 -1.53 -0.82 -0.43 -0.25 -0.17 -0.01 4.07 4.07 4.07 3.00 3.00 3.00 3.00 3.00 3.00 3.00 1.94 1.00 1.00 2.00 2.00 2.00 4.00 3.43 3.07 2.00 0.94 1.92 5.18 4.64 0.00 0.00 0.00 0.00 0.00 0.00 0.00 0.00 0.00 0.00 0.00 0.00 0.00 0.00 0.00 0.00 0.00 0.00 0.00
-10.01 -10.00 -9.99 -9.30 -8.97 -8.28 -7.99 -8.00 -7.38 -7.00 -6.86 -6.04 -6.00 -5.98 -5.35 -5.74 -6.02 -5.98 -6.40 -8.79 -10.01 -7.89 -5.35 -4.54 -2.99 -7.22 -5.94 -4.94 -3.85 -2.89 -2.30 -1.85 -1.37 -0.90 -0.35 3.26 3.24 3.22 3.12 3.00 3.00 3.00 3.00 3.00 3.00 2.00 1.00 1.00 2.00 2.00 2.00 4.05 2.99 2.09 2.00 1.00 3.82 4.09 4.00 0.00 0.00 0.00 0.00 0.00 0.00 0.00 0.00 0.00 0.00 0.00 0.00 0.00 0.00 0.00 0.00 0.00 0.00 0.00
-10.01 -10.00 -10.02 -9.79 -8.97 -8.32 -8.00 -8.00 -7.92 -7.00 -6.96 -6.45 -6.02 -6.00 -6.05 -6.01 -6.00 -5.98 -6.42 -8.30 -9.92 -8.39 -6.02 -4.98 -3.89 -1.55 -5.63 -5.59 -4.56 -3.65 -3.44 -3.32 -2.73 -2.13 -1.86 -0.73 -0.34 0.04 0.41 2.69 2.73 2.87 3.02 3.00 3.00 2.00 1.00 1.00 2.01 2.01 1.85 2.94 3.01 2.00 1.86 1.15 4.14 4.14 5.98 0.00 0.00 0.00 0.00 0.00 0.00 0.00 0.00 0.00 0.00 0.00 0.00 0.00 0.00 0.00 0.00 0.00 0.00 0.00
-10.00 -9.92 -9.85 -9.75 -9.00 -8.69 -7.99 -8.00 -7.93 -7.19 -7.31 -7.18 -6.64 -6.10 -5.96 -5.97 -5.97 -6.27 -6.96 -7.91 -8.90 -8.24 -6.39 -5.56 -4.56 -2.94 -0.99 -6.63 -5.21 -4.25 -4.09 -4.13 -3.86 -3.61 -3.69 -0.48 -0.12 0.23 0.57 0.55 0.89 1.55 2.25 3.09 3.08 2.00 0.94 0.91 1.40 1.43 1.44 3.06 2.50 2.00 0.94 1.56 5.19 5.38 5.25 0.00 0.00 0.00 0.00 0.00 0.00 0.00 0.00 0.00 0.00 0.00 0.00 0.00 0.00 0.00 0.00 0.00 0.00 0.00
-9.99 -9.98 -9.97 -9.73 -9.00 -8.65 -7.99 -8.00 -8.00 -7.92 -7.97 -7.90 -7.04 -6.86 -6.31 -6.26 -6.48 -6.95 -7.08 -7.91 -8.10 -7.89 -6.55 -6.01 -5.33 -3.81 -2.30 -2.16 -5.90 -4.90 -4.27 -4.02 -4.42 -4.93 -5.05 -4.47 -4.03 -3.48 -2.96 0.45 0.77 1.06 1.32 1.76 1.96 2.01 1.87 2.22 2.36 1.82 2.01 2.13 1.99 2.00 1.00 0.99 3.39 0.66 0.66 0.00 -0.00 -0.00 -0.00 -0.00 -0.00 -0.00 -0.00 -0.00 -0.00 -0.00 -0.00 -0.00 -0.01 -0.01 -0.01 -0.01 -0.01 -0.01
-10.42 -9.99 -10.01 -9.68 -9.00 -8.64 -7.98 -7.98 -8.01 -8.00 -8.00 -8.00 -7.71 -7.07 -7.04 -7.04 -7.03 -7.00 -7.00 -7.29 -7.94 -7.99 -7.32 -6.15 -5.97 -4.78 -3.32 -2.72 -6.33 -5.83 -4.80 -4.03 -4.20 -4.61 -4.70 -4.65 -4.39 -4.15 -4.22 -0.28 -0.01 0.28 0.62 1.33 1.56 1.78 2.00 2.18 2.37 2.54 2.00 1.90 2.00 1.89 0.98 1.00 0.90 0.06 0.03 -0.00 0.03 0.06 0.07 0.06 0.06 0.06 0.06 0.06 0.06 0.06 0.06 0.06 0.09 0.13 0.13 0.13 0.13 0.13
-10.68 -10.03 -9.99 -9.42 -9.00 -8.62 -7.95 -7.61 -7.61 -7.84 -8.00 -8.00 -8.03 -7.82 -7.21 -6.96 -7.00 -7.00 -7.00 -6.97 -7.39 -7.53 -6.98 -6.82 -6.06 -5.40 -4.34 -3.17 -2.71 -4.86 -4.41 -3.70 -3.26 -3.14 -2.82 -2.80 -2.49 -2.38 -4.66 -5.48 -5.54 -5.46 -4.65 1.36 1.56 1.50 1.71 1.91 2.10 2.05 2.16 1.36 1.98 1.72 1.83 1.11 1.12 -0.10 0.01 0.09 0.01 -0.10 -0.13 -0.13 -0.12 -0.10 -0.12 -0.13 -0.12 -0.10 -0.09 -0.10 -0.22 -0.33 -0.36 -0.36 -0.36 -0.36
-10.99 -10.09 -10.00 -9.85 -9.14 -8.60 -8.00 -7.50 -7.10 -7.94 -8.00 -8.00 -8.00 -7.98 -7.49 -7.33 -7.01 -7.00 -7.00 -7.00 -7.01 -7.01 -7.01 -6.73 -6.04 -5.93 -4.99 -3.85 -3.10 -3.04 -3.29 -3.87 -3.76 -3.23 -2.80 -2.59 -1.85 -1.01 -1.60 -0.97 -4.86 -5.34 -4.98 -3.83 -3.00 1.20 1.41 1.62 1.81 2.00 2.18 2.26 2.36 2.64 2.76 -0.54 -0.60 -0.79 -0.28 0.12 -0.27 -0.78 -0.87 -0.84 -0.81 -0.79 -0.81 -0.83 -0.81 -0.78 -0.71 -0.77 -1.25 -1.74 -1.82 -1.79 -1.79 -1.79
-10.01 -10.00 -10.01 -9.67 -9.01 -8.59 -8.00 -7.66 -7.86 -8.00 -8.00 -8.00 -8.00 -8.00 -8.04 -7.92 -7.02 -7.00 -7.00 -7.00 -7.00 -7.00 -7.01 -6.64 -5.99 -6.01 -5.16 -4.39 -3.21 -3.00 -2.98 -3.15 -3.27 -3.35 -3.97 -3.30 -3.11 -2.84 -2.38 -1.56 -0.53 -0.28 -5.98 -6.12 -5.99 0.44 0.70 0.93 1.12 1.30 1.49 1.68 1.82 1.95 2.09 -2.50 -2.50 -2.44 -1.83 -1.38 -1.95 -2.57 -2.27 -1.90 -2.19 -2.50 -2.26 -2.02 -2.29 -2.63 -2.67 -2.69 -3.00 -3.21 -2.94 -2.60 -2.53 -2.54
-9.99 -10.00 -9.74 -9.07 -9.00 -8.95 -8.21 -8.03 -8.01 -8.00 -8.00 -8.00 -8.00 -8.00 -8.00 -7.91 -7.55 -7.07 -7.00 -7.00 -7.00 -7.00 -6.95 -6.23 -6.00 -5.97 -5.35 -4.82 -4.04 -3.24 -2.99 -2.96 -2.54 -2.80 -3.14 -3.67 -3.43 -3.89 -3.57 -3.19 -2.41 -1.61 -0.69 -0.06 -4.47 -4.80 -7.81 -7.20 -6.87 -6.93 -6.48 -6.03 -6.06 -6.09 -5.63 -4.83 -4.94 -5.04 -4.50 -4.02 -4.32 -4.65 -4.29 -3.95 -4.43 -4.84 -4.19 -3.54 -4.15 -4.67 -4.61 -4.43 -4.42 -4.33 -3.89 -3.46 -3.52 -3.68
-9.99 -10.00 -9.88 -9.36 -8.99 -9.01 -8.76 -8.00 -8.00 -8.00 -8.00 -8.00 -8.00 -8.00 -8.00 -7.70 -7.58 -7.65 -7.00 -7.00 -7.00 -7.00 -6.98 -6.80 -6.75 -6.35 -6.23 -5.50 -4.71 -3.94 -3.00 -2.99 -2.88 -2.93 -2.99 -3.43 -3.73 -3.96 -4.14 -4.16 -3.95 -3.36 -2.68 -1.91 -1.17 -1.68 -2.07 -1.74 -7.81 -7.44 -7.36 -7.36 -7.39 -7.41 -7.33 -7.30 -7.87 -7.97 -7.89 -7.20 -6.64 -6.36 -6.72 -7.19 -7.44 -7.32 -6.26 -5.19 -1.06 -1.13 -1.06 -0.97 -1.14 -1.38 -0.87 -0.87 -1.34 -1.39
-10.00 -10.00 -9.93 -9.03 -9.00 -9.00 -8.84 -8.01 -8.00 -8.00 -8.00 -8.00 -8.00 -8.00 -8.00 -8.02 -7.98 -7.61 -7.00 -7.00 -7.00 -7.00 -7.00 -7.00 -7.00 -7.02 -7.01 -6.49 -5.75 -4.52 -3.65 -3.13 -3.00 -2.99 -3.05 -3.70 -4.00 -3.99 -4.62 -5.04 -5.01 -4.75 -4.72 -4.17 -4.13 -3.83 -2.54 -2.51 -1.67 -1.27 -0.77 -0.71 -0.51 -0.42 0.06 -0.37 -0.15 -4.67 0.10 -0.33 -0.34 0.07 0.07 -0.30 -0.25 -0.10 -0.29 -0.66 -1.31 -1.31 -1.30 -1.32 -1.91 -1.95 -1.87 -1.88 -1.94 -1.94
-10.27 -9.99 -9.73 -9.01 -9.00 -9.00 -8.97 -8.34 -7.99 -8.00 -8.00 -8.00 -8.03 -8.04 -8.03 -7.94 -7.78 -7.03 -7.00 -7.00 -7.00 -7.00 -7.00 -7.00 -7.00 -7.00 -7.01 -7.07 -6.64 -5.56 -4.66 -4.29 -3.72 -3.40 -3.81 -4.03 -4.14 -4.59 -4.85 -5.07 -5.51 -5.49 -5.25 -5.28 -5.24 -4.94 -4.67 -4.81 -4.39 -3.75 -3.74 -3.72 -3.49 -2.74 -2.32 -2.51 -2.54 -1.68 -1.78 -1.81 -1.81 -1.40 -1.44 -1.79 -2.39 -2.14 -2.39 -2.33 -2.41 -2.43 -2.43 -2.42 -2.37 -2.13 -2.08 -2.12 -2.33 -2.33
-10.02 -10.00 -9.81 -9.02 -9.01 -9.00 -9.00 -8.32 -7.99 -8.00 -8.02 -7.97 -7.48 -7.46 -7.47 -7.21 -7.07 -7.00 -7.00 -7.00 -7.00 -7.00 -7.00 -7.00 -7.00 -7.02 -6.96 -6.60 -6.47 -5.99 -5.67 -5.06 -4.79 -4.71 -4.35 -4.68 -4.87 -5.02 -5.05 -5.71 -5.94 -6.01 -5.96 -5.96 -5.96 -5.97 -5.81 -5.97 -5.78 -5.66 -5.58 -5.53 -5.09 -4.76 -5.00 -4.81 -4.66 -4.67 -4.49 -4.48 -4.46 -4.45 -4.41 -4.42 -3.92 -3.89 -3.84 -3.67 -3.03 -2.99 -3.02 -3.02 -3.02 -2.86 -2.80 -2.83 -3.00 -2.99
-9.98 -10.00 -9.90 -9.02 -8.93 -8.22 -8.41 -8.19 -7.99 -8.01 -7.84 -7.80 -7.02 -6.99 -6.99 -7.00 -7.00 -7.00 -7.00 -7.00 -7.00 -7.00 -7.00 -7.00 -7.00 -6.84 -6.13 -5.98 -5.99 -6.01 -5.73 -5.20 -5.01 -5.00 -5.01 -5.00 -5.00 -5.00 -5.01 -5.10 -5.64 -6.02 -6.01 -6.01 -6.00 -6.00 -6.00 -5.99 -6.25 -6.81 -6.68 -6.68 -6.40 -6.55 -7.23 -7.65 -7.46 -6.06 -5.19 -5.00 -5.00 -5.40 -6.48 -6.07 -5.03 -4.22 -3.44 -3.03 -3.29 -3.28 -3.02 -3.00 -3.00 -2.99 -3.20 -3.89 -3.92 -3.54
-10.08 -10.00 -9.78 -9.01 -9.00 -8.52 -7.95 -7.98 -8.01 -7.87 -7.04 -7.02 -7.01 -7.00 -7.00 -7.00 -7.00 -7.00 -7.00 -7.00 -7.00 -7.00 -7.00 -7.00 -6.95 -6.26 -5.97 -6.00 -6.00 -6.00 -6.03 -5.41 -4.72 -5.01 -5.00 -4.96 -4.75 -4.76 -4.74 -4.48 -4.76 -5.18 -5.33 -5.35 -5.75 -5.81 -5.85 -6.02 -6.25 -6.28 -6.21 -6.16 -6.25 -6.97 -8.52 -8.65 -7.80 -6.60 -5.79 -5.79 -6.38 -6.87 -7.96 -7.78 -7.26 -4.87 -3.99 -3.97 -3.97 -3.64 -3.01 -2.90 -2.99 -3.14 -3.99 -4.59 -4.92 -4.93
-10.02 -10.01 -9.58 -9.00 -9.00 -8.95 -8.43 -8.00 -7.97 -7.28 -6.94 -6.99 -7.00 -7.00 -7.00 -7.00 -7.00 -7.00 -7.00 -7.00 -7.00 -7.00 -7.00 -7.00 -6.91 -6.45 -6.02 -6.00 -6.00 -6.00 -6.00 -5.72 -5.00 -5.00 -5.00 -4.54 -3.99 -4.00 -4.00 -3.99 -4.00 -4.10 -4.27 -4.30 -4.68 -4.75 -4.91 -5.41 -5.77 -5.74 -5.76 -5.99 -6.04 -6.42 -7.73 -8.74 -8.33 -8.02 -7.59 -6.98 -7.00 -7.30 -7.44 -7.69 -7.39 -4.50 -3.92 -3.95 -3.87 -3.54 -3.07 -2.85 -3.04 -3.21 -4.00 -4.08 -4.77 -4.97
-10.00 -9.98 -9.18 -8.99 -9.00 -8.98 -8.11 -8.00 -7.89 -7.61 -7.61 -7.13 -7.00 -7.00 -7.00 -7.00 -7.00 -7.00 -7.00 -7.00 -7.00 -7.00 -7.00 -7.00 -7.00 -6.99 -6.34 -5.99 -6.00 -6.00 -6.00 -5.89 -5.01 -5.00 -5.00 -4.32 -3.99 -4.00 -4.00 -4.00 -4.02 -4.04 -3.89 -3.50 -3.85 -3.85 -3.90 -4.19 -4.85 -4.89 -4.89 -5.18 -5.25 -5.86 -6.24 -7.36 -8.67 -8.99 -8.24 -7.05 -7.02 -7.16 -7.08 -7.03 -6.11 -5.02 -4.61 -4.62 -4.39 -3.98 -3.97 -3.95 -3.96 -3.96 -3.98 -4.10 -4.48 -4.63
-10.25 -9.79 -9.18 -9.00 -9.00 -8.97 -8.08 -8.00 -8.01 -8.04 -7.86 -7.20 -6.99 -7.00 -7.00 -7.00 -7.00 -7.00 -7.00 -7.00 -7.00 -7.00 -7.00 -7.00 -7.00 -7.01 -6.79 -5.99 -6.00 -6.00 -6.01 -5.89 -5.01 -5.01 -4.55 -4.21 -4.00 -4.00 -4.00 -3.99 -3.38 -3.24 -3.21 -2.96 -2.94 -2.94 -2.94 -3.21 -3.74 -3.89 -3.93 -4.26 -4.37 -4.85 -5.19 -5.46 -6.07 -6.66 -6.70 -6.38 -6.47 -6.47 -6.49 -6.51 -6.44 -6.05 -6.06 -6.07 -5.84 -5.43 -5.42 -5.28 -4.52 -4.79 -4.73 -4.99 -5.62 -6.01
-10.45 -10.02 -9.83 -9.00 -9.00 -8.98 -8.20 -8.00 -8.00 -8.00 -7.81 -7.72 -7.01 -7.00 -7.00 -7.01 -7.05 -7.00 -7.00 -7.00 -7.00 -7.00 -7.00 -7.00 -7.00 -6.96 -6.40 -6.00 -6.02 -6.00 -5.79 -5.46 -5.00 -5.00 -4.84 -4.07 -4.00 -4.00 -4.02 -3.72 -3.03 -2.97 -2.98 -3.00 -3.01 -3.02 -2.79 -3.01 -3.02 -3.24 -3.33 -3.35 -3.86 -4.31 -4.57 -4.70 -4.72 -4.71 -4.95 -5.20 -5.40 -5.38 -5.37 -5.39 -5.76 -5.83 -5.84 -5.85 -5.88 -5.92 -6.01 -6.10 -5.99 -5.60 -5.19 -5.12 -5.60 -5.60
-10.28 -10.00 -9.87 -9.06 -9.00 -9.01 -8.70 -7.99 -8.00 -8.00 -8.00 -7.86 -7.00 -7.00 -7.01 -6.84 -6.41 -7.00 -7.00 -7.00 -7.00 -7.00 -7.00 -7.00 -7.01 -6.40 -6.00 -6.01 -5.83 -5.17 -5.03 -5.00 -5.00 -5.04 -4.46 -4.00 -4.00 -4.00 -3.95 -3.08 -3.00 -3.00 -3.00 -3.00 -2.94 -2.28 -2.29 -2.76 -2.48 -3.02 -3.01 -3.04 -3.13 -3.77 -3.99 -4.05 -4.02 -4.02 -4.17 -4.23 -4.23 -4.59 -4.80 -4.65 -4.98 -5.07 -5.07 -5.04 -5.04 -5.04 -5.18 -5.36 -5.39 -5.72 -5.01 -4.99 -5.68 -5.42
-11.49 -10.07 -9.93 -9.25 -8.99 -9.01 -8.71 -7.99 -8.00 -8.00 -7.96 -7.76 -7.00 -7.00 -6.97 -6.06 -6.00 -6.52 -6.82 -6.90 -6.98 -7.00 -7.00 -7.01 -6.79 -6.03 -6.00 -6.01 -5.64 -4.99 -5.00 -4.99 -4.92 -4.17 -4.03 -4.00 -4.00 -3.93 -3.26 -3.00 -3.00 -3.00 -3.00 -3.00 -2.94 -2.78 -2.86 -2.81 -2.59 -2.74 -2.55 -2.24 -2.58 -2.79 -3.01 -3.43 -3.95 -4.00 -3.99 -3.99 -3.99 -3.97 -3.95 -3.98 -4.37 -4.45 -4.45 -4.78 -4.94 -5.00 -4.99 -4.97 -4.98 -4.99 -5.01 -5.01 -5.00 -4.97
-12.12 -10.50 -9.98 -9.75 -9.05 -9.00 -8.88 -8.16 -7.99 -7.98 -7.44 -7.02 -7.00 -7.01 -6.88 -6.30 -5.99 -5.96 -6.05 -6.08 -6.89 -7.01 -7.00 -6.92 -6.49 -6.12 -5.99 -6.03 -5.70 -5.07 -5.01 -4.89 -4.17 -4.01 -4.00 -4.00 -3.98 -3.91 -3.16 -2.99 -3.00 -3.00 -3.00 -3.00 -3.00 -3.03 -3.06 -2.97 -2.33 -2.04 -1.97 -1.97 -1.97 -1.98 -1.98 -2.40 -3.22 -4.02 -4.02 -4.00 -4.00 -4.00 -4.00 -4.00 -4.03 -3.96 -3.96 -4.01 -4.20 -4.43 -4.43 -4.51 -4.84 -4.84 -4.84 -4.85 -4.85 -4.95
-12.15 -10.43 -9.98 -9.98 -9.05 -9.00 -9.01 -8.25 -7.99 -7.88 -7.03 -7.00 -7.00 -7.00 -6.37 -6.03 -6.00 -6.00 -6.00 -6.00 -6.38 -7.01 -7.01 -6.43 -6.00 -6.00 -6.02 -5.54 -5.05 -5.00 -5.00 -4.45 -3.98 -4.00 -4.00 -4.01 -3.33 -3.27 -3.12 -3.00 -3.00 -3.00 -3.00 -3.00 -3.00 -2.97 -2.63 -2.23 -1.99 -2.00 -2.00 -2.00 -2.00 -2.00 -1.99 -2.23 -2.94 -3.43 -3.84 -4.03 -4.00 -4.00 -4.00 -4.00 -4.00 -4.00 -4.00 -4.00 -3.99 -3.99 -3.99 -4.01 -4.06 -4.06 -4.06 -4.06 -4.05 -4.18
