Instances/NewYork/GMRTv3_3_20170611topo.asc
ncols 305
nrows 276
xllcorner -74.11322021484375
yllcorner 40.525073880520374
cellsize 5.4931640625E-4
nodata_value -2147483648
[rows 210 to 244 of 276, columns 78 to 155 of 305]
-5.94 -6.36 -5.95 -4.66 -4.30 -4.92 -4.93 -4.15 -3.50 -3.26 -2.99 -2.98 -2.98 -2.99 -2.99 -3.05 -3.14 -3.01 -3.09 -3.01 -3.00 -2.99 -2.76 -2.34 -2.12 -2.12 -2.12 -2.10 -2.36 -2.66 -2.36 -2.09 -2.09 -2.08 -2.08 -2.00 -2.01 -2.02 -2.01 -2.06 -2.06 -1.99 -2.14 -2.86 -3.30 -3.99 -3.97 -4.78 -5.47 -6.01 -6.01 -6.90 -7.00 -7.00 -6.99 -7.41 -8.10 -8.95 -9.18 -10.00 -9.98 -10.48 -10.95 -10.95 -11.40 -13.38 -14.01 -14.00 -13.93 -13.26 -12.99 -13.22 -13.98 -13.93 -13.42 -13.97 -14.00 -13.90
-6.00 -6.00 -6.00 -6.41 -6.62 -6.81 -6.85 -7.24 -7.00 -5.55 -4.30 -3.84 -3.98 -4.52 -4.51 -4.39 -4.34 -4.33 -4.57 -4.14 -4.24 -4.25 -4.06 -4.06 -4.20 -4.20 -4.15 -4.37 -4.41 -4.74 -4.99 -4.59 -4.46 -4.27 -4.02 -3.78 -2.86 -2.24 -2.35 -3.21 -3.61 -2.87 -2.70 -2.91 -3.03 -3.78 -4.29 -4.94 -5.65 -6.01 -6.02 -6.90 -7.00 -7.00 -7.06 -7.87 -8.06 -8.77 -9.23 -10.00 -10.00 -9.97 -10.20 -10.75 -11.37 -12.84 -13.99 -14.00 -14.01 -13.59 -12.99 -13.06 -13.27 -13.30 -13.37 -13.98 -14.00 -14.02
-5.24 -5.82 -6.06 -6.16 -6.32 -6.60 -7.03 -7.54 -8.05 -7.68 -7.50 -7.40 -6.76 -6.91 -6.92 -6.59 -6.16 -6.18 -6.57 -5.89 -6.08 -6.29 -5.85 -5.85 -5.91 -5.98 -6.71 -6.86 -7.37 -7.57 -7.81 -7.07 -7.11 -6.89 -6.74 -6.85 -5.68 -4.30 -4.44 -4.77 -4.96 -4.75 -3.99 -3.74 -3.80 -4.53 -4.96 -5.10 -5.87 -6.00 -6.03 -6.91 -7.00 -7.00 -7.08 -7.97 -8.12 -8.99 -9.41 -10.03 -10.00 -10.00 -10.11 -10.22 -10.88 -12.84 -14.01 -14.00 -13.99 -13.09 -13.00 -12.99 -13.30 -13.91 -14.04 -14.00 -14.00 -14.01
-4.93 -4.97 -4.73 -4.34 -5.51 -5.98 -6.33 -6.92 -7.41 -7.98 -8.02 -7.60 -6.99 -7.02 -7.01 -7.02 -6.95 -6.11 -6.09 -6.10 -6.76 -6.32 -6.00 -6.07 -6.48 -6.61 -7.06 -7.61 -7.40 -7.50 -7.26 -7.10 -7.32 -7.03 -7.00 -7.23 -7.58 -6.41 -5.70 -5.58 -5.03 -4.94 -4.81 -4.83 -4.99 -4.97 -5.00 -5.15 -6.00 -6.00 -6.03 -6.92 -7.00 -7.00 -7.09 -7.96 -7.99 -8.49 -9.10 -9.64 -9.97 -10.00 -10.00 -9.99 -10.22 -11.66 -13.45 -14.00 -14.01 -13.75 -13.00 -13.00 -13.09 -13.11 -13.17 -13.88 -14.00 -14.00
-4.10 -4.12 -3.95 -3.94 -4.46 -5.57 -5.32 -5.35 -6.07 -7.12 -7.90 -7.39 -7.39 -7.65 -6.84 -7.09 -6.92 -6.19 -6.05 -6.19 -6.21 -5.99 -6.63 -6.72 -7.16 -7.22 -7.63 -8.04 -7.85 -7.08 -6.78 -6.94 -7.36 -7.46 -7.15 -6.88 -7.52 -6.55 -5.94 -4.57 -3.60 -3.25 -3.33 -3.51 -3.81 -4.05 -4.64 -5.06 -5.78 -6.01 -6.04 -6.95 -7.00 -7.00 -7.05 -7.72 -8.06 -8.71 -9.03 -9.28 -9.95 -10.00 -10.00 -10.00 -9.97 -10.91 -13.01 -14.00 -14.00 -13.97 -13.29 -12.99 -12.99 -12.98 -12.96 -13.43 -14.04 -14.00
-3.99 -3.99 -4.00 -4.00 -4.05 -3.66 -2.97 -2.33 -2.62 -4.50 -7.06 -8.14 -8.13 -8.25 -7.92 -7.34 -7.41 -7.29 -6.78 -7.05 -6.96 -6.62 -7.21 -7.32 -7.96 -7.93 -7.98 -8.06 -7.95 -7.13 -7.08 -7.38 -7.88 -7.12 -7.00 -6.84 -6.94 -6.34 -4.75 -2.49 -2.00 -2.03 -2.10 -2.84 -3.07 -3.34 -4.05 -4.79 -5.51 -6.04 -6.01 -6.53 -7.02 -7.00 -7.10 -7.97 -8.16 -9.03 -9.05 -9.73 -10.04 -10.00 -10.03 -10.00 -10.00 -10.96 -12.85 -14.56 -14.00 -14.01 -13.36 -12.99 -12.99 -13.19 -13.10 -13.26 -13.66 -14.01
-4.00 -4.00 -4.00 -4.00 -4.01 -3.47 -2.54 -1.98 -1.98 -2.26 -3.10 -3.66 -4.84 -5.57 -7.14 -7.56 -7.96 -7.97 -7.74 -7.22 -7.94 -7.91 -7.97 -7.52 -8.25 -8.84 -8.03 -7.15 -7.13 -6.45 -7.17 -7.97 -7.98 -7.80 -7.78 -7.78 -7.70 -6.69 -4.34 -2.00 -2.00 -2.00 -1.99 -2.30 -2.99 -3.04 -3.65 -4.16 -4.99 -5.50 -6.00 -6.12 -6.85 -7.01 -6.99 -7.45 -8.09 -8.77 -9.00 -9.01 -9.63 -9.97 -9.39 -8.99 -9.44 -10.08 -11.65 -13.87 -14.00 -14.01 -13.33 -12.99 -13.00 -13.03 -13.02 -12.99 -13.10 -13.90
-4.00 -4.00 -4.00 -4.00 -4.01 -3.92 -2.94 -2.47 -2.49 -3.33 -4.20 -4.95 -6.06 -7.10 -7.05 -7.63 -7.97 -8.01 -7.86 -7.49 -7.97 -8.01 -8.00 -8.30 -8.74 -7.82 -7.66 -7.40 -7.47 -6.38 -6.93 -8.21 -8.08 -8.02 -8.00 -7.57 -7.03 -7.05 -5.95 -2.34 -1.99 -2.00 -2.00 -2.01 -2.68 -3.00 -3.08 -4.09 -5.01 -5.22 -6.01 -6.08 -6.81 -7.01 -7.01 -7.57 -7.99 -8.54 -9.01 -9.00 -8.98 -9.09 -9.23 -9.08 -9.83 -9.98 -10.76 -13.12 -14.06 -14.02 -13.37 -12.99 -13.00 -13.00 -13.00 -13.00 -13.72 -13.89
-4.00 -4.00 -3.99 -4.04 -3.96 -3.89 -4.60 -5.33 -6.48 -7.03 -7.14 -7.74 -7.56 -7.95 -7.85 -8.02 -8.00 -8.00 -8.00 -8.00 -7.99 -7.99 -8.55 -8.37 -8.83 -7.17 -7.09 -7.70 -8.00 -7.24 -7.09 -8.93 -8.75 -7.96 -7.97 -7.66 -7.61 -7.74 -6.56 -3.00 -1.97 -2.01 -2.00 -1.98 -2.44 -3.00 -3.50 -4.06 -4.73 -5.30 -6.03 -6.03 -6.79 -7.01 -7.10 -7.90 -7.99 -8.58 -9.01 -9.00 -9.00 -9.03 -9.25 -9.01 -9.13 -9.45 -10.83 -13.09 -14.53 -14.08 -13.84 -13.03 -13.00 -13.00 -13.00 -13.00 -13.56 -14.02
-4.00 -3.92 -3.20 -3.43 -3.02 -3.11 -5.30 -6.98 -7.36 -7.96 -8.00 -8.00 -7.98 -8.00 -8.00 -8.00 -8.00 -8.00 -8.00 -8.00 -8.09 -8.77 -9.02 -8.75 -7.86 -6.16 -6.51 -7.21 -8.01 -7.98 -7.97 -8.41 -8.99 -8.87 -8.86 -8.86 -8.69 -7.99 -7.54 -5.25 -2.19 -1.91 -2.00 -1.99 -2.47 -3.00 -3.55 -4.00 -4.63 -5.08 -5.79 -6.00 -6.74 -7.00 -6.98 -7.51 -8.01 -8.61 -9.01 -9.00 -9.00 -9.00 -9.00 -9.00 -8.99 -9.16 -10.29 -11.87 -14.51 -14.71 -14.00 -13.62 -12.99 -13.00 -13.00 -12.99 -13.20 -14.02
-4.01 -3.29 -2.97 -3.07 -3.85 -3.08 -3.49 -4.70 -5.67 -7.51 -8.01 -8.00 -8.00 -8.00 -8.00 -8.00 -8.00 -8.00 -8.03 -8.00 -8.34 -9.06 -8.61 -8.12 -6.84 -6.26 -6.67 -7.19 -7.99 -8.40 -8.77 -9.09 -9.56 -9.16 -9.02 -8.85 -9.31 -7.96 -7.28 -6.28 -3.62 -1.86 -1.98 -1.99 -2.48 -3.00 -3.57 -4.00 -4.64 -4.99 -5.72 -6.01 -6.21 -6.99 -7.08 -7.77 -8.11 -8.82 -9.01 -9.00 -9.00 -9.00 -9.00 -9.00 -9.00 -9.08 -9.76 -11.31 -13.56 -14.64 -13.96 -13.46 -12.98 -12.98 -13.02 -13.09 -13.29 -13.68
-3.96 -3.23 -2.99 -3.04 -3.58 -3.97 -5.57 -6.09 -6.98 -7.58 -8.01 -8.03 -8.00 -8.00 -7.94 -8.00 -8.00 -7.97 -7.51 -7.82 -8.17 -8.42 -7.47 -7.63 -7.13 -7.02 -6.99 -7.43 -7.92 -8.95 -9.37 -10.03 -9.90 -9.26 -9.66 -9.21 -9.54 -7.95 -8.00 -7.24 -4.92 -2.44 -1.95 -1.96 -2.47 -3.00 -3.59 -4.00 -4.70 -5.00 -5.59 -5.99 -6.81 -7.01 -7.13 -7.93 -7.98 -8.61 -9.01 -9.00 -9.00 -9.00 -9.00 -9.00 -9.00 -9.18 -10.00 -11.55 -13.74 -14.83 -14.14 -13.51 -13.15 -13.32 -13.10 -13.81 -13.87 -14.01
-3.66 -2.98 -3.00 -2.99 -3.79 -6.41 -7.00 -6.99 -7.36 -7.70 -7.94 -7.67 -8.00 -8.00 -7.68 -8.00 -8.01 -7.38 -7.09 -7.83 -8.00 -7.99 -7.95 -7.82 -7.00 -6.97 -7.20 -7.55 -8.06 -8.95 -9.65 -9.46 -9.99 -9.88 -10.62 -9.44 -8.45 -8.46 -8.07 -7.94 -6.25 -4.12 -2.63 -2.24 -2.92 -2.99 -3.60 -4.01 -4.18 -4.96 -5.09 -5.97 -6.28 -7.00 -6.99 -7.58 -8.00 -8.65 -9.01 -9.00 -9.00 -9.00 -9.00 -9.00 -9.00 -8.99 -9.61 -10.58 -13.47 -14.99 -14.24 -13.99 -13.54 -13.73 -13.58 -13.82 -14.01 -14.01
-3.85 -3.11 -3.00 -3.13 -4.36 -6.51 -7.04 -7.04 -7.32 -7.51 -6.55 -6.75 -7.36 -7.69 -8.04 -8.00 -8.00 -7.97 -7.98 -8.02 -8.00 -8.00 -8.00 -7.91 -7.32 -7.82 -7.96 -7.84 -8.01 -8.39 -9.74 -9.92 -10.15 -10.83 -10.83 -9.60 -8.45 -8.80 -8.47 -8.03 -7.18 -6.17 -4.69 -3.39 -2.99 -2.99 -3.61 -4.01 -4.05 -4.96 -5.09 -5.96 -6.10 -6.91 -6.99 -7.25 -7.95 -8.57 -9.01 -9.00 -9.00 -9.00 -9.00 -9.00 -9.00 -8.99 -9.37 -10.78 -12.65 -14.88 -14.31 -13.99 -13.20 -13.29 -13.73 -13.72 -13.83 -13.80
-4.03 -3.37 -3.00 -3.03 -4.25 -6.48 -6.60 -5.96 -4.88 -5.32 -7.20 -7.91 -8.01 -8.02 -8.00 -8.00 -8.00 -8.00 -8.01 -8.00 -8.00 -8.00 -8.00 -8.01 -8.03 -8.09 -8.49 -7.56 -7.82 -7.77 -9.31 -10.04 -10.36 -11.04 -10.99 -10.53 -8.88 -8.02 -8.29 -8.03 -8.24 -7.84 -7.52 -5.66 -3.57 -3.00 -3.22 -3.95 -4.04 -4.76 -5.07 -5.79 -5.99 -6.53 -7.01 -7.16 -7.94 -8.06 -8.81 -9.00 -9.00 -9.00 -9.00 -9.00 -9.00 -9.00 -8.98 -9.63 -11.62 -14.05 -14.93 -14.34 -13.76 -13.05 -13.62 -13.24 -13.67 -13.99
-4.00 -3.87 -3.00 -3.00 -3.04 -4.18 -4.19 -4.08 -4.32 -5.83 -7.24 -8.01 -8.00 -8.00 -8.00 -8.00 -8.00 -8.00 -8.00 -8.00 -7.99 -7.98 -7.98 -7.99 -7.98 -8.54 -8.68 -7.45 -7.70 -7.97 -8.55 -9.76 -10.80 -10.83 -10.09 -9.36 -8.73 -7.75 -8.36 -8.24 -8.58 -8.51 -8.68 -7.82 -5.81 -3.25 -3.00 -3.94 -4.01 -4.52 -5.09 -5.87 -5.99 -6.54 -7.00 -7.61 -8.02 -7.99 -8.36 -9.01 -9.00 -9.00 -9.00 -9.00 -9.00 -9.00 -8.99 -9.31 -10.90 -13.72 -14.93 -14.19 -13.82 -13.50 -13.59 -13.96 -13.97 -14.00
-3.91 -3.96 -3.32 -2.98 -2.99 -3.14 -4.38 -7.10 -7.69 -8.08 -8.03 -7.99 -8.00 -8.00 -8.00 -8.00 -8.00 -8.00 -8.00 -8.04 -8.26 -8.32 -8.37 -8.47 -8.98 -9.09 -8.31 -6.92 -7.72 -7.87 -8.07 -9.44 -10.85 -9.83 -9.56 -8.98 -8.93 -8.25 -8.29 -8.22 -7.97 -7.75 -7.96 -8.63 -7.91 -5.58 -3.86 -3.98 -4.01 -4.56 -5.06 -5.73 -5.99 -6.56 -7.00 -7.55 -7.99 -7.99 -8.37 -9.01 -9.00 -9.00 -9.00 -9.00 -9.00 -9.00 -8.99 -9.32 -10.84 -13.46 -14.77 -14.24 -13.90 -13.18 -12.96 -13.66 -14.02 -13.87
-3.15 -3.91 -3.84 -3.24 -2.99 -2.97 -4.08 -6.79 -7.99 -7.23 -7.82 -7.80 -8.01 -8.00 -7.99 -7.98 -8.00 -8.00 -8.00 -8.06 -8.95 -9.02 -9.05 -9.05 -8.98 -9.19 -8.80 -7.81 -7.94 -7.87 -8.05 -9.01 -10.89 -10.12 -9.03 -8.69 -8.21 -8.61 -8.89 -8.17 -7.72 -7.43 -7.99 -8.64 -8.87 -8.01 -5.22 -3.96 -4.02 -4.59 -5.00 -5.50 -6.00 -6.58 -7.01 -7.02 -7.72 -8.00 -8.27 -8.99 -9.00 -9.00 -9.00 -9.00 -9.00 -9.00 -9.00 -9.13 -10.08 -12.84 -14.65 -14.51 -13.99 -13.42 -12.98 -13.32 -13.91 -13.44
-2.99 -3.73 -4.03 -3.82 -3.03 -3.19 -5.23 -7.09 -7.97 -7.61 -7.94 -7.97 -8.00 -7.99 -8.12 -8.20 -7.98 -7.97 -8.01 -8.55 -9.00 -9.00 -9.00 -8.99 -9.37 -9.63 -9.57 -8.63 -7.99 -8.00 -7.99 -8.52 -10.05 -10.22 -8.85 -8.02 -8.56 -8.97 -8.93 -8.47 -7.76 -8.28 -8.17 -8.22 -9.03 -8.93 -7.80 -4.78 -4.02 -4.98 -4.99 -5.51 -6.00 -6.59 -7.01 -7.05 -7.93 -8.00 -8.01 -8.26 -8.99 -9.00 -9.00 -9.00 -9.00 -9.00 -9.00 -8.99 -9.88 -12.05 -14.11 -14.55 -14.10 -13.42 -13.00 -12.99 -13.36 -13.96
-3.00 -3.00 -3.60 -4.01 -3.47 -3.48 -6.01 -7.72 -8.00 -8.02 -8.00 -8.00 -8.00 -8.06 -8.50 -8.51 -8.25 -8.42 -8.40 -9.03 -9.00 -9.00 -9.00 -8.99 -9.34 -8.68 -8.83 -8.43 -8.09 -8.00 -8.00 -8.02 -9.47 -9.98 -9.34 -8.58 -8.88 -8.93 -9.84 -9.22 -8.54 -8.23 -8.35 -8.00 -8.73 -9.87 -9.28 -6.76 -5.20 -5.00 -4.99 -5.51 -6.01 -6.60 -7.02 -7.06 -7.96 -8.00 -8.00 -8.12 -8.99 -9.00 -9.00 -9.00 -9.00 -9.00 -9.00 -8.99 -9.86 -11.81 -14.00 -15.01 -14.17 -13.99 -13.07 -13.00 -12.97 -13.70
-3.00 -3.00 -2.98 -3.33 -3.57 -3.17 -5.33 -7.96 -8.00 -8.00 -8.00 -8.00 -7.99 -8.60 -9.10 -9.08 -9.03 -8.68 -8.52 -9.01 -9.00 -9.00 -9.00 -9.00 -8.96 -8.53 -8.23 -8.53 -8.13 -8.06 -8.00 -7.99 -8.35 -9.87 -10.57 -9.26 -8.38 -7.57 -8.52 -8.61 -9.03 -8.12 -7.98 -8.42 -8.87 -9.27 -9.89 -9.82 -8.46 -6.04 -4.97 -5.15 -5.93 -6.21 -6.95 -7.04 -7.76 -8.00 -8.00 -8.04 -8.69 -9.00 -9.00 -9.00 -9.00 -9.00 -9.00 -8.99 -9.38 -10.71 -13.41 -14.89 -14.76 -13.78 -13.04 -13.00 -13.07 -13.24
-3.00 -3.00 -3.00 -2.99 -2.95 -3.91 -6.79 -8.00 -8.00 -8.00 -8.00 -8.00 -8.00 -8.16 -8.26 -8.26 -8.54 -9.02 -8.97 -9.01 -9.04 -9.04 -9.02 -8.97 -8.94 -8.40 -8.09 -8.22 -8.21 -8.46 -7.99 -7.99 -8.20 -9.68 -10.92 -9.42 -8.03 -7.24 -7.69 -8.64 -8.30 -8.04 -8.01 -9.36 -9.81 -9.17 -9.02 -10.02 -10.07 -7.57 -4.92 -5.24 -5.95 -6.03 -6.94 -6.98 -7.35 -8.01 -8.00 -7.99 -8.55 -9.02 -9.00 -9.00 -9.00 -9.00 -9.00 -9.00 -9.03 -10.13 -12.42 -14.71 -14.80 -13.86 -13.09 -12.97 -13.33 -13.83
-3.00 -3.00 -3.00 -2.98 -4.08 -6.41 -7.12 -7.97 -8.00 -8.00 -8.00 -8.00 -8.00 -8.00 -8.00 -7.98 -8.15 -8.88 -9.01 -8.92 -8.46 -8.50 -8.81 -8.88 -8.74 -8.04 -8.00 -8.02 -8.34 -8.00 -8.00 -8.02 -8.23 -8.97 -9.19 -9.00 -8.02 -7.85 -7.28 -7.97 -8.54 -8.98 -8.60 -9.23 -8.93 -9.46 -9.53 -9.63 -8.67 -6.51 -5.16 -5.20 -5.93 -6.05 -6.94 -7.06 -7.88 -8.00 -8.00 -8.00 -8.20 -8.94 -9.00 -9.00 -9.00 -9.00 -9.00 -9.00 -9.04 -9.66 -11.92 -14.33 -15.05 -14.35 -13.88 -13.14 -12.98 -13.25
-3.01 -3.01 -2.80 -3.31 -5.28 -7.26 -8.02 -8.02 -8.00 -7.99 -8.00 -8.00 -8.00 -8.00 -8.00 -7.99 -8.15 -8.87 -8.79 -8.48 -8.50 -8.69 -8.68 -8.82 -8.29 -7.92 -7.94 -8.19 -8.81 -7.97 -8.12 -8.59 -8.56 -8.55 -8.20 -8.31 -7.89 -8.15 -6.97 -7.95 -8.75 -8.96 -8.53 -8.06 -8.15 -8.68 -8.28 -9.91 -9.02 -6.70 -5.80 -5.89 -5.98 -6.05 -6.93 -7.02 -7.43 -7.95 -8.00 -7.99 -8.41 -8.98 -9.00 -9.00 -9.00 -9.00 -9.00 -8.87 -8.96 -9.20 -10.97 -13.66 -14.98 -14.30 -13.63 -12.97 -12.97 -13.04
-3.39 -2.99 -2.58 -3.55 -6.93 -6.92 -6.80 -7.79 -8.01 -7.74 -7.93 -8.00 -8.00 -8.00 -8.00 -8.00 -7.99 -8.18 -8.06 -8.04 -8.47 -8.09 -8.00 -8.46 -8.03 -7.70 -7.81 -8.00 -8.78 -8.66 -8.87 -9.00 -8.79 -8.81 -8.70 -8.02 -8.85 -10.09 -9.66 -8.65 -8.00 -9.08 -9.14 -8.88 -8.24 -9.43 -8.38 -10.09 -10.11 -9.09 -6.87 -5.93 -5.96 -5.99 -6.43 -7.00 -7.35 -7.98 -8.00 -7.99 -8.52 -9.00 -9.00 -9.00 -9.00 -9.00 -9.01 -8.54 -8.68 -9.04 -10.23 -12.35 -14.73 -14.80 -14.05 -13.74 -13.76 -13.28
-3.37 -2.99 -3.01 -2.94 -4.05 -4.73 -6.68 -7.89 -8.00 -8.02 -8.00 -8.00 -8.00 -8.00 -8.00 -8.00 -8.00 -8.00 -8.00 -8.06 -8.13 -7.99 -8.00 -7.99 -7.96 -8.01 -8.00 -8.01 -8.85 -9.01 -9.00 -8.58 -7.31 -8.70 -9.02 -8.67 -8.98 -9.01 -8.81 -8.47 -8.01 -8.54 -8.93 -9.78 -9.18 -10.38 -9.53 -9.97 -10.83 -10.97 -9.18 -7.47 -6.78 -6.12 -6.76 -6.99 -7.44 -8.01 -8.01 -8.00 -8.10 -8.93 -9.00 -9.00 -9.00 -9.00 -8.99 -8.44 -8.00 -8.57 -9.39 -11.44 -14.19 -15.03 -14.64 -14.00 -13.70 -13.16
-3.09 -3.00 -3.04 -3.98 -4.98 -6.07 -7.67 -8.01 -8.00 -8.00 -8.00 -8.00 -8.00 -8.00 -8.00 -8.00 -8.00 -8.00 -7.98 -7.98 -7.97 -8.00 -8.00 -8.01 -7.69 -7.98 -7.96 -7.83 -8.40 -8.67 -8.88 -8.06 -6.97 -8.78 -9.01 -9.03 -9.21 -9.93 -9.13 -8.74 -8.40 -8.83 -8.98 -9.67 -10.20 -9.19 -9.06 -9.63 -10.35 -11.45 -9.34 -7.69 -7.04 -6.85 -6.57 -7.09 -8.07 -8.42 -8.70 -8.36 -8.59 -8.99 -9.00 -9.09 -9.29 -9.22 -8.93 -7.97 -8.00 -7.97 -8.94 -11.45 -14.38 -15.13 -14.57 -13.95 -13.76 -13.79
-3.08 -3.00 -3.10 -6.08 -6.98 -7.51 -8.03 -8.00 -8.00 -8.00 -8.06 -8.05 -8.00 -8.07 -8.07 -7.99 -7.99 -7.98 -8.21 -8.66 -8.73 -8.38 -7.94 -7.95 -8.02 -8.00 -7.99 -7.95 -8.48 -8.48 -8.93 -8.78 -8.42 -8.90 -9.00 -8.99 -9.43 -9.57 -9.80 -9.29 -9.76 -8.92 -8.34 -8.33 -9.23 -8.47 -8.17 -7.73 -7.52 -8.30 -9.23 -8.36 -7.33 -6.91 -6.93 -7.00 -7.99 -8.58 -8.67 -8.97 -9.01 -9.00 -9.00 -9.07 -9.50 -9.24 -8.30 -7.99 -8.00 -7.99 -8.44 -10.65 -13.36 -14.90 -14.87 -13.98 -13.39 -13.10
-2.99 -2.99 -3.73 -6.18 -6.70 -5.68 -7.41 -8.02 -8.03 -7.94 -7.23 -7.27 -8.00 -6.94 -7.02 -8.12 -8.14 -8.86 -9.51 -9.03 -8.97 -8.15 -8.64 -8.52 -7.99 -7.95 -7.93 -8.03 -8.06 -8.34 -8.94 -8.99 -8.35 -8.64 -9.01 -9.00 -9.00 -8.99 -9.21 -8.67 -9.00 -8.85 -8.50 -8.69 -9.02 -8.33 -6.06 -4.53 -4.45 -7.00 -9.19 -9.90 -9.77 -9.54 -8.32 -7.38 -7.64 -8.19 -8.65 -8.51 -9.01 -9.00 -9.00 -9.00 -8.99 -8.99 -8.30 -7.99 -8.00 -7.99 -8.27 -9.74 -11.78 -14.71 -15.58 -14.76 -13.56 -13.09
-3.02 -3.00 -3.14 -3.50 -3.46 -3.37 -5.83 -6.22 -5.73 -4.77 -4.26 -4.69 -6.24 -6.82 -8.27 -9.03 -8.28 -9.00 -8.33 -8.62 -9.24 -8.87 -9.12 -8.34 -8.04 -8.27 -7.60 -8.40 -7.67 -7.76 -8.94 -8.87 -8.92 -9.03 -9.02 -9.02 -9.00 -9.00 -8.98 -8.83 -8.81 -9.05 -9.06 -9.02 -9.20 -6.82 -4.56 -4.89 -4.60 -5.06 -5.27 -6.50 -7.72 -9.17 -10.07 -9.90 -9.17 -8.37 -9.34 -9.28 -9.01 -8.96 -8.97 -9.00 -9.30 -9.27 -9.50 -8.32 -7.98 -7.99 -8.27 -9.60 -11.85 -14.76 -15.30 -14.39 -14.03 -13.67
-3.32 -2.99 -2.99 -2.94 -2.95 -3.08 -3.35 -3.04 -3.25 -3.93 -3.97 -3.94 -4.03 -4.83 -6.86 -6.46 -4.80 -6.59 -7.04 -9.23 -9.51 -8.49 -8.05 -8.03 -8.57 -9.35 -9.69 -9.03 -7.60 -7.64 -8.63 -8.69 -8.18 -8.40 -8.52 -8.75 -9.06 -9.05 -9.00 -9.01 -9.01 -9.08 -9.01 -9.18 -9.83 -7.93 -5.22 -4.71 -4.62 -4.98 -4.96 -5.09 -5.94 -6.29 -7.60 -8.25 -8.66 -8.36 -9.63 -10.98 -9.41 -8.87 -8.91 -9.00 -9.42 -9.04 -9.44 -8.68 -8.03 -8.00 -8.08 -8.55 -10.58 -13.65 -15.48 -14.76 -13.97 -13.33
-3.68 -3.03 -3.00 -3.00 -3.00 -3.00 -3.00 -3.00 -3.41 -4.01 -4.00 -4.00 -4.00 -3.93 -3.72 -4.13 -4.04 -7.13 -7.71 -8.38 -8.07 -7.87 -6.19 -8.22 -9.04 -10.20 -9.97 -9.09 -9.07 -8.86 -9.28 -8.80 -8.03 -8.01 -7.59 -7.84 -8.29 -8.44 -9.00 -9.02 -9.01 -9.22 -9.63 -10.04 -10.68 -8.82 -5.22 -4.99 -4.98 -5.00 -5.00 -5.08 -5.97 -5.99 -6.47 -7.00 -7.57 -8.00 -8.50 -10.87 -9.16 -9.00 -8.95 -8.25 -8.25 -8.02 -8.31 -8.63 -7.93 -7.77 -8.00 -8.33 -10.01 -12.73 -15.37 -15.11 -14.39 -13.81
-3.56 -3.02 -3.00 -3.00 -3.00 -3.00 -3.00 -3.00 -3.78 -4.00 -4.00 -4.00 -4.00 -4.01 -4.03 -3.96 -5.68 -8.15 -8.43 -7.78 -6.99 -8.96 -9.19 -8.09 -8.19 -6.62 -8.55 -8.91 -9.41 -9.24 -9.67 -8.23 -7.99 -8.00 -7.94 -7.26 -7.96 -8.15 -8.84 -9.03 -9.15 -9.32 -9.93 -10.50 -11.02 -9.13 -5.28 -4.99 -5.00 -5.00 -5.00 -5.08 -5.98 -5.99 -6.49 -7.01 -7.37 -7.97 -8.23 -8.99 -8.98 -9.00 -8.99 -9.41 -10.20 -8.97 -9.35 -8.22 -7.75 -8.26 -8.04 -8.88 -10.68 -13.06 -14.97 -14.95 -14.31 -14.02
-2.97 -3.00 -3.00 -3.00 -3.00 -3.00 -2.99 -3.27 -3.79 -4.00 -4.00 -4.00 -4.00 -4.00 -3.99 -4.19 -7.50 -7.92 -7.53 -8.66 -8.26 -9.15 -8.79 -8.53 -6.43 -4.95 -6.83 -8.17 -9.42 -9.49 -9.21 -8.24 -7.98 -7.96 -7.81 -7.66 -8.04 -8.44 -7.78 -8.25 -8.95 -8.02 -8.51 -9.54 -10.94 -9.90 -6.76 -4.97 -4.99 -5.00 -5.00 -5.07 -5.89 -6.02 -6.27 -6.93 -7.00 -7.93 -8.69 -9.00 -9.00 -9.00 -9.00 -9.24 -10.87 -11.41 -9.34 -9.60 -7.47 -7.14 -7.72 -8.89 -10.23 -12.41 -14.24 -14.84 -14.15 -14.00
-3.00 -3.00 -3.00 -3.00 -3.00 -3.00 -3.00 -3.04 -3.91 -4.00 -4.00 -4.00 -4.00 -4.00 -3.98 -4.02 -4.68 -4.83 -5.61 -5.39 -4.84 -6.71 -6.50 -7.58 -5.29 -4.44 -7.13 -7.17 -8.68 -9.20 -9.45 -8.38 -8.03 -8.59 -8.47 -9.45 -9.62 -8.77 -7.99 -8.77 -8.95 -6.54 -5.47 -6.48 -10.60 -10.86 -9.12 -6.01 -5.03 -5.00 -5.00 -5.06 -5.79 -6.05 -6.48 -6.95 -7.01 -7.53 -8.69 -9.01 -9.00 -9.00 -8.97 -9.00 -9.59 -9.82 -8.66 -8.03 -7.09 -6.99 -7.21 -8.14 -9.95 -11.90 -13.55 -14.52 -14.38 -13.99
