Instances/NewYork/GMRTv3_3_20170611topo.asc
ncols 305
nrows 276
xllcorner -74.11322021484375
yllcorner 40.525073880520374
cellsize 5.4931640625E-4
nodata_value -2147483648
[rows 140 to 174 of 276, columns 156 to 233 of 305]
-9.02 -7.27 -6.12 -5.91 -4.76 -4.51 -4.84 -5.45 -5.87 -6.22 -5.51 -5.33 -4.27 -2.82 -2.51 -2.95 -2.47 -2.37 -8.17 -8.05 -7.10 -6.03 -5.40 -4.98 -4.98 -4.99 -4.49 -3.99 -3.93 -3.99 -4.06 -3.93 -3.43 3.30 3.60 3.98 1.99 3.01 3.02 4.02 5.01 5.00 6.01 6.01 6.00 6.00 6.01 7.01 7.01 7.00 7.00 11.00 12.00 10.00 8.01 7.01 6.01 6.00 6.00 5.01 5.01 4.01 4.00 4.00 4.00 4.00 4.00 4.00 4.00 4.00 4.00 4.00 4.00 4.00 5.01 5.01 5.01 5.01
-10.92 -10.62 -9.94 -8.33 -6.49 -5.99 -5.45 -5.55 -5.92 -6.34 -6.99 -7.08 -6.85 -5.26 -3.97 -3.92 -4.33 -3.79 -3.12 -2.82 -2.52 -2.57 -2.32 -5.95 -5.20 -5.72 -5.41 -5.18 -5.27 -5.24 -4.56 -3.92 -4.18 2.76 3.11 3.45 3.96 2.41 1.87 2.67 3.70 4.77 4.67 4.93 6.03 6.03 6.00 5.93 5.93 6.74 6.74 11.00 12.00 10.03 6.93 5.93 6.00 6.00 5.74 5.00 3.93 4.00 4.00 4.00 4.00 4.00 4.00 4.00 4.00 4.00 4.00 4.00 4.00 4.00 3.93 3.93 3.93 3.93
-8.43 -9.96 -9.93 -8.40 -7.52 -7.01 -6.67 -6.55 -6.28 -6.00 -6.18 -7.05 -7.03 -6.88 -6.76 -6.76 -6.39 -5.90 -5.69 -5.20 -3.92 -3.08 -3.02 -2.73 -2.35 -3.92 -3.88 -7.26 -6.94 -6.71 -5.54 -4.53 -5.13 2.81 3.09 2.90 3.25 3.69 3.16 1.83 2.38 3.38 4.03 5.07 5.36 5.36 6.07 6.07 6.00 5.95 5.95 11.00 12.07 9.36 7.00 6.00 6.00 6.00 4.95 5.36 4.29 4.00 4.00 4.00 4.00 4.00 4.00 4.07 4.07 4.00 4.07 4.00 4.00 4.00 4.00 4.00 4.00 4.00
-8.04 -8.02 -8.02 -8.00 -8.01 -7.88 -7.57 -7.04 -7.00 -6.80 -6.55 -6.47 -6.96 -7.00 -7.00 -7.01 -6.66 -5.99 -6.01 -5.46 -4.22 -3.95 -3.93 -3.43 -3.36 -2.99 -2.96 -3.16 -8.24 -8.11 -6.88 -5.94 -6.49 -6.60 -5.22 2.32 2.69 3.04 3.38 3.62 0.96 1.98 3.07 4.07 5.03 5.03 5.07 5.04 6.03 6.00 6.00 11.03 11.04 9.00 7.00 6.00 6.00 6.03 5.00 0.20 0.16 4.00 4.00 4.00 4.00 4.00 4.03 3.04 3.04 4.03 3.04 4.03 4.03 4.00 4.03 4.00 4.00 4.00
-9.03 -8.13 -8.01 -8.01 -8.00 -8.01 -8.00 -7.35 -6.98 -7.01 -6.86 -6.52 -6.57 -6.77 -7.00 -6.93 -6.93 -6.22 -5.98 -6.04 -5.52 -4.29 -4.54 -4.53 -4.09 -3.90 -3.89 -3.89 -2.86 -2.71 -6.75 -6.88 -7.74 -8.38 -6.58 0.46 0.89 1.21 1.49 3.16 3.69 3.94 2.30 2.69 3.75 3.73 3.95 4.80 4.73 5.80 6.02 9.95 11.02 9.00 7.00 6.00 6.02 4.93 4.80 0.00 0.00 4.00 4.00 4.00 4.00 4.02 2.93 3.00 3.00 2.93 3.00 2.93 2.93 3.80 2.93 3.19 3.19 4.02
-9.05 -8.73 -8.51 -8.41 -8.13 -7.99 -7.96 -7.57 -7.53 -7.14 -6.68 -6.27 -6.17 -6.61 -6.57 -6.20 -6.47 -6.62 -6.45 -6.53 -6.64 -6.22 -6.55 -5.98 -5.24 -4.35 -3.98 -4.02 -3.84 -3.77 -3.45 -4.86 -8.47 -9.58 -7.75 -6.13 -4.95 -4.23 -4.26 3.02 3.39 3.71 4.07 3.29 2.56 3.16 3.65 3.95 3.88 4.95 5.42 9.42 10.42 9.07 7.07 6.00 5.42 5.35 4.23 0.00 0.00 4.28 4.28 4.00 4.07 3.42 3.00 3.00 3.00 3.00 3.00 3.00 3.00 3.16 3.21 -0.21 -0.21 3.63
-8.30 -8.26 -8.12 -8.04 -8.01 -8.00 -8.00 -8.00 -8.00 -7.98 -7.57 -6.97 -6.97 -7.00 -6.96 -6.61 -5.47 -5.53 -6.04 -6.13 -6.47 -6.22 -6.52 -6.94 -6.66 -6.06 -4.58 -3.95 -3.98 -4.20 -4.37 -4.03 -3.80 -3.57 -9.13 -7.85 -5.81 -3.92 -3.71 -3.49 -3.58 -3.44 -2.61 -1.53 -0.57 0.28 -0.08 4.00 4.92 4.91 4.99 8.95 9.99 8.12 6.08 6.00 4.99 0.39 0.31 0.00 0.00 0.31 0.31 4.05 3.08 2.99 3.00 3.00 3.00 3.00 3.00 3.00 3.00 0.23 0.23 0.00 0.00 0.23
-8.21 -8.03 -8.00 -8.00 -8.00 -8.00 -8.00 -7.95 -7.89 -7.67 -7.05 -7.00 -7.00 -7.00 -7.00 -6.91 -5.40 -4.88 -4.91 -5.01 -5.49 -5.54 -5.60 -5.92 -6.51 -6.96 -6.34 -5.43 -4.51 -5.21 -6.55 -5.61 -4.56 -4.05 -3.31 -8.25 -7.58 -5.77 -4.86 -4.48 -4.55 -4.54 -3.65 -2.59 -1.75 -1.22 -1.47 3.69 4.71 6.53 5.03 10.33 10.05 6.78 5.85 5.85 4.85 0.00 0.00 0.00 0.00 0.00 0.00 2.48 2.54 2.54 2.54 2.54 2.54 2.54 2.54 2.54 2.54 0.00 0.00 0.00 0.00 0.00
-7.98 -8.00 -8.00 -8.00 -8.00 -8.00 -8.02 -7.75 -7.53 -7.00 -6.99 -7.00 -7.00 -7.00 -7.00 -6.96 -5.89 -4.58 -4.09 -4.09 -4.06 -4.14 -4.82 -5.16 -5.39 -5.64 -6.12 -6.08 -5.85 -6.40 -6.82 -6.75 -6.05 -4.22 -3.98 -3.45 -5.65 -5.04 -7.02 -5.49 -5.47 -5.49 -4.56 -3.45 -2.68 -2.10 -1.75 1.69 2.36 2.24 4.02 7.41 8.63 6.00 5.00 5.07 3.94 0.00 0.00 0.00 0.00 0.00 0.00 -0.18 -0.18 -0.18 -0.18 -0.18 -0.18 -0.18 -0.18 -0.18 -0.18 0.00 0.00 0.00 0.00 0.00
-7.97 -8.00 -8.00 -8.00 -8.00 -8.00 -7.91 -7.16 -7.18 -7.00 -7.00 -7.00 -7.00 -7.00 -7.00 -7.01 -6.58 -5.55 -4.00 -4.00 -4.00 -3.99 -4.26 -4.39 -4.85 -5.02 -5.40 -5.35 -4.99 -6.64 -7.02 -6.99 -6.44 -5.18 -4.29 -3.91 -2.97 -2.92 -3.53 -7.12 -6.83 -6.85 -6.01 -4.82 -3.40 -1.99 -0.78 4.53 1.93 2.05 2.10 3.98 4.38 5.23 4.18 3.24 4.06 -0.00 -0.00 0.00 0.00 0.00 0.00 0.00 0.00 0.00 0.00 0.00 0.00 0.00 0.00 0.00 0.00 0.00 0.00 0.00 0.00 0.00
-7.95 -8.00 -8.00 -8.00 -8.00 -8.00 -7.87 -7.02 -7.00 -7.00 -7.00 -7.00 -7.00 -7.00 -7.00 -7.01 -6.82 -5.87 -4.04 -4.00 -4.00 -4.00 -3.98 -3.97 -4.04 -4.57 -4.62 -4.95 -4.66 -5.81 -7.00 -7.01 -7.16 -7.08 -4.93 -3.73 -3.16 -3.74 -3.28 -2.97 -8.17 -7.89 -7.32 -6.28 -4.33 -2.45 -1.59 6.06 2.36 1.49 2.12 2.81 2.94 2.88 2.85 3.01 2.95 0.06 0.03 0.00 -0.00 0.00 0.00 0.00 0.00 0.00 0.00 0.00 0.00 0.00 0.00 0.00 0.00 0.00 0.00 0.00 0.00 0.00
-8.57 -8.00 -8.00 -8.00 -8.00 -8.00 -7.91 -7.31 -7.03 -7.00 -7.00 -7.00 -7.00 -7.00 -7.00 -7.00 -6.97 -6.39 -4.70 -3.97 -4.00 -4.00 -4.00 -4.00 -3.99 -3.95 -3.97 -4.10 -3.94 -5.03 -6.44 -6.74 -7.16 -7.70 -6.57 -5.45 -4.15 -3.98 -4.08 -3.81 -5.88 -7.50 -7.52 -7.12 -5.16 -3.31 -3.36 -4.50 -4.76 6.51 2.95 3.72 3.80 3.64 1.62 2.71 3.23 -0.21 -0.10 0.00 0.01 0.00 0.00 0.00 0.00 0.00 0.00 0.00 0.00 0.00 0.00 0.00 0.00 0.00 0.00 0.00 0.00 0.00
-10.69 -8.05 -8.00 -8.00 -8.00 -8.01 -8.00 -7.58 -7.19 -7.00 -7.00 -7.00 -7.00 -7.00 -7.00 -7.00 -7.00 -7.04 -5.72 -4.05 -4.00 -4.00 -4.00 -4.00 -4.00 -4.00 -4.00 -3.99 -4.00 -4.13 -4.47 -4.61 -6.00 -7.15 -7.61 -7.83 -6.44 -4.62 -4.67 -4.34 -3.49 -3.88 -6.32 -7.01 -5.81 -4.63 -5.53 -6.63 -6.58 -4.12 -2.92 -0.76 -0.82 -1.04 -1.08 -0.49 -0.31 -0.92 -0.46 0.00 0.06 0.00 0.00 0.00 0.00 0.00 0.00 0.00 0.00 0.00 0.00 0.00 0.00 0.00 0.00 0.00 0.00 0.00
-12.59 -8.80 -7.99 -8.00 -7.90 -7.87 -7.79 -7.28 -7.24 -7.00 -7.00 -7.00 -7.00 -7.00 -7.00 -7.00 -7.00 -7.02 -6.03 -4.10 -4.00 -4.00 -4.00 -4.00 -4.00 -4.00 -4.00 -4.00 -4.00 -4.00 -3.98 -3.98 -4.18 -5.43 -6.71 -7.55 -8.00 -6.92 -6.60 -6.08 -4.67 -3.73 -6.06 -7.13 -7.62 -7.95 -8.28 -8.35 -8.05 -7.10 -4.64 -2.30 -1.88 -2.00 -1.78 -1.55 -1.38 -1.12 -0.54 0.00 0.07 0.00 0.00 0.00 0.00 0.00 0.00 0.00 0.00 0.00 0.00 0.00 0.00 0.00 0.00 0.00 0.00 0.00
-13.70 -10.00 -8.03 -8.00 -7.69 -7.61 -7.33 -7.29 -6.99 -6.98 -7.00 -7.00 -7.00 -7.00 -7.00 -7.00 -7.00 -7.01 -6.21 -4.58 -3.98 -4.00 -4.00 -4.00 -4.00 -4.00 -4.00 -4.00 -4.00 -4.00 -4.00 -4.00 -3.97 -4.05 -4.85 -5.54 -6.12 -6.26 -6.72 -7.29 -6.25 -4.56 -3.00 -6.66 -8.51 -10.16 -9.92 -9.17 -9.07 -8.50 -6.13 -3.67 -2.62 -2.20 -2.26 -2.32 -1.63 -0.82 -0.31 0.00 0.05 0.00 0.00 0.00 0.00 0.00 0.00 0.00 0.00 0.00 0.00 0.00 0.00 0.00 0.00 0.00 0.00 0.00
-13.97 -11.69 -8.34 -7.98 -8.02 -8.02 -7.42 -7.33 -7.33 -7.31 -7.02 -7.00 -7.00 -7.00 -7.00 -7.00 -7.00 -7.00 -7.00 -6.15 -4.13 -3.99 -4.00 -4.00 -4.00 -4.00 -4.00 -4.00 -4.00 -4.00 -4.00 -4.04 -4.03 -4.00 -3.99 -4.10 -4.10 -4.12 -4.59 -6.41 -6.77 -6.02 -4.12 -4.34 -7.26 -9.22 -9.38 -9.13 -9.70 -9.86 -8.40 -6.41 -4.46 -2.95 -2.98 -3.07 -1.60 -0.10 0.13 -0.00 0.00 0.00 0.00 0.00 0.00 0.00 0.00 0.00 0.00 0.00 0.00 0.00 0.00 0.00 0.00 0.00 0.00 0.00
-14.03 -13.23 -8.80 -7.98 -7.97 -7.92 -8.02 -8.00 -7.26 -7.19 -7.01 -7.00 -7.00 -7.00 -7.00 -7.00 -7.00 -7.00 -7.01 -6.62 -4.92 -4.01 -4.00 -4.00 -4.00 -4.00 -4.00 -4.00 -4.00 -4.00 -4.01 -3.58 -3.68 -3.94 -3.75 -3.57 -3.81 -5.13 -6.00 -5.98 -6.41 -6.39 -5.26 -5.55 -6.99 -8.40 -8.32 -8.01 -8.93 -9.85 -10.14 -9.36 -5.98 -2.54 -1.68 -1.48 -0.64 0.06 0.16 0.06 0.03 0.00 -0.00 0.00 0.00 0.00 0.00 0.00 0.00 0.00 0.00 0.00 0.00 0.00 0.00 0.00 0.00 0.00
-14.12 -13.38 -10.12 -8.25 -7.84 -7.11 -7.45 -8.00 -7.70 -7.65 -7.28 -7.00 -6.98 -7.00 -7.00 -7.00 -7.00 -7.00 -7.01 -6.90 -5.51 -4.00 -4.00 -4.00 -4.00 -4.00 -4.00 -4.00 -4.00 -4.00 -4.01 -3.29 -3.38 -4.02 -3.45 -2.92 -3.31 -4.01 -5.15 -5.50 -5.04 -5.27 -7.09 -8.41 -7.18 -5.96 -6.69 -6.09 -6.16 -8.32 -10.48 -11.27 -6.88 -1.86 -0.23 0.21 0.25 0.02 -0.03 -0.06 -0.03 0.00 0.00 0.00 0.00 0.00 0.00 0.00 0.00 0.00 0.00 0.00 0.00 0.00 0.00 0.00 0.00 0.00
-14.13 -14.01 -13.42 -10.33 -8.19 -7.58 -7.77 -8.00 -8.02 -8.01 -7.79 -7.72 -7.36 -7.04 -7.00 -7.00 -7.00 -7.00 -7.00 -6.99 -6.66 -5.20 -4.14 -3.99 -4.00 -4.00 -4.00 -4.00 -4.00 -4.00 -4.00 -3.91 -3.81 -4.03 -3.87 -3.45 -2.98 -3.08 -3.34 -3.48 -3.59 -5.59 -6.70 -6.89 -6.58 -7.43 -6.36 -5.09 -3.86 -5.49 -8.88 -11.18 -6.97 -1.81 -0.26 0.11 0.24 0.04 -0.34 -0.63 -0.36 0.00 0.04 0.00 0.00 0.00 0.00 0.00 0.00 0.00 0.00 0.00 0.00 0.00 0.00 0.00 0.00 0.00
-14.62 -14.03 -13.56 -10.31 -7.89 -7.48 -7.99 -8.00 -8.00 -8.00 -8.00 -7.93 -7.33 -7.19 -7.06 -6.98 -6.99 -7.00 -6.99 -7.28 -7.14 -5.36 -4.04 -4.00 -4.00 -4.00 -4.00 -4.00 -4.00 -4.00 -4.00 -4.00 -4.00 -3.88 -3.38 -3.06 -3.00 -3.00 -3.00 -3.00 -3.03 -3.89 -4.57 -5.01 -6.81 -7.54 -7.42 -6.31 -4.82 -4.63 -7.76 -10.12 -7.38 -3.57 -1.60 -0.44 0.01 -0.31 -2.02 -3.32 -1.85 -0.00 0.21 0.00 0.00 0.00 0.00 0.00 0.00 0.00 0.00 0.00 0.00 0.00 0.00 0.00 0.00 0.00
-14.64 -14.03 -13.71 -11.76 -8.47 -7.27 -7.62 -7.90 -8.00 -8.00 -8.00 -8.01 -8.05 -8.07 -7.87 -7.69 -7.68 -7.20 -7.06 -7.53 -7.12 -6.26 -4.17 -4.00 -4.00 -4.00 -4.00 -4.00 -4.00 -4.00 -4.00 -4.00 -4.00 -3.12 -3.07 -3.56 -2.99 -3.00 -2.99 -2.97 -2.95 -2.91 -4.47 -7.33 -6.81 -6.25 -6.11 -6.02 -6.31 -5.27 -7.29 -8.67 -7.31 -5.04 -2.84 -1.14 -0.88 -1.50 -3.42 -4.71 -2.55 0.02 0.31 0.00 -0.00 0.00 0.00 0.00 0.00 0.00 0.00 0.00 0.00 0.00 0.00 0.00 0.00 0.00
-14.07 -14.65 -14.52 -13.66 -10.60 -7.81 -7.13 -7.83 -8.00 -8.00 -8.00 -8.00 -8.00 -8.00 -8.01 -8.02 -8.03 -7.92 -7.75 -7.89 -7.74 -7.07 -5.10 -4.32 -3.99 -4.00 -4.00 -4.00 -4.00 -4.00 -4.00 -4.00 -3.99 -3.11 -3.53 -3.25 -2.99 -3.04 -3.07 -3.34 -4.13 -4.01 -5.64 -5.55 -5.17 -5.33 -4.39 -5.55 -7.13 -6.68 -7.45 -7.37 -5.99 -4.21 -2.66 -1.75 -2.73 -3.77 -2.97 -1.69 -0.68 0.06 0.14 -0.00 -0.01 0.00 0.00 0.00 0.00 0.00 0.00 0.00 0.00 0.00 0.00 0.00 0.00 0.00
-14.79 -14.84 -14.52 -13.98 -11.30 -8.27 -7.04 -7.73 -8.03 -8.00 -8.00 -8.00 -8.00 -8.00 -8.00 -8.00 -8.00 -8.00 -8.00 -8.00 -7.92 -7.26 -6.59 -4.41 -3.98 -4.00 -4.00 -4.00 -4.00 -4.00 -4.00 -4.00 -3.99 -3.17 -3.63 -3.75 -2.97 -3.33 -4.59 -5.58 -5.32 -5.51 -4.29 -3.18 -3.10 -3.42 -3.02 -3.77 -5.46 -7.37 -7.06 -5.98 -4.96 -4.00 -3.44 -3.08 -2.92 -2.63 -1.65 -0.69 -0.49 -0.48 -0.19 0.06 0.06 0.00 -0.00 0.00 0.00 0.00 0.00 0.00 0.00 0.00 0.00 0.00 0.00 0.00
-14.18 -14.02 -13.96 -13.98 -12.33 -9.84 -7.72 -7.73 -7.68 -8.01 -8.00 -8.00 -8.00 -8.00 -8.00 -8.00 -8.00 -8.00 -8.17 -8.01 -8.01 -8.06 -6.91 -5.01 -4.05 -4.00 -4.00 -4.00 -4.00 -4.00 -4.00 -4.00 -4.00 -4.04 -4.02 -3.62 -2.99 -3.15 -4.02 -5.29 -5.13 -5.95 -4.27 -2.97 -3.00 -2.95 -3.13 -3.50 -4.94 -6.61 -5.93 -4.85 -4.27 -3.92 -4.07 -3.98 -2.53 -1.07 -0.92 -1.12 -1.15 -1.05 -0.57 -0.09 0.02 0.00 0.01 0.00 0.00 0.00 0.00 0.00 0.00 0.00 0.00 0.00 0.00 0.00
-13.99 -14.00 -14.00 -14.01 -13.79 -11.73 -8.24 -7.78 -7.83 -7.91 -8.00 -8.00 -7.96 -7.96 -7.98 -7.97 -7.99 -7.99 -8.42 -8.02 -8.00 -8.01 -7.45 -5.38 -4.07 -4.00 -4.00 -4.00 -4.00 -4.00 -4.00 -4.00 -4.01 -3.84 -3.30 -3.04 -3.00 -2.99 -3.05 -4.13 -5.00 -4.74 -3.48 -3.00 -3.00 -3.00 -3.35 -5.59 -5.04 -3.83 -4.01 -4.31 -3.81 -3.23 -3.16 -3.15 -2.97 -2.69 -2.28 -1.82 -1.39 -1.03 -0.89 -0.76 -0.36 0.00 0.05 0.00 0.00 0.00 0.00 0.00 0.00 0.00 0.00 0.00 0.00 0.00
-14.00 -14.00 -14.00 -14.00 -13.87 -12.97 -9.05 -7.08 -7.95 -7.98 -8.00 -8.06 -8.40 -8.37 -8.13 -8.48 -8.26 -7.95 -7.96 -7.98 -8.00 -8.00 -8.00 -6.56 -4.09 -4.00 -4.00 -4.00 -4.00 -4.00 -4.00 -4.00 -4.00 -3.96 -3.35 -3.05 -2.98 -2.98 -2.98 -3.02 -3.41 -3.15 -2.99 -2.99 -2.98 -3.02 -5.77 -4.33 -2.86 -1.79 -2.00 -2.53 -2.52 -2.55 -3.14 -3.57 -2.97 -2.23 -2.16 -2.12 -1.52 -1.00 -1.32 -1.57 -0.82 0.00 0.10 0.00 0.00 0.00 0.00 0.00 0.00 0.00 0.00 0.00 0.00 0.00
-14.00 -14.00 -14.00 -14.00 -14.03 -13.46 -10.54 -7.47 -7.96 -8.01 -8.03 -8.16 -8.15 -8.81 -8.41 -8.87 -8.45 -8.83 -8.83 -8.45 -8.00 -8.02 -8.02 -7.32 -4.84 -3.97 -4.00 -4.00 -4.00 -4.00 -4.00 -4.00 -4.00 -4.00 -4.05 -3.93 -3.32 -3.42 -3.34 -3.01 -2.97 -2.97 -3.11 -3.29 -3.10 -3.22 -4.54 -1.79 -1.08 -0.99 -0.86 -0.94 -1.28 -1.87 -3.08 -3.81 -2.41 -0.90 -1.28 -1.91 -1.46 -1.00 -1.55 -1.97 -1.05 0.00 0.12 0.00 0.00 0.00 0.00 0.00 0.00 0.00 0.00 0.00 0.00 0.00
-14.00 -14.00 -14.00 -14.00 -14.00 -14.07 -11.34 -7.52 -7.96 -8.13 -8.40 -8.57 -8.16 -8.11 -8.21 -8.39 -8.96 -9.03 -8.43 -8.30 -8.05 -8.15 -8.00 -8.03 -6.50 -4.41 -4.01 -4.00 -4.00 -4.00 -4.00 -4.00 -4.00 -4.00 -4.00 -4.01 -4.01 -4.02 -3.18 -2.97 -2.98 -3.15 -4.16 -4.82 -5.50 -5.47 -3.23 -1.75 -1.54 -1.67 -1.68 -1.64 -1.34 -1.11 -1.39 -1.65 -1.31 -0.94 -1.04 -1.20 -1.10 -1.00 -1.22 -1.30 -0.67 0.00 0.08 0.00 0.00 0.00 0.00 0.00 0.00 0.00 0.00 0.00 0.00 0.00
-14.00 -14.02 -14.01 -14.00 -13.99 -14.02 -13.04 -9.50 -7.47 -8.19 -8.47 -8.89 -8.37 -8.23 -8.93 -8.94 -9.00 -9.00 -8.48 -8.01 -8.00 -8.01 -8.00 -7.97 -6.93 -4.83 -4.00 -4.00 -4.00 -4.00 -4.00 -4.00 -4.00 -4.00 -4.00 -4.00 -4.00 -4.00 -3.70 -3.12 -3.75 -5.53 -6.19 -6.72 -6.26 -4.42 -2.00 -2.95 -2.49 -2.43 -2.51 -2.49 -1.94 -1.30 -0.90 -0.69 -0.81 -1.00 -0.98 -0.94 -1.03 -1.06 -0.83 -0.51 -0.22 0.00 0.03 0.00 0.00 0.00 0.00 0.00 0.00 0.00 0.00 0.00 0.00 0.00
-13.99 -14.32 -14.06 -14.00 -14.12 -14.09 -14.05 -12.90 -9.22 -8.04 -8.59 -8.96 -8.30 -8.48 -9.00 -9.00 -9.00 -9.00 -8.24 -7.99 -7.99 -8.00 -8.00 -7.94 -7.10 -6.02 -4.05 -4.00 -4.00 -4.00 -4.00 -4.00 -4.00 -4.00 -4.00 -3.99 -3.99 -4.02 -5.03 -6.09 -6.68 -6.57 -6.85 -5.35 -2.52 -1.19 -0.95 -1.41 -3.51 -3.09 -3.05 -3.03 -2.61 -2.08 -1.55 -1.12 -0.99 -0.98 -0.98 -1.00 -1.03 -0.94 -0.45 0.03 0.08 0.00 -0.00 0.00 0.00 0.00 0.00 0.00 0.00 0.00 -0.00 0.00 0.00 0.01
-14.00 -13.97 -14.00 -14.01 -14.05 -14.04 -14.01 -13.04 -10.16 -8.90 -8.97 -8.99 -8.97 -9.15 -9.10 -9.04 -9.06 -9.01 -8.46 -8.41 -8.34 -8.02 -8.00 -8.00 -7.50 -6.43 -4.64 -3.98 -4.00 -4.00 -4.00 -4.00 -4.00 -4.00 -4.00 -4.13 -4.39 -4.69 -7.83 -7.36 -6.77 -6.66 -5.95 -3.15 -1.60 -0.94 -1.00 -5.09 -4.38 -3.80 -3.34 -2.97 -2.78 -2.68 -2.66 -2.48 -1.66 -0.88 -0.86 -0.94 -0.61 -0.24 -0.06 0.03 0.03 -0.00 -0.00 0.00 0.00 0.00 0.00 0.00 0.00 0.00 -0.00 0.00 0.04 0.06
-14.00 -14.00 -13.97 -13.92 -14.00 -14.00 -14.00 -13.89 -11.09 -8.82 -8.80 -9.13 -9.42 -10.06 -10.14 -10.30 -9.98 -9.79 -9.56 -9.22 -8.96 -8.83 -8.02 -7.98 -7.77 -7.00 -5.50 -4.03 -4.00 -4.00 -4.00 -4.00 -4.00 -4.00 -4.04 -4.75 -4.32 -4.23 -6.11 -4.99 -4.10 -5.51 -5.77 -4.33 -1.71 -0.97 -1.00 -4.72 -4.45 -4.12 -3.70 -3.39 -3.58 -3.80 -3.74 -3.41 -2.52 -1.62 -1.40 -1.22 -0.49 0.18 0.24 0.11 0.08 0.06 0.03 0.00 -0.00 0.00 0.00 0.00 0.00 0.00 0.02 0.00 -0.19 -0.34
-14.00 -14.01 -13.85 -13.52 -13.98 -14.00 -14.00 -14.03 -13.19 -9.41 -7.56 -7.58 -7.56 -7.79 -8.60 -8.52 -8.88 -8.92 -9.03 -9.43 -9.38 -9.30 -8.70 -8.24 -8.63 -8.07 -6.33 -4.17 -4.00 -4.00 -4.00 -4.00 -4.00 -4.00 -4.01 -4.05 -4.02 -3.49 -2.17 -2.68 -3.79 -3.62 -4.05 -3.75 -2.94 -1.99 -1.18 -3.97 -3.92 -3.99 -3.96 -4.07 -4.69 -5.17 -4.80 -4.17 -3.70 -3.24 -2.80 -2.14 -1.03 -0.06 0.07 -0.06 -0.03 -0.01 0.01 0.01 0.01 0.00 -0.00 0.00 -0.00 0.00 0.07 0.01 -0.60 -1.08
-13.99 -14.00 -14.01 -14.08 -13.82 -13.90 -13.83 -13.88 -13.58 -10.74 -7.94 -7.24 -6.83 -6.92 -6.24 -5.96 -5.95 -5.95 -5.99 -6.28 -6.51 -6.51 -6.25 -6.23 -6.24 -6.13 -5.46 -4.11 -3.99 -4.00 -4.00 -3.99 -3.98 -4.30 -4.56 -3.99 -3.84 -2.92 -2.51 -3.70 -5.42 -4.15 -3.59 -3.89 -3.81 -3.45 -3.03 -1.42 -1.33 -1.33 -1.42 -1.66 -2.24 -2.72 -2.59 -2.28 -2.15 -1.99 -0.87 -4.19 -2.59 -1.14 -1.04 -1.21 -0.81 -0.34 -0.04 0.13 0.09 -0.00 -0.01 -0.00 -0.01 -0.00 0.16 0.07 -0.99 -1.92
-13.99 -14.00 -14.01 -13.42 -13.09 -13.22 -13.08 -13.13 -13.69 -13.27 -9.33 -7.09 -6.83 -6.98 -6.79 -6.00 -5.99 -5.99 -5.99 -5.97 -5.99 -5.37 -4.96 -4.92 -4.51 -4.08 -4.05 -3.99 -4.00 -4.00 -3.98 -4.10 -4.42 -4.74 -4.95 -4.28 -4.19 -3.64 -3.34 -3.48 -3.89 -3.49 -3.43 -3.36 -2.86 -2.87 -2.79 2.17 2.19 2.20 1.94 1.77 1.96 2.07 2.09 2.10 2.13 2.15 4.19 -6.50 -5.75 -4.97 -4.72 -4.62 -4.62 -4.30 -2.74 -0.63 -0.12 0.05 0.10 0.05 0.08 0.05 -0.13 -0.42 -0.94 -1.33
