Instances/NewYork/GMRTv3_3_20170611topo.asc
ncols 305
nrows 276
xllcorner -74.11322021484375
yllcorner 40.525073880520374
cellsize 5.4931640625E-4
nodata_value -2147483648
[rows 175 to 209 of 276, columns 0 to 77 of 305]
15.79 13.94 13.93 12.97 12.96 12.96 11.97 11.96 11.00 9.97 10.00 9.96 9.00 8.96 7.97 6.88 5.90 5.93 5.00 5.00 4.96 3.97 4.00 4.00 4.00 2.97 3.00 3.00 3.03 2.00 2.00 2.00 2.00 2.00 2.00 2.00 2.00 2.00 2.00 2.00 2.00 2.00 2.00 2.00 2.00 2.00 2.00 2.00 2.00 2.00 2.00 1.96 0.97 0.97 1.00 1.00 0.99 4.95 0.90 2.03 3.03 4.00 5.00 4.00 4.00 3.00 3.00 0.95 -0.17 0.01 0.07 0.00 -0.51 -1.02 -1.12 -0.07 -0.72 -0.60
13.85 13.64 12.93 13.05 11.93 11.97 11.64 10.93 10.64 10.05 9.64 8.97 8.68 7.61 7.32 4.85 4.93 4.93 5.05 5.05 3.93 4.00 4.00 4.05 3.64 3.00 3.00 3.00 3.05 2.00 2.00 2.00 2.00 2.00 2.00 2.00 2.00 2.00 2.00 2.00 2.00 2.00 2.00 2.00 2.00 2.00 2.00 2.05 2.05 2.05 1.64 0.93 1.00 1.00 0.82 1.18 2.64 0.57 0.77 1.95 3.36 4.36 5.05 4.00 3.64 3.00 3.05 -0.29 -0.35 0.00 0.06 -0.00 -0.44 -0.98 -1.57 -1.18 -0.37 -0.91
14.07 12.97 13.07 12.25 12.00 11.25 10.97 11.07 9.97 9.25 9.04 8.25 7.22 6.30 5.19 5.00 5.00 5.07 4.25 4.25 4.00 4.07 4.07 3.25 2.97 3.00 3.00 3.00 2.18 2.00 2.00 2.00 2.00 2.00 2.00 2.00 2.00 2.00 2.00 2.00 2.00 2.00 2.00 2.00 2.00 2.00 2.07 1.25 1.25 1.25 0.97 1.00 0.93 0.78 3.92 5.02 2.00 0.75 0.55 2.67 3.96 5.03 4.25 4.07 2.97 3.07 2.43 -0.44 -0.58 0.00 0.11 0.05 -0.59 -1.29 -0.82 -0.63 -0.98 -1.31
12.99 13.00 11.99 12.00 11.99 11.00 10.99 9.99 9.99 9.00 7.99 7.99 6.99 4.99 5.00 5.00 5.00 4.00 4.00 4.00 4.00 2.99 2.99 3.00 3.00 3.00 3.00 3.00 3.01 2.00 2.00 2.00 2.00 2.00 2.00 2.00 2.00 2.00 2.00 2.00 2.00 2.00 2.00 2.00 2.00 1.99 0.99 1.00 1.00 1.00 1.00 1.00 2.02 4.04 6.01 5.94 0.74 0.64 2.03 4.01 5.01 4.99 4.00 2.99 2.99 1.96 -0.46 0.00 0.01 0.00 0.12 -0.01 -1.07 -1.99 -0.95 -0.99 -1.27 -2.01
13.00 13.00 12.00 11.70 10.93 10.70 9.93 10.04 8.93 9.04 8.04 6.62 5.62 5.00 5.00 5.00 5.00 4.77 4.00 4.00 3.70 3.00 3.00 2.70 2.70 2.70 2.70 2.70 2.70 2.00 2.00 2.00 2.00 2.00 2.00 2.00 2.00 2.00 2.00 2.00 2.00 2.04 1.70 1.70 1.70 0.93 1.00 1.00 1.00 1.00 1.00 1.00 2.81 4.89 5.52 0.36 0.65 0.54 3.07 4.04 4.74 3.96 3.74 3.13 1.20 -0.48 -0.41 -0.00 0.07 0.06 -0.14 -0.62 -1.81 -0.85 -1.01 -1.24 -1.52 -2.04
13.00 13.00 12.00 10.89 11.00 9.96 10.00 9.31 9.00 8.31 7.38 6.03 4.96 5.00 5.00 5.00 5.00 3.96 4.00 4.00 2.96 3.00 3.00 1.96 1.96 1.96 1.96 1.96 1.96 2.00 2.00 2.00 2.00 2.00 2.00 2.00 2.00 2.00 2.00 2.00 2.07 1.31 0.96 0.96 0.96 1.00 1.00 1.00 0.93 0.93 1.00 0.98 1.21 1.78 1.68 0.66 0.56 0.44 3.21 3.46 3.42 3.55 2.44 0.64 -0.63 0.02 0.07 0.05 -0.04 -0.26 -0.71 -1.33 -2.46 -1.03 -1.40 -1.77 -2.74 -3.29
13.00 13.00 12.00 11.98 11.00 10.00 10.00 9.00 9.00 8.03 6.03 5.02 5.00 5.00 5.00 5.00 5.00 4.00 4.00 4.00 3.00 3.00 3.00 1.99 2.00 2.00 2.00 2.00 2.00 2.00 2.00 2.00 2.00 2.00 2.00 2.00 2.00 2.00 2.00 2.00 1.02 1.00 1.00 1.00 1.00 1.00 1.00 0.99 1.98 1.97 1.00 0.93 0.86 0.78 0.68 0.58 0.47 0.35 0.26 1.04 1.05 -0.15 -0.31 -0.01 -0.01 -0.00 0.06 0.01 -0.43 -0.98 -1.48 -2.00 -1.01 -1.01 -2.00 -3.14 -4.89 -4.62
13.00 12.76 12.03 11.76 11.00 10.24 10.00 9.03 8.76 5.82 4.90 4.97 5.24 5.00 5.00 5.00 5.00 4.00 4.00 4.00 3.00 3.00 3.00 3.07 2.00 2.00 2.00 2.00 2.00 2.00 2.00 2.00 2.00 2.00 2.00 2.00 2.00 2.00 2.00 1.76 1.00 1.00 1.00 1.00 1.00 0.97 1.21 2.32 2.24 3.13 0.96 0.88 0.80 0.70 0.61 0.50 0.38 0.26 0.12 -0.09 -0.25 -0.23 -0.35 -0.00 0.07 0.06 -0.19 -0.59 -1.12 -1.75 -1.89 -1.12 -1.62 -2.12 -3.35 -4.30 -4.72 -3.60
13.07 12.02 11.37 10.95 11.07 11.19 10.07 8.37 8.02 6.63 5.63 5.63 6.12 5.00 5.00 5.00 5.00 4.00 4.00 4.00 3.00 3.00 3.00 3.00 1.93 2.00 2.00 2.00 2.00 2.00 2.00 2.00 2.00 2.00 2.00 2.00 2.00 2.00 2.00 0.95 1.00 1.00 1.00 1.00 1.00 1.63 2.68 2.98 2.98 1.73 0.91 0.83 0.72 0.88 0.54 0.42 0.30 0.17 0.01 -0.15 -0.32 0.01 0.06 0.04 -0.02 -0.24 -0.76 -1.35 -1.83 -1.12 -0.97 -1.82 -1.68 -2.20 -3.22 -3.70 -4.57 -4.36
12.08 11.05 11.03 11.03 10.08 9.13 9.08 8.00 7.05 7.00 6.00 6.00 5.05 5.00 5.00 5.00 5.00 4.00 4.00 4.00 3.00 3.00 3.00 3.00 2.95 1.97 2.00 2.00 2.00 2.00 2.00 2.00 2.00 2.00 2.00 2.00 2.00 2.00 2.00 1.00 1.00 1.00 1.00 0.97 0.90 1.97 2.97 4.05 4.05 0.94 0.86 0.76 0.99 1.00 0.44 0.32 0.21 0.01 -0.00 -0.01 -0.02 -0.00 0.07 0.02 -0.40 -0.96 -1.52 -1.98 -0.99 -0.98 -1.17 -2.01 -1.99 -2.63 -3.00 -2.60 -2.74 -3.06
10.91 10.98 10.12 9.93 8.95 7.93 7.93 7.81 7.00 7.02 6.00 6.02 5.00 5.00 5.00 5.00 4.81 4.00 4.00 4.00 2.98 3.00 3.00 3.00 3.00 3.07 2.19 1.98 2.00 2.00 2.00 2.00 2.00 2.00 2.00 2.00 2.00 2.00 2.00 0.98 1.00 1.00 1.00 2.87 4.59 3.47 3.50 0.85 0.78 0.89 0.85 0.99 0.98 1.00 1.04 0.86 0.10 0.00 0.03 0.06 0.15 0.13 -0.14 -0.56 -1.14 -1.71 -1.73 -1.86 -0.99 -0.99 -1.49 -2.01 -1.98 -2.67 -3.25 -3.16 -3.08 -3.01
11.57 11.64 11.06 10.00 8.43 8.00 8.07 6.94 7.00 6.43 6.00 5.43 5.00 5.00 5.00 5.00 3.94 4.00 4.00 4.00 3.57 3.00 3.00 3.00 3.00 3.00 3.06 2.57 1.93 2.00 2.00 2.00 2.00 2.00 2.00 2.00 2.00 2.00 2.00 1.57 0.93 0.93 0.93 5.22 6.38 4.68 1.53 1.65 0.98 0.94 0.94 1.57 1.64 1.07 1.07 -0.06 0.01 0.00 -0.09 -0.21 -0.32 -0.51 -0.88 -1.32 -1.86 -1.21 -0.83 -1.10 -1.15 -1.38 -1.99 -2.00 -2.22 -3.33 -4.59 -4.60 -3.92 -2.98
12.01 11.09 11.00 10.00 7.94 8.00 7.09 7.00 7.05 5.99 6.00 4.99 5.00 5.00 5.00 5.00 4.00 4.00 4.00 4.00 4.01 3.00 3.00 3.00 3.00 3.00 3.00 3.01 2.91 2.00 2.00 2.00 2.00 2.00 2.00 2.00 2.00 2.00 2.00 2.01 1.91 1.91 1.91 2.16 2.35 2.17 1.04 1.05 0.95 0.95 1.91 2.06 1.13 0.09 0.09 -0.00 0.05 -0.00 -0.40 -0.93 -1.48 -1.92 -2.00 -1.96 -0.73 -0.96 -1.60 -1.96 -1.96 -1.98 -2.00 -2.04 -2.92 -3.21 -2.83 -2.79 -2.73 -3.01
11.86 11.00 10.86 9.86 8.92 8.01 7.00 7.01 5.94 6.00 5.86 5.00 5.00 5.00 5.00 5.01 4.00 4.00 4.00 4.00 4.00 3.00 3.00 3.00 3.00 3.00 3.00 3.00 3.00 2.14 2.00 2.00 2.00 2.00 2.00 2.00 2.00 2.00 2.00 2.00 2.00 2.00 2.01 2.01 2.01 2.01 2.08 1.93 1.93 1.93 1.79 0.80 0.26 -0.00 0.03 0.06 0.18 0.06 -0.77 -1.66 -1.96 -2.09 -1.86 -2.15 -0.76 -1.05 -1.85 -2.01 -2.00 -2.00 -2.00 -2.01 -2.55 -2.21 -1.93 -2.04 -2.93 -3.00
10.94 11.06 10.00 9.00 7.94 7.50 7.00 6.50 6.00 6.06 4.94 5.00 5.00 5.00 5.00 4.50 4.00 4.00 4.00 4.00 4.00 3.00 3.00 3.00 3.00 3.00 3.00 3.00 3.00 3.06 2.00 2.00 2.00 2.00 2.00 2.00 2.00 2.06 2.06 2.06 2.06 2.06 1.50 1.50 1.50 1.50 1.51 0.82 0.77 0.71 0.38 -0.06 0.01 0.04 -0.09 -0.22 -0.13 -0.22 -1.13 -2.06 -2.47 -0.94 -0.04 -1.13 -0.74 -1.43 -2.01 -2.00 -2.00 -2.00 -2.00 -1.98 -1.74 -2.17 -2.01 -1.99 -2.52 -3.01
11.00 10.13 9.13 8.13 8.06 6.99 7.06 5.99 6.00 5.13 5.00 5.00 5.00 5.00 5.00 3.99 4.00 4.00 4.00 4.00 4.00 2.94 3.00 3.00 3.00 3.00 3.00 3.00 3.00 3.00 2.00 2.00 2.00 2.00 2.00 2.00 2.00 1.13 1.13 1.13 1.11 1.12 0.56 0.98 0.99 0.90 0.81 0.70 0.14 0.48 0.37 0.00 0.08 0.04 -0.45 -0.94 -0.94 -0.94 -1.41 -2.07 -0.54 -0.72 -0.91 -0.87 -0.93 -1.45 -2.01 -2.00 -2.00 -2.00 -2.00 -2.00 -2.00 -2.15 -2.03 -1.97 -2.47 -3.01
11.02 9.91 8.91 8.01 6.95 7.01 5.95 6.01 5.91 5.00 5.00 5.00 5.00 5.00 4.91 4.00 4.00 4.00 4.00 4.00 4.00 4.05 3.00 3.00 3.00 3.00 3.00 3.00 3.00 2.91 2.00 2.00 2.00 2.00 2.00 2.00 2.00 1.00 1.00 1.00 1.36 1.25 7.71 1.04 0.93 0.82 0.71 0.55 7.63 0.35 0.24 -0.00 -0.26 -0.57 -0.82 -1.00 -0.96 -1.00 -1.47 -0.94 -1.05 -1.04 -1.12 -1.00 -0.99 -1.46 -2.01 -2.05 -2.01 -2.00 -2.07 -2.00 -2.00 -1.98 -2.45 -2.59 -2.03 -2.82
10.17 8.49 7.99 7.56 7.06 6.56 6.06 5.56 4.93 5.00 5.00 5.00 5.00 5.06 3.93 4.00 4.00 4.00 4.00 4.00 4.00 4.00 3.00 3.00 3.00 3.00 3.00 3.00 3.00 1.88 2.00 2.00 2.00 2.00 2.00 2.00 2.00 1.00 1.00 1.16 1.27 1.16 0.59 0.95 0.84 0.76 0.64 -0.04 -0.54 -0.03 0.07 0.03 -0.49 -1.03 -1.18 -1.19 -1.30 -0.95 -0.96 -1.00 -0.96 -1.33 -1.98 -1.30 -1.02 -1.48 -2.01 -2.22 -2.05 -2.04 -2.83 -2.14 -2.19 -2.08 -2.43 -3.04 -2.74 -2.36
8.14 7.98 7.18 7.05 6.18 6.05 5.18 4.98 5.00 5.00 5.00 5.00 5.00 4.18 4.00 4.00 4.00 4.00 4.00 4.00 4.00 4.07 3.00 3.00 3.00 3.00 3.00 3.00 3.00 2.82 2.00 2.00 2.00 2.00 2.00 2.00 2.07 1.00 0.98 1.31 1.19 1.08 0.97 0.85 0.74 0.12 0.10 0.00 -0.01 -0.00 0.08 0.04 -0.40 -0.97 -1.50 -1.91 -0.30 -0.89 -0.98 -1.03 -1.24 -1.31 -2.01 -1.98 -1.31 -1.46 -2.01 -1.99 -2.00 -2.03 -2.85 -2.48 -2.83 -2.72 -2.53 -3.01 -3.01 -2.92
8.00 8.00 7.00 5.97 6.00 4.96 5.00 5.00 5.00 5.00 5.00 5.00 4.95 4.00 4.00 4.00 4.00 4.00 4.00 4.00 4.00 2.96 3.00 3.00 3.00 3.00 3.00 3.00 3.00 3.00 2.00 2.00 2.00 2.00 2.00 2.00 0.96 1.00 1.36 1.23 1.11 0.99 0.88 0.76 0.64 0.00 -0.00 0.00 0.07 0.06 -0.14 -0.48 -1.01 -1.54 -1.97 -2.17 -0.12 -0.92 -1.13 -1.85 -2.02 -1.90 -2.00 -2.00 -1.99 -1.90 -2.00 -1.99 -2.03 -2.03 -2.27 -2.53 -2.93 -3.02 -3.02 -3.00 -3.00 -3.00
8.05 7.67 6.67 5.62 5.62 5.00 5.00 5.00 5.00 5.00 5.00 5.05 3.93 4.00 4.00 4.00 4.00 4.00 4.00 4.00 4.05 3.00 3.00 3.00 3.00 3.00 3.00 3.00 3.00 3.00 2.00 2.00 2.00 2.00 2.00 2.05 1.00 1.00 1.27 1.15 1.02 0.90 0.78 0.68 0.56 0.00 0.01 0.00 -0.02 -0.17 -0.66 -1.23 -1.75 -2.14 -1.53 -1.71 -0.58 -1.01 -1.48 -2.01 -2.00 -2.01 -2.00 -2.00 -2.00 -2.00 -2.13 -2.41 -2.48 -2.76 -2.49 -2.01 -2.01 -2.45 -2.90 -3.01 -3.00 -3.00
7.24 6.21 5.14 4.97 4.97 5.00 5.00 5.00 5.00 5.00 5.07 4.24 4.00 4.00 4.00 4.00 4.00 4.00 4.00 4.07 3.24 3.00 3.00 3.00 3.00 3.00 3.00 3.00 3.00 3.00 2.00 2.00 2.00 2.00 2.00 1.24 1.00 0.98 1.18 1.06 0.93 0.81 0.68 0.14 0.11 -0.00 0.05 -0.00 -0.39 -0.90 -1.44 -1.90 -2.22 -1.29 -0.45 -0.31 -0.76 -1.01 -1.06 -1.94 -2.00 -2.00 -2.00 -2.01 -2.54 -1.96 -2.10 -2.82 -2.98 -3.02 -3.01 -2.76 -2.14 -1.34 -2.03 -3.00 -3.00 -3.00
6.98 6.00 6.00 5.00 5.00 5.00 5.00 5.00 4.98 4.98 3.98 4.00 4.00 4.00 4.00 4.00 4.00 4.00 3.98 2.98 3.00 3.00 3.00 3.00 3.00 3.00 3.00 3.00 3.00 3.00 2.00 2.00 2.00 2.00 2.00 1.00 1.01 1.23 1.10 0.97 0.84 0.69 0.57 -0.00 0.03 0.06 0.13 0.06 -0.40 -1.00 -1.67 -2.10 -1.00 -1.01 -0.47 -0.18 -1.01 -1.00 -1.05 -1.95 -2.00 -2.00 -2.00 -2.00 -2.73 -2.47 -2.35 -3.02 -3.00 -3.00 -3.00 -3.00 -3.02 -2.71 -2.00 -2.83 -3.00 -3.00
5.93 6.00 4.93 5.00 5.00 5.00 5.00 4.68 3.93 3.93 4.00 4.00 4.00 4.00 4.00 4.04 3.68 3.68 2.93 3.00 3.00 3.00 3.00 3.00 3.00 3.00 3.00 3.00 3.00 3.00 2.32 2.00 2.00 2.00 2.04 1.00 1.28 1.13 1.00 0.90 0.76 -0.05 -0.02 0.02 -0.06 -0.14 -0.08 -0.12 -0.60 -1.22 -1.42 -0.87 -1.00 -1.01 -0.64 -0.19 -0.83 -0.93 -1.56 -2.00 -2.00 -2.02 -2.03 -2.03 -1.98 -2.58 -3.02 -3.01 -3.00 -3.00 -3.00 -3.00 -3.00 -3.02 -3.04 -2.46 -3.24 -3.58
6.00 6.07 5.00 5.00 5.00 5.00 5.00 3.96 4.00 4.00 4.00 4.00 4.00 4.00 4.07 3.29 2.96 2.96 3.00 3.00 3.00 3.00 3.00 3.00 3.00 3.00 3.00 3.07 3.07 3.07 3.11 2.00 2.00 2.00 1.29 0.99 1.16 1.03 0.90 0.24 0.19 -0.00 0.08 0.05 -0.41 -0.87 -0.82 -0.80 -1.43 -1.04 -0.98 -1.00 -0.96 -0.97 -1.01 -0.76 -0.28 -0.70 -1.72 -2.01 -1.99 -2.37 -2.82 -2.79 -2.36 -1.96 -2.29 -2.92 -3.02 -3.00 -2.98 -2.98 -2.98 -3.00 -3.00 -2.92 -3.19 -4.23
6.00 5.00 5.00 5.00 5.00 5.00 5.00 4.00 4.00 4.00 4.00 4.00 4.00 4.01 3.01 3.00 3.00 3.00 3.00 3.00 3.00 3.00 3.00 3.00 3.00 3.01 3.01 2.01 2.01 2.01 2.01 2.00 2.00 2.00 1.00 1.18 1.05 0.92 0.79 -0.00 0.06 0.06 -0.14 -0.43 -0.74 -1.06 -1.41 -1.63 -1.49 -0.45 -0.99 -1.05 -1.40 -1.32 -0.98 -1.00 -0.97 -0.99 -1.71 -2.01 -2.00 -2.03 -2.66 -3.00 -3.00 -2.50 -2.15 -2.09 -2.84 -3.01 -3.19 -3.19 -3.17 -3.01 -3.01 -3.79 -4.56 -5.04
6.00 6.07 5.00 5.00 5.00 5.00 5.00 4.00 4.00 4.00 4.00 4.03 3.74 2.93 3.00 3.00 3.00 3.00 3.00 3.00 3.00 3.00 3.00 3.00 3.00 1.93 1.93 2.00 2.00 2.00 2.00 2.00 2.03 1.74 1.03 1.06 0.93 0.82 0.68 0.00 0.01 -0.12 -0.67 -1.19 -1.10 -1.03 -1.23 -1.64 -1.01 -0.34 -0.98 -1.13 -2.00 -2.03 -1.90 -1.33 -1.01 -1.24 -1.91 -2.00 -2.27 -2.31 -2.37 -2.87 -2.82 -3.06 -3.00 -2.39 -2.26 -3.37 -3.80 -4.02 -4.06 -3.77 -3.72 -4.19 -4.96 -5.33
6.00 6.00 4.93 5.00 5.00 5.00 5.00 4.00 4.00 4.00 4.07 3.35 2.95 3.00 3.00 3.00 3.00 3.00 3.00 3.00 3.00 3.00 3.00 3.00 3.07 2.00 2.00 2.00 2.00 2.00 2.07 2.07 1.35 1.06 1.07 0.93 0.80 0.26 0.25 0.00 -0.35 -0.84 -1.50 -1.93 -1.53 -0.36 -0.24 -0.79 -0.81 -0.99 -1.00 -1.00 -1.59 -2.01 -1.98 -1.98 -1.63 -1.80 -1.91 -1.97 -2.50 -3.05 -3.03 -2.87 -2.82 -2.72 -2.97 -3.00 -2.77 -2.95 -2.99 -3.86 -4.00 -3.99 -3.99 -3.94 -4.70 -5.59
6.00 6.00 5.96 5.00 5.00 5.00 5.03 4.00 4.00 4.03 3.04 3.00 3.00 3.00 3.00 3.00 3.03 3.03 3.03 3.03 3.03 3.03 3.03 3.03 2.04 2.00 2.00 2.00 2.00 2.03 1.04 1.03 1.00 1.04 0.92 0.81 0.68 -0.00 0.07 0.00 -0.50 -1.06 -1.40 -1.53 -1.32 -0.05 -0.93 -1.00 -1.00 -1.00 -1.00 -0.99 -1.54 -2.00 -2.29 -2.05 -2.00 -1.99 -2.34 -2.26 -1.99 -2.32 -2.98 -3.00 -3.00 -2.96 -3.00 -2.97 -2.97 -2.99 -3.00 -3.18 -4.01 -4.24 -4.65 -4.90 -4.82 -5.42
6.02 6.02 6.02 5.00 5.00 5.02 3.93 4.00 4.02 2.93 3.00 3.00 3.00 3.00 3.00 2.80 1.93 1.93 1.93 1.93 1.93 1.93 1.93 1.93 2.00 2.00 2.00 2.02 1.80 0.93 1.04 1.16 1.02 0.91 1.08 -0.06 -0.05 0.00 0.07 0.01 -0.49 -1.00 -1.13 -0.71 -1.05 -0.67 -1.01 -1.00 -1.00 -1.00 -1.00 -0.99 -1.02 -1.83 -2.41 -2.06 -1.99 -2.22 -2.63 -2.07 -2.28 -2.17 -2.17 -2.74 -2.98 -3.06 -2.98 -3.60 -3.88 -3.29 -2.99 -4.25 -3.90 -4.44 -5.03 -4.98 -4.36 -5.47
5.42 5.42 5.42 5.00 5.07 4.42 4.07 4.07 3.42 3.00 3.00 3.00 3.00 3.00 3.07 1.95 2.00 2.00 2.00 2.00 2.00 2.00 2.00 2.00 2.00 2.00 2.07 1.42 0.53 1.10 1.11 0.97 0.85 0.33 0.90 -0.00 -0.01 -0.00 0.09 0.06 -0.41 -1.06 -0.55 -1.25 -0.55 -0.73 -1.01 -1.00 -1.00 -1.00 -0.97 -1.17 -1.23 -1.17 -1.82 -2.00 -2.00 -1.99 -2.01 -2.05 -2.89 -2.93 -2.20 -2.66 -2.98 -3.23 -3.47 -3.70 -4.07 -3.73 -3.46 -4.03 -3.90 -4.74 -4.98 -4.80 -4.63 -5.73
4.99 4.99 4.99 5.05 4.08 4.04 3.08 3.08 2.99 3.00 3.00 3.00 3.00 3.05 2.08 2.00 2.00 2.00 2.00 2.00 2.00 2.00 2.00 2.00 2.00 2.05 1.08 0.99 6.81 1.04 0.92 0.80 0.68 -0.00 0.02 0.06 0.09 0.06 -0.12 -0.38 -0.73 -0.16 -0.51 -0.16 -0.23 -0.99 -1.00 -1.00 -1.00 -0.99 -1.32 -1.94 -1.41 -0.98 -1.28 -1.97 -2.00 -1.99 -2.77 -2.95 -2.99 -3.00 -2.96 -3.00 -3.00 -3.07 -3.97 -3.69 -4.00 -3.97 -3.98 -4.44 -4.93 -5.00 -5.00 -5.00 -4.69 -5.40
5.02 4.85 4.86 3.95 3.85 2.94 3.02 3.02 3.02 2.85 2.85 2.85 2.85 1.94 2.00 2.00 2.00 2.00 2.00 2.00 2.00 2.02 1.85 1.85 1.85 0.94 1.02 1.00 0.60 0.86 0.74 0.63 0.52 0.01 -0.03 -0.07 -0.00 -0.06 -0.63 -1.17 -0.47 -0.99 -1.04 -0.74 -0.67 -1.01 -1.00 -1.00 -1.00 -0.99 -1.54 -2.03 -1.46 -1.08 -1.33 -1.92 -2.00 -2.04 -2.20 -2.99 -3.00 -3.00 -3.00 -3.00 -3.00 -3.05 -3.65 -3.45 -4.03 -4.60 -4.17 -4.96 -5.00 -5.00 -5.00 -4.92 -4.82 -5.43
4.48 3.94 3.42 3.48 2.94 3.06 2.48 2.48 2.48 1.94 1.94 1.94 1.94 2.00 2.00 2.00 2.00 2.00 2.00 2.06 2.06 1.48 0.94 0.93 0.94 1.05 1.04 0.91 0.79 0.67 0.56 0.24 0.24 0.07 -0.36 -0.79 -0.73 -0.82 -0.57 -0.85 -0.68 -0.58 -1.01 -1.03 -1.03 -1.00 -1.00 -1.00 -1.00 -0.99 -1.21 -1.94 -1.96 -1.93 -1.99 -1.63 -1.90 -2.33 -2.94 -3.00 -3.00 -3.00 -3.00 -3.00 -3.03 -3.06 -3.15 -3.93 -4.16 -4.11 -4.61 -5.02 -5.00 -5.00 -5.00 -4.91 -4.94 -5.23
3.99 4.06 2.99 2.99 3.06 2.12 1.99 1.99 1.99 2.00 2.00 2.00 2.00 2.00 2.00 2.00 2.00 2.06 2.06 1.12 1.12 0.99 0.99 1.15 1.04 0.94 0.82 0.71 0.60 0.51 0.39 -0.01 -0.17 -0.41 -0.70 -1.01 -1.43 -0.13 0.01 0.02 -0.88 -0.57 -1.01 -1.00 -1.00 -1.00 -0.97 -1.00 -1.00 -1.05 -1.44 -1.98 -2.00 -2.00 -2.00 -1.97 -1.98 -2.03 -2.40 -2.99 -3.00 -3.00 -3.00 -2.99 -3.29 -3.98 -4.25 -4.50 -4.44 -4.12 -4.98 -5.02 -5.00 -5.00 -5.02 -5.03 -5.03 -4.80
