Instances/TaedongGang/GMRTv3_3_20170611topo.asc
ncols 801
nrows 530
xllcorner 124.91455078125
yllcorner 38.547735809879775
cellsize 5.4931640625E-4
nodata_value -2147483648
[rows 0 to 32 of 530, columns 444 to 517 of 801]
4.00 4.00 4.00 4.00 4.00 3.98 5.00 6.02 5.98 7.93 9.92 10.97 9.00 8.99 6.99 4.99 4.00 4.00 4.00 5.02 5.00 3.98 4.97 4.97 5.00 4.98 5.03 5.02 6.02 8.05 8.05 9.10 9.08 7.06 6.00 4.97 6.00 6.00 6.05 6.05 7.02 8.97 9.97 9.00 9.00 8.02 8.02 7.04 5.03 5.00 3.95 3.97 6.02 6.00 7.03 7.01 6.95 6.95 5.97 5.97 7.00 8.06 11.00 13.00 16.05 18.05 20.07 24.07 30.10 40.08 50.90 57.75 61.59 62.51
4.14 4.16 4.16 4.16 4.19 5.05 5.00 5.14 7.11 10.01 10.97 9.79 9.04 7.77 5.72 3.89 3.98 3.98 3.98 3.93 5.02 5.07 4.98 4.98 5.16 6.09 5.02 3.93 4.75 5.70 6.77 6.70 7.77 7.19 6.16 6.23 6.16 6.19 5.10 5.10 6.28 9.16 9.79 9.00 8.79 6.93 6.75 4.82 5.12 5.31 6.28 5.21 5.08 5.96 7.14 8.58 9.45 8.38 7.40 7.23 6.96 7.96 10.98 13.00 13.86 15.70 17.70 21.72 27.68 38.95 53.36 63.78 70.16 71.84
6.04 5.52 5.58 5.58 5.00 5.52 5.00 5.54 6.02 7.50 7.92 8.03 8.02 6.42 5.53 5.04 4.46 4.52 4.52 4.00 4.48 4.94 5.52 5.52 6.65 5.48 4.48 4.00 3.94 4.42 5.42 5.42 6.42 8.12 7.58 7.58 7.58 7.00 6.58 6.45 8.51 10.45 9.40 8.94 8.46 7.00 5.88 5.91 7.43 8.49 7.84 6.91 7.04 6.98 9.04 12.09 12.49 11.49 10.03 8.52 8.04 8.98 11.46 12.87 13.87 14.35 16.42 19.90 27.07 38.67 53.40 64.14 69.63 69.91
7.75 6.80 6.02 6.02 5.91 6.08 5.00 4.98 4.12 4.32 5.09 5.33 6.18 6.05 5.10 6.03 5.86 5.02 5.08 4.00 3.92 5.85 6.08 6.02 6.23 5.05 3.98 3.94 3.94 3.92 4.98 4.98 5.98 7.15 8.02 8.02 8.02 7.85 6.82 8.52 10.59 12.65 10.86 9.79 8.95 6.87 6.72 8.67 11.59 12.53 12.36 10.51 8.82 8.82 10.82 14.67 16.47 15.47 12.60 9.80 8.97 10.82 12.74 14.57 15.57 14.64 15.92 18.97 25.43 35.76 47.39 54.89 58.78 61.30
10.02 7.93 5.95 5.95 4.97 4.97 5.00 5.00 4.00 2.96 5.00 3.96 4.96 4.96 6.04 6.00 5.95 5.00 4.01 4.05 5.04 5.95 4.96 6.00 4.96 3.96 4.05 5.04 4.98 5.04 5.00 5.00 5.95 6.95 7.95 8.00 8.00 8.05 10.16 12.16 13.12 13.98 11.00 11.04 10.09 9.12 9.12 10.04 12.01 13.94 13.94 11.93 10.04 10.09 12.09 16.09 19.13 18.12 15.12 11.09 10.09 12.09 15.18 17.23 18.17 18.20 17.19 19.10 22.92 29.72 37.45 43.47 48.56 54.76
8.67 5.85 4.88 4.55 4.62 4.66 5.04 4.66 4.00 3.34 4.62 4.30 5.34 5.34 6.00 5.62 4.93 5.34 5.45 5.12 4.66 4.55 5.34 5.66 4.96 4.34 5.07 5.00 3.88 5.00 5.00 4.66 4.97 5.59 6.97 7.66 8.00 9.41 11.41 13.37 14.33 13.18 11.21 10.87 11.03 10.41 10.07 10.04 11.41 11.26 10.88 9.56 10.00 11.07 13.07 16.74 19.82 19.20 16.20 12.16 10.78 12.78 17.28 20.31 20.87 20.82 20.90 21.78 23.63 27.90 32.72 39.41 46.16 54.60
6.66 6.07 5.76 4.65 4.65 3.89 4.31 3.96 4.00 4.04 4.65 5.73 6.11 6.11 6.07 5.72 5.07 6.11 5.35 4.24 3.89 4.57 6.04 4.89 5.69 5.04 5.07 5.07 4.69 4.93 5.00 3.89 4.31 4.96 6.31 6.96 8.00 10.04 12.04 14.65 16.34 15.27 13.95 13.06 11.54 10.97 10.00 9.39 8.55 8.55 8.19 8.27 10.07 11.15 13.22 16.18 17.81 17.16 14.09 10.70 9.35 11.42 15.16 18.85 21.54 22.15 22.15 23.91 25.99 27.39 31.77 38.64 46.65 56.37
5.03 5.04 5.04 4.97 4.97 4.96 3.97 4.00 3.97 3.97 4.97 6.00 5.01 5.01 5.04 5.01 4.01 5.07 5.00 4.96 4.93 5.96 6.00 5.96 6.03 5.00 4.04 4.04 5.00 5.99 5.00 4.96 3.97 5.00 6.00 7.06 8.08 10.08 12.03 15.99 17.99 17.93 16.93 13.95 13.93 11.93 10.00 8.04 8.00 7.97 8.00 8.00 9.07 9.13 10.17 13.23 14.22 13.19 11.13 9.06 8.06 9.10 11.16 15.19 19.16 21.09 21.12 22.22 23.23 26.15 29.18 33.30 42.35 52.40
5.00 4.98 5.17 6.03 6.22 5.15 5.03 4.32 5.03 5.24 6.09 6.00 6.24 6.22 5.32 6.03 5.03 4.09 4.98 5.17 6.07 6.02 5.83 5.83 4.93 5.00 4.17 3.98 5.02 4.93 5.00 5.00 5.09 4.83 5.66 4.69 4.63 6.47 10.46 14.65 16.65 17.52 16.69 15.85 13.87 13.10 10.17 8.15 8.15 9.05 8.13 8.13 7.90 6.85 7.68 8.37 9.39 9.63 8.85 7.90 7.07 7.91 8.87 11.65 15.49 18.41 17.34 16.03 18.12 21.12 24.29 28.12 33.25 40.81
4.94 5.44 6.00 7.01 7.57 6.50 5.95 6.63 6.01 6.06 5.50 6.00 7.06 7.57 7.57 6.88 5.88 5.50 5.44 6.06 6.00 5.50 4.94 4.94 5.00 5.06 5.06 4.50 4.50 5.00 5.00 5.00 4.50 3.94 3.88 3.94 3.94 4.37 6.93 11.61 13.61 14.06 14.06 12.49 12.05 12.12 11.19 9.63 9.63 9.44 10.01 9.95 8.88 7.38 7.38 7.38 7.81 8.88 9.50 9.01 9.07 8.50 9.00 10.43 12.87 14.36 13.43 11.30 12.80 15.86 20.05 22.99 24.17 29.10
5.84 6.92 6.77 8.04 8.02 7.85 7.87 7.02 7.10 6.00 4.92 6.00 7.07 8.02 8.79 9.64 8.57 6.72 6.79 5.93 6.00 4.92 4.93 5.00 5.00 4.16 5.00 5.02 3.98 5.00 5.00 5.00 3.92 3.93 4.00 4.00 4.00 3.98 4.29 6.74 8.80 9.89 10.72 9.41 9.43 9.43 9.46 9.31 9.18 10.85 11.81 12.57 11.57 9.62 8.85 7.95 8.84 9.84 10.08 10.10 10.04 8.95 9.00 10.05 12.16 12.31 10.41 9.18 10.23 12.46 14.78 17.78 19.54 22.73
6.04 5.96 8.03 8.00 8.00 7.96 7.96 7.05 6.01 6.00 6.03 6.00 5.97 8.00 10.03 11.03 11.02 9.06 8.03 7.03 6.05 6.03 5.99 5.00 5.00 4.04 5.00 5.00 4.04 5.05 5.00 5.00 5.03 5.03 4.00 4.00 4.00 4.00 4.00 3.94 4.87 4.83 5.79 6.85 6.90 6.90 6.90 6.89 8.91 10.91 12.99 15.03 13.98 10.99 9.00 8.99 9.00 9.96 8.93 8.93 9.96 9.99 9.00 8.97 8.91 8.91 7.94 7.93 7.90 8.87 10.78 13.79 16.82 18.78
7.40 6.56 8.24 8.32 8.00 6.89 6.93 7.75 7.07 6.32 5.96 6.00 6.00 7.72 9.72 10.76 9.65 8.68 7.68 6.68 6.75 6.00 4.89 5.32 5.28 5.35 5.64 5.32 5.07 5.75 5.04 4.68 5.04 5.00 4.32 3.96 3.96 3.96 3.96 4.00 3.93 3.93 3.85 4.85 5.60 5.93 5.93 6.21 6.81 8.85 11.65 13.00 11.25 9.28 8.72 7.93 8.68 8.65 7.60 7.28 8.32 8.28 8.68 8.68 8.68 8.68 8.00 6.93 6.97 7.28 7.50 9.85 12.89 15.22
7.89 9.20 10.24 8.89 7.93 7.74 7.00 7.03 7.00 6.97 6.60 5.85 5.93 6.21 8.36 8.62 8.36 8.03 7.03 5.88 5.96 5.93 5.60 6.04 6.79 6.71 7.08 5.97 4.93 4.96 4.18 3.88 4.33 5.00 5.04 4.67 4.60 4.60 4.60 3.93 4.00 4.00 4.00 5.07 4.96 6.00 6.00 7.71 7.60 8.93 10.21 10.13 9.17 7.92 7.29 8.07 8.03 7.29 6.96 5.92 6.17 6.84 7.96 7.96 7.96 8.03 8.07 7.00 6.33 5.92 6.36 7.20 9.53 12.58
9.81 12.80 12.88 10.91 8.95 7.05 7.00 6.05 7.03 7.95 7.96 7.91 6.95 6.95 7.04 8.03 7.01 7.01 6.01 6.95 5.97 6.95 6.96 6.00 6.02 7.00 7.00 6.95 5.92 5.00 5.94 4.95 3.96 5.00 5.00 4.97 5.96 5.92 5.89 4.89 3.97 4.00 3.97 4.01 5.00 6.00 5.97 8.00 8.96 9.95 10.92 10.92 9.92 7.97 6.96 7.01 7.05 7.00 6.97 5.93 6.95 7.95 8.00 8.00 8.03 7.05 7.05 7.00 6.00 6.00 5.04 7.03 8.99 11.99
13.54 15.16 14.12 11.03 9.02 7.16 7.17 6.14 6.08 8.00 8.19 8.19 7.17 7.00 7.00 6.92 8.06 8.22 7.38 7.32 7.22 7.16 7.17 6.17 7.08 6.84 6.86 6.68 6.91 5.16 5.11 5.00 5.06 5.00 4.98 6.06 6.00 7.24 8.46 7.43 5.35 4.30 5.03 5.05 4.97 5.98 7.05 8.00 9.00 10.00 12.06 12.54 11.68 9.50 8.21 7.92 7.03 7.02 8.24 8.32 7.00 7.84 8.02 7.68 6.78 6.84 6.86 6.86 6.00 5.84 5.16 5.94 8.86 12.03
14.34 14.27 12.72 10.21 8.57 8.06 7.58 7.55 7.49 8.00 8.09 8.09 7.58 7.00 7.06 7.49 7.94 9.06 9.13 9.19 8.06 8.12 7.70 6.64 6.57 6.00 5.45 4.87 5.94 6.06 5.58 5.00 5.00 5.00 5.49 6.00 6.00 7.58 9.70 9.68 8.16 6.55 5.97 5.43 5.97 6.49 7.49 7.94 9.00 10.06 12.12 15.31 15.80 13.17 9.55 6.45 6.03 6.57 8.70 8.15 7.00 6.88 7.57 5.93 5.94 6.00 5.45 5.39 6.00 4.94 6.06 6.06 7.45 11.09
10.70 9.88 8.61 6.56 7.29 8.14 6.98 8.02 8.91 8.00 6.96 6.96 6.98 7.00 6.04 7.95 8.82 8.93 9.07 8.18 8.00 7.25 5.34 5.16 5.16 5.18 4.98 4.93 5.93 6.00 4.91 4.93 4.93 5.00 6.02 6.00 6.00 6.98 8.23 9.33 8.29 7.91 6.97 6.77 7.04 7.02 8.02 8.89 9.07 9.18 10.36 13.43 15.27 14.11 9.95 5.98 4.96 5.16 6.41 6.14 7.00 7.82 6.09 5.18 6.07 5.18 4.98 5.80 6.07 5.00 6.00 5.18 7.05 9.21
6.89 5.92 5.95 4.97 4.95 5.91 6.97 7.97 7.98 8.00 7.00 7.00 7.00 7.00 8.02 9.03 9.00 10.00 7.98 7.97 7.97 5.97 5.03 5.03 5.03 5.00 5.03 6.09 7.06 6.03 6.06 6.02 6.02 5.03 6.00 6.00 6.03 7.00 6.97 6.95 6.98 6.97 8.03 8.03 7.00 7.00 8.00 7.98 7.94 8.97 9.97 11.91 13.88 12.95 11.00 6.03 5.00 5.00 4.97 6.00 7.00 8.00 7.03 5.00 4.97 5.00 5.00 6.00 4.97 5.00 6.00 5.03 5.97 7.94
6.19 6.27 6.00 5.34 5.34 5.23 5.96 6.96 7.70 7.73 7.04 6.70 7.04 7.04 6.93 8.43 8.77 8.35 7.70 6.93 6.93 6.30 6.07 6.07 6.07 5.27 6.38 8.15 8.38 7.65 7.34 6.27 6.30 6.04 5.96 6.61 7.38 7.00 7.00 6.66 6.70 7.00 8.00 8.00 7.00 7.00 7.39 7.73 6.96 7.66 8.32 9.28 10.21 11.05 9.35 7.11 5.00 5.00 5.00 6.00 6.66 7.70 6.70 5.00 5.00 5.00 5.00 5.70 5.27 5.61 6.30 6.04 6.00 6.62
7.70 7.70 6.00 5.39 5.32 6.12 5.42 6.42 6.96 6.30 6.35 6.03 6.35 6.35 7.15 6.33 6.72 6.33 6.96 7.00 7.00 7.04 5.93 5.93 5.93 6.70 6.97 7.93 8.97 9.60 8.55 7.62 7.04 6.65 6.65 8.16 8.12 7.00 7.00 6.54 5.81 6.93 8.00 7.93 6.93 7.00 5.91 6.30 6.35 6.30 6.91 7.26 8.26 8.29 7.26 6.35 5.00 5.00 5.00 6.00 6.68 7.03 6.03 5.00 5.00 5.00 5.00 4.88 6.77 7.09 7.04 6.65 5.93 5.96
8.00 8.00 6.00 5.00 5.94 5.02 4.02 5.02 7.00 5.96 6.00 5.06 6.00 6.00 5.12 5.05 5.05 5.05 7.00 6.96 7.00 7.00 6.94 6.98 6.94 7.00 7.90 8.94 9.90 11.89 10.89 8.95 7.00 7.00 6.97 7.02 7.06 7.00 7.00 7.91 7.81 7.87 7.92 8.94 7.94 6.96 6.00 6.03 6.03 6.03 7.04 7.00 8.03 7.05 7.00 6.00 5.00 5.00 5.00 6.00 6.10 6.10 5.06 5.00 5.00 5.00 5.04 5.98 6.02 6.96 7.00 7.00 6.94 5.96
7.73 7.73 6.01 5.14 5.99 6.21 5.06 5.92 6.86 7.06 6.00 5.00 5.87 5.87 5.00 5.00 5.00 5.13 7.29 8.34 7.27 7.14 7.00 5.94 7.00 7.14 9.06 9.00 10.93 11.86 10.86 9.00 7.30 7.14 8.22 8.21 7.27 7.11 7.27 9.21 10.27 10.41 10.27 9.14 7.99 7.92 5.86 4.94 4.94 4.94 5.95 6.86 6.94 7.00 7.00 6.00 5.00 5.00 5.01 5.87 4.94 4.94 5.00 4.86 4.86 4.87 3.94 4.94 7.06 8.06 7.14 7.00 7.00 7.21
5.40 5.40 5.53 6.01 6.53 7.12 4.94 4.93 5.99 7.06 6.00 5.00 4.41 4.41 5.06 5.00 4.94 6.53 9.19 10.66 9.60 8.07 7.00 5.94 6.94 8.07 9.06 9.00 9.41 10.99 9.93 9.06 8.72 8.12 8.60 9.07 9.60 9.00 9.66 10.12 11.18 12.25 11.12 10.12 8.53 6.93 4.88 5.00 5.00 5.00 5.47 5.93 7.00 7.00 7.06 6.00 5.00 5.00 4.53 4.47 5.06 5.00 5.00 3.93 3.93 3.41 4.00 5.00 7.00 8.00 8.07 6.94 7.00 8.07
4.98 4.98 4.98 6.88 6.22 6.19 5.81 5.00 5.19 6.12 6.00 4.93 4.78 4.78 4.12 5.00 5.81 7.02 8.19 10.29 10.09 8.07 7.00 6.81 7.81 8.07 8.19 9.07 9.85 10.19 10.07 8.26 7.24 7.26 7.98 9.00 10.02 10.04 9.22 9.26 9.53 10.53 10.26 9.26 8.29 7.00 5.81 5.00 5.00 5.00 5.78 6.00 7.00 7.07 6.19 6.00 4.93 5.00 3.98 3.98 4.19 5.07 5.07 4.00 4.00 3.78 4.00 5.00 6.93 7.93 7.93 7.67 6.86 8.00
5.00 5.00 5.00 5.96 6.00 6.00 5.98 4.98 5.00 7.02 6.02 6.02 5.00 5.00 5.02 5.02 6.00 7.00 8.00 8.96 8.93 7.00 7.00 7.00 7.98 6.96 7.95 7.96 8.96 9.98 8.96 6.98 5.98 6.00 8.00 8.98 9.98 9.98 9.00 7.98 6.96 7.94 8.93 7.93 6.96 6.98 5.98 5.00 5.00 5.00 6.00 6.00 7.00 6.00 6.02 6.02 6.04 5.00 4.02 4.00 4.00 3.98 4.01 4.02 4.02 4.02 4.05 5.07 8.04 9.04 9.04 10.04 9.04 7.98
4.96 5.29 4.96 4.93 6.04 5.75 4.96 3.89 5.04 6.46 6.79 6.00 4.96 4.96 4.96 6.07 6.29 7.00 7.96 7.85 7.39 8.00 7.25 7.00 6.64 5.96 5.89 6.93 7.89 8.93 7.64 7.04 6.00 7.07 8.04 7.93 8.93 8.93 9.00 8.00 7.32 6.96 6.56 5.56 5.93 5.93 4.93 4.68 5.00 5.29 6.00 6.00 6.71 7.11 7.07 7.36 7.04 5.25 5.04 3.96 4.00 4.32 4.79 5.11 5.36 5.61 6.72 8.51 9.07 10.11 10.07 10.07 8.50 6.67
5.71 6.12 5.64 5.00 5.44 4.32 4.36 4.64 4.36 4.27 6.10 6.00 5.64 5.56 5.56 5.93 7.05 6.93 8.64 9.20 9.58 9.20 8.68 7.00 5.95 5.36 5.36 7.00 8.64 9.00 6.88 6.29 6.00 7.07 7.44 8.15 9.15 9.07 9.07 8.00 7.48 6.44 6.03 4.95 5.93 6.00 4.93 4.52 4.93 6.05 6.00 5.93 5.95 6.36 7.07 8.12 7.71 6.68 5.56 4.56 3.93 4.41 3.95 4.36 6.12 7.87 8.24 9.19 9.07 9.44 10.15 8.80 5.71 5.39
5.03 5.07 6.01 5.04 4.06 3.99 3.99 5.01 3.95 3.99 4.14 6.04 5.96 6.98 6.94 6.93 7.00 7.93 9.01 10.94 11.82 10.94 9.01 7.00 6.00 4.99 4.99 7.00 9.05 9.04 7.93 6.93 6.00 6.07 6.06 6.18 7.18 8.11 8.07 8.00 6.02 5.02 5.07 4.96 6.93 5.96 5.89 5.89 5.89 5.96 6.00 6.93 6.00 5.99 6.07 7.07 7.07 6.96 6.89 5.89 4.93 3.99 4.00 3.99 5.11 6.19 6.18 7.14 8.07 8.06 8.18 7.10 4.06 4.06
6.06 5.00 5.87 4.07 4.00 4.00 4.00 5.00 5.05 4.13 3.99 4.93 6.94 5.81 6.88 7.00 7.00 7.99 9.26 11.26 12.93 10.88 8.88 7.00 5.99 5.13 5.13 6.99 7.80 7.81 7.87 6.87 6.00 5.99 6.12 5.06 5.93 6.95 8.01 8.00 7.20 6.05 5.13 6.18 7.13 7.22 7.20 7.19 7.19 7.07 5.87 6.87 6.00 6.00 6.00 6.87 7.00 8.07 8.06 7.19 5.26 4.13 4.00 4.01 3.94 4.81 4.81 6.74 7.88 7.87 6.94 5.94 4.12 3.99
6.00 4.94 4.93 5.07 3.94 4.00 4.00 5.00 5.45 5.07 4.39 5.51 5.48 4.93 5.43 6.94 7.00 8.56 11.19 13.25 12.05 9.54 7.48 7.00 6.45 6.07 6.01 7.45 7.33 6.88 6.93 5.88 5.89 6.39 7.52 6.46 6.39 6.49 7.55 8.11 7.67 6.51 6.07 7.57 8.12 7.17 7.67 8.12 8.12 6.61 4.93 6.05 6.11 6.06 6.00 5.93 7.11 7.61 8.06 8.07 7.08 5.01 4.00 3.55 4.06 3.93 3.93 4.92 6.54 6.99 6.94 5.89 5.40 4.34
6.00 5.79 4.93 5.00 4.79 4.00 4.00 5.00 6.10 4.93 5.81 5.31 4.98 4.93 5.69 7.86 7.07 7.51 10.42 11.63 10.49 8.26 6.98 6.93 7.10 6.00 6.79 7.95 8.81 7.79 6.93 6.72 7.51 7.67 8.02 7.89 7.89 6.77 7.05 6.42 6.19 6.23 5.93 7.23 7.21 5.95 6.19 7.28 7.21 5.11 4.93 4.35 4.42 5.21 6.00 6.00 5.42 6.26 7.28 8.07 7.93 5.86 4.00 2.98 3.21 4.00 4.00 4.21 5.19 6.21 7.79 7.58 7.60 6.60
5.99 6.00 6.01 5.01 5.01 4.01 4.01 5.00 5.00 6.01 6.00 4.02 5.01 6.01 7.01 6.96 5.99 5.97 6.95 7.93 8.97 6.99 6.99 7.97 5.96 5.99 6.99 9.00 8.99 8.00 8.01 8.03 9.04 10.04 8.01 7.00 7.00 7.00 5.99 6.00 6.00 6.01 7.01 7.00 7.00 6.01 6.00 5.99 6.99 6.01 6.01 5.01 4.01 4.99 5.97 5.99 5.00 4.99 5.97 6.96 5.94 4.96 3.99 3.00 3.00 4.00 4.00 4.00 4.99 5.99 7.99 7.99 7.99 6.99
