Instances/TaedongGang/GMRTv3_3_20170611topo.asc
ncols 801
nrows 530
xllcorner 124.91455078125
yllcorner 38.547735809879775
cellsize 5.4931640625E-4
nodata_value -2147483648
[rows 396 to 428 of 530, columns 370 to 443 of 801]
-7.39 -6.39 -5.41 -4.46 -3.55 -2.68 -1.86 -1.10 -0.38 0.30 0.95 1.57 2.17 2.76 3.33 3.91 4.48 5.07 5.66 6.28 5.41 5.93 7.51 8.70 7.15 5.63 2.59 1.93 2.00 2.00 1.88 3.00 3.00 2.95 3.41 3.41 3.41 3.81 4.41 6.48 6.76 6.76 7.78 9.23 9.42 8.41 7.00 6.00 5.95 5.95 6.00 5.41 4.95 5.07 4.41 4.00 5.00 6.05 9.24 13.51 17.51 21.33 24.56 27.63 29.11 31.23 33.84 35.51 34.56 32.78 28.29 21.62 16.04 10.80
-7.43 -6.43 -5.46 -4.51 -3.60 -2.74 -1.94 -1.19 -0.48 0.19 0.82 1.43 2.02 2.59 3.15 3.71 4.27 4.83 5.40 5.99 4.99 6.90 9.76 11.72 9.77 6.96 3.01 2.90 1.95 1.95 2.90 3.00 3.00 3.00 2.99 2.99 2.99 2.98 3.99 5.09 6.04 6.04 6.08 7.13 8.20 8.04 7.00 5.95 5.95 5.95 6.00 4.99 5.00 4.10 3.94 3.95 5.00 6.05 7.31 8.61 12.71 17.72 21.61 23.76 23.85 24.90 26.94 28.00 29.87 29.79 27.54 24.09 19.95 13.83
-7.44 -6.45 -5.48 -4.54 -3.65 -2.80 -2.01 -1.27 -0.57 0.09 0.71 1.31 1.89 2.45 3.00 3.54 4.08 4.62 5.17 5.73 5.00 6.90 10.97 14.02 10.97 5.96 3.09 2.99 3.04 3.04 2.99 2.99 3.00 2.98 2.99 2.99 3.09 3.09 4.09 5.09 5.03 5.03 5.99 5.94 5.90 6.86 7.00 7.04 7.03 7.03 6.09 5.08 4.98 4.09 5.05 5.05 5.00 4.95 4.90 5.81 7.52 10.34 14.15 15.20 15.28 17.35 18.30 20.24 21.29 21.27 20.42 20.58 17.72 13.91
-7.43 -6.45 -5.49 -4.56 -3.68 -2.84 -2.06 -1.33 -0.65 -0.00 0.62 1.21 1.78 2.33 2.86 3.39 3.92 4.44 4.97 5.51 5.00 6.32 9.58 12.24 9.58 5.60 4.02 3.40 3.35 3.29 3.29 3.29 2.85 3.74 3.29 3.35 4.07 4.07 5.12 6.07 6.47 6.81 6.29 6.29 5.85 5.78 6.90 7.35 7.79 7.79 7.42 6.81 5.74 5.42 5.00 5.00 5.00 5.00 5.00 4.93 4.79 5.93 7.78 9.41 11.32 12.48 13.53 14.85 16.93 17.72 17.74 17.34 15.46 12.48
-7.40 -6.43 -5.48 -4.57 -3.69 -2.87 -2.10 -1.39 -0.72 -0.08 0.53 1.12 1.68 2.22 2.75 3.26 3.78 4.28 4.80 5.25 4.85 6.88 8.23 9.46 8.30 4.97 4.74 3.88 4.55 5.14 5.14 5.21 4.92 5.58 5.29 4.62 3.93 4.00 4.26 6.07 7.03 8.65 8.21 8.21 7.92 7.92 8.25 8.70 8.99 8.99 8.70 8.73 7.73 6.77 4.93 5.00 5.00 5.00 5.00 5.00 5.00 4.86 6.94 8.64 10.89 11.57 11.83 13.86 15.94 17.93 18.66 17.56 14.75 12.48
-7.35 -6.39 -5.46 -4.56 -3.70 -2.89 -2.14 -1.44 -0.77 -0.14 0.46 1.03 1.59 2.12 2.64 3.15 3.65 4.12 4.61 5.97 6.94 8.94 7.97 9.00 7.01 4.99 4.99 5.95 7.92 10.89 10.87 9.87 9.87 8.89 8.93 6.95 4.96 3.99 3.99 5.00 6.99 10.96 12.91 12.90 12.90 12.91 11.93 9.95 9.95 9.95 9.96 9.98 8.98 6.99 5.98 4.99 5.00 5.00 5.01 5.00 5.00 5.99 7.00 9.00 12.00 13.00 12.99 15.00 16.00 19.00 19.99 19.96 17.93 15.92
-7.27 -6.33 -5.42 -4.53 -3.69 -2.90 -2.16 -1.48 -0.82 -0.20 0.39 0.96 1.51 2.03 2.55 3.05 3.88 6.16 7.12 8.51 10.77 12.77 11.79 9.37 7.42 6.05 6.26 8.28 12.86 16.07 18.42 18.47 18.28 16.21 13.23 9.91 7.49 5.46 5.28 6.07 8.28 12.10 16.26 17.36 17.33 16.45 15.63 14.02 13.79 13.58 12.72 11.42 10.21 8.18 6.97 6.23 5.16 4.93 3.88 5.00 5.23 6.00 7.02 9.05 10.54 11.54 12.61 13.54 15.63 17.56 19.63 21.10 21.63 20.86
-7.17 -6.25 -5.36 -4.50 -3.67 -2.90 -2.18 -1.51 -0.87 -0.26 0.33 0.89 1.43 1.95 2.46 2.95 4.54 5.32 7.89 10.87 14.47 16.61 15.13 12.07 8.98 6.28 7.40 10.56 16.20 20.32 23.44 24.06 22.45 20.52 17.90 14.86 10.75 7.66 6.06 6.00 9.12 11.52 15.04 15.43 16.04 16.65 17.12 17.71 17.20 16.14 16.20 14.68 12.49 11.04 8.98 7.88 6.88 6.43 4.89 4.80 5.45 6.00 6.46 7.91 8.41 9.47 10.41 11.41 12.86 14.93 16.86 20.59 23.18 24.33
-7.05 -6.16 -5.29 -4.45 -3.65 -2.89 -2.19 -1.54 -0.91 -0.31 0.26 0.82 1.35 1.87 2.37 2.86 3.99 6.59 11.37 16.04 20.23 20.57 17.75 14.75 10.60 10.34 10.36 13.58 17.89 21.15 23.41 23.56 21.55 18.62 17.34 16.16 12.10 8.01 6.00 6.06 8.20 10.18 12.37 13.16 13.25 14.14 16.94 18.82 18.89 17.89 17.89 16.84 16.57 15.58 13.46 12.30 11.23 10.45 8.37 7.40 5.66 5.88 5.86 6.97 7.18 7.26 9.25 10.18 11.11 12.25 15.17 18.38 22.26 24.23
-6.90 -6.04 -5.20 -4.39 -3.61 -2.88 -2.20 -1.56 -0.95 -0.36 0.21 0.76 1.28 1.80 2.30 2.79 4.12 9.14 16.17 22.10 22.93 21.76 17.84 14.95 13.14 13.19 15.27 17.17 18.00 18.81 18.61 18.49 16.55 14.65 13.71 13.75 10.79 7.95 6.00 4.96 6.90 8.91 9.93 11.97 13.07 16.09 18.05 19.99 19.01 17.95 17.83 17.93 17.99 17.05 17.18 16.23 16.33 14.35 13.32 11.29 9.29 8.25 8.18 7.16 6.07 6.99 6.91 8.89 10.94 12.00 13.90 15.87 19.81 22.91
-6.70 -5.88 -5.08 -4.30 -3.55 -2.85 -2.19 -1.57 -0.97 -0.39 0.17 0.71 1.24 1.75 2.17 3.66 6.49 9.77 14.79 18.09 17.62 14.73 13.53 13.28 14.07 15.40 17.36 18.68 18.35 16.21 13.71 11.57 10.99 10.41 10.09 9.74 7.13 6.28 6.00 5.00 5.58 7.28 9.35 11.35 13.43 15.35 17.40 18.37 18.09 16.02 13.79 14.95 16.02 16.44 17.82 18.54 19.91 19.29 17.13 15.08 13.08 12.08 11.35 11.38 8.92 7.77 7.82 8.40 10.10 12.26 12.84 14.58 17.55 21.28
-6.47 -5.69 -4.93 -4.19 -3.47 -2.80 -2.16 -1.56 -0.98 -0.41 0.15 0.69 1.21 1.73 3.30 5.62 6.96 8.20 9.16 9.08 8.74 8.01 8.70 11.23 13.93 17.34 20.03 21.38 18.96 14.23 11.19 9.19 9.38 9.42 9.07 7.96 5.16 4.16 6.07 5.07 5.04 5.23 7.38 9.38 11.38 13.38 14.69 15.07 13.96 11.96 11.34 10.89 11.96 12.93 15.73 18.42 21.15 21.81 21.11 19.65 17.58 16.58 16.55 17.24 14.74 13.74 13.05 13.08 13.35 13.97 14.08 13.74 16.20 19.31
-6.21 -5.48 -4.76 -4.06 -3.38 -2.74 -2.13 -1.54 -0.97 -0.41 0.14 0.67 1.20 1.66 5.90 7.87 7.85 8.87 7.00 5.04 5.04 6.96 8.96 10.97 14.99 18.99 22.00 22.99 19.99 14.00 11.00 9.03 7.10 7.08 7.11 7.07 5.96 4.96 5.07 4.07 4.07 5.03 5.08 7.10 9.10 11.10 12.13 11.17 11.13 9.10 9.10 9.06 9.10 11.09 13.13 17.12 20.15 22.12 23.00 23.86 22.74 21.71 22.67 23.65 23.54 22.51 21.54 20.58 20.60 20.60 18.68 16.71 16.85 17.95
-5.92 -5.24 -4.57 -3.92 -3.28 -2.66 -2.08 -1.52 -0.96 -0.41 0.13 0.67 1.20 4.17 7.08 10.34 12.65 12.25 8.27 6.07 6.40 8.42 9.18 11.77 13.47 17.32 20.17 21.38 18.51 13.87 10.85 7.93 5.93 7.02 5.95 5.79 5.67 4.83 3.77 2.93 2.93 3.77 5.02 5.95 7.80 9.80 9.74 8.72 8.72 7.95 7.95 7.79 7.77 8.70 10.74 13.36 15.11 17.12 21.34 24.82 27.34 27.88 29.02 31.27 32.30 32.31 30.19 29.17 28.09 28.12 26.31 24.27 22.12 21.90
-5.62 -4.99 -4.37 -3.76 -3.16 -2.58 -2.03 -1.48 -0.94 -0.40 0.14 0.68 1.21 3.51 6.63 10.32 12.96 10.71 8.20 6.06 8.25 9.70 9.63 8.89 9.82 12.33 13.84 14.97 14.02 12.07 9.44 7.94 5.94 6.57 5.57 4.44 3.87 3.94 2.94 2.94 2.94 2.88 4.51 5.51 5.95 8.07 8.07 7.51 7.51 7.57 7.57 6.44 6.94 7.94 9.01 9.33 10.82 12.27 15.90 20.66 25.40 29.08 32.13 34.64 36.56 37.80 37.03 36.46 35.89 34.84 33.35 32.27 30.77 29.27
-5.30 -4.73 -4.16 -3.60 -3.04 -2.50 -1.97 -1.44 -0.91 -0.38 0.15 0.69 1.23 3.05 4.40 5.81 7.03 6.61 5.38 5.25 6.42 8.36 8.29 8.03 9.03 10.19 10.34 9.55 9.52 9.38 8.98 8.89 6.82 5.23 4.16 3.98 4.07 4.07 2.93 3.82 3.82 3.82 3.98 5.05 5.03 5.38 5.38 6.29 6.23 6.23 6.23 6.05 7.07 8.14 7.14 7.94 9.07 10.94 12.34 14.75 18.26 22.35 26.52 29.26 33.05 39.40 43.61 44.38 45.29 43.81 42.47 43.33 42.35 39.58
-4.98 -4.47 -3.95 -3.43 -2.91 -2.40 -1.90 -1.40 -0.88 -0.36 0.17 0.70 1.24 2.01 2.98 2.95 2.93 3.95 3.98 3.98 4.95 4.90 5.89 6.92 7.92 8.92 8.88 6.92 7.95 7.95 8.97 7.98 6.97 3.97 4.00 4.00 2.97 2.97 4.02 4.03 4.03 4.00 4.00 3.98 3.98 3.97 3.98 3.95 4.94 4.98 4.98 4.98 5.94 5.92 6.97 8.00 10.03 11.00 11.01 11.95 12.87 15.82 17.74 21.73 26.73 33.70 40.72 42.71 42.75 45.88 46.96 47.93 46.93 42.87
-4.66 -4.20 -3.73 -3.26 -2.78 -2.31 -1.83 -1.35 -0.85 -0.34 0.18 0.71 1.25 3.12 3.02 3.00 3.00 3.70 3.74 3.70 3.63 3.67 3.59 4.26 5.30 6.00 5.22 5.37 6.41 6.37 7.37 7.44 5.96 4.30 3.96 3.67 3.30 3.26 4.30 5.07 5.07 4.00 4.00 3.70 4.00 4.30 3.96 4.30 4.22 5.00 5.00 4.96 5.22 5.26 5.63 7.44 9.48 10.78 11.81 12.04 11.93 13.30 13.92 16.92 20.55 25.96 31.92 33.70 35.18 38.96 41.07 40.40 39.14 34.59
-4.35 -3.94 -3.52 -3.09 -2.66 -2.21 -1.76 -1.30 -0.82 -0.32 0.19 0.72 1.26 2.24 2.59 3.07 2.93 2.95 2.31 3.03 3.03 2.31 2.31 2.98 3.34 3.29 3.27 3.27 3.63 4.34 5.34 5.34 5.36 4.97 4.57 3.45 3.90 4.69 5.05 5.00 5.00 4.00 4.00 2.88 3.85 4.83 4.42 4.90 4.90 4.93 4.85 5.57 6.05 5.41 5.03 5.27 6.70 8.75 10.46 11.51 12.15 11.34 11.29 12.94 16.04 18.74 24.25 29.10 30.14 33.09 34.45 32.29 29.46 27.61
-4.05 -3.69 -3.31 -2.93 -2.53 -2.12 -1.70 -1.26 -0.79 -0.30 0.20 0.72 1.26 1.80 2.36 2.03 3.93 2.96 1.95 2.07 2.07 1.99 1.99 2.03 2.06 2.06 2.99 2.99 2.99 3.06 4.06 4.02 4.99 5.97 5.94 5.87 5.86 5.01 5.00 4.96 4.96 3.91 3.91 3.80 5.73 7.66 7.71 6.82 6.86 5.89 6.86 6.94 6.00 4.95 3.98 4.95 5.06 7.10 8.18 9.22 10.22 10.11 10.06 12.03 13.12 14.27 17.44 21.60 25.43 28.43 29.34 28.14 26.87 28.55
-3.76 -3.45 -3.12 -2.77 -2.41 -2.03 -1.63 -1.21 -0.76 -0.29 0.20 0.71 1.24 1.78 2.33 3.06 4.01 4.06 3.06 2.00 1.99 2.11 2.23 3.15 2.22 2.10 2.99 3.00 3.00 3.00 4.00 4.95 4.75 4.83 5.90 5.90 6.01 5.13 5.11 6.03 6.16 6.46 6.56 7.62 9.78 11.56 10.23 8.17 7.11 7.15 7.23 7.22 6.34 6.27 6.32 6.14 5.22 6.04 6.92 6.86 7.88 8.94 10.00 10.94 12.89 11.76 13.72 15.62 20.28 23.55 26.78 29.19 31.74 37.41
-3.51 -3.23 -2.94 -2.63 -2.30 -1.95 -1.57 -1.17 -0.74 -0.29 0.19 0.69 1.20 1.74 2.61 2.94 3.56 4.00 3.06 2.00 2.50 3.40 4.91 5.28 5.35 3.78 3.33 2.94 3.00 3.00 4.06 3.55 2.92 3.55 4.11 4.05 5.62 6.12 6.51 6.77 7.67 10.25 12.25 13.36 15.22 14.20 11.45 9.40 8.34 9.28 9.85 10.29 10.36 9.23 9.68 8.61 8.23 7.78 7.77 7.83 7.83 8.89 9.83 10.83 11.32 10.82 11.99 13.61 15.96 20.65 25.16 30.24 35.44 45.26
-3.24 -3.01 -2.76 -2.49 -2.20 -1.87 -1.53 -1.15 -0.74 -0.31 0.14 0.62 1.12 1.64 3.09 3.78 2.90 4.07 2.22 2.00 2.18 5.65 7.68 8.71 8.63 7.46 5.65 3.78 3.00 3.07 3.29 2.20 2.22 2.20 2.17 2.95 4.20 5.22 6.95 9.47 12.66 15.68 18.10 17.62 16.05 13.86 12.52 11.22 11.00 12.28 13.03 14.05 13.98 13.62 14.79 13.79 12.90 11.03 10.32 9.54 10.05 10.20 11.98 13.05 13.02 12.34 11.51 11.71 13.18 17.29 22.46 27.88 32.95 41.71
-2.97 -2.79 -2.58 -2.35 -2.10 -1.81 -1.49 -1.14 -0.76 -0.36 0.07 0.52 1.00 1.50 2.01 4.00 4.01 3.00 2.00 2.00 3.01 4.99 6.98 7.98 8.98 6.98 4.99 3.99 3.00 2.00 1.99 2.00 2.00 2.00 2.00 3.00 4.00 5.01 8.01 12.02 18.04 21.03 21.01 19.00 16.00 16.02 17.06 17.07 17.07 18.07 19.07 20.07 21.09 23.10 22.09 21.08 18.06 17.06 15.06 14.06 15.06 16.07 18.07 18.06 18.04 16.04 15.05 15.06 16.06 18.04 21.01 23.98 27.96 31.93
-2.69 -2.56 -2.40 -2.22 -2.00 -1.75 -1.46 -1.14 -0.80 -0.42 -0.02 0.40 0.85 1.32 1.81 4.00 4.25 4.07 2.00 2.00 3.00 3.93 4.60 5.36 5.31 4.36 3.68 2.93 3.00 3.10 2.00 2.00 2.00 2.00 2.22 3.19 4.50 6.32 9.10 14.05 19.61 21.29 20.19 17.33 15.81 18.43 22.92 25.29 25.73 25.34 26.50 29.23 32.30 35.40 34.22 30.41 25.87 23.58 22.62 21.59 21.74 24.09 25.84 24.27 21.91 19.91 21.52 23.03 24.50 25.12 24.12 23.71 25.38 28.94
-2.42 -2.33 -2.22 -2.08 -1.90 -1.69 -1.44 -1.15 -0.84 -0.49 -0.13 0.26 0.68 1.12 1.59 4.07 5.05 4.00 1.93 1.93 3.00 4.07 3.95 3.90 3.24 2.90 2.95 3.00 3.00 2.41 2.00 2.00 2.00 1.93 3.50 5.16 5.96 7.12 8.62 10.28 13.14 14.02 13.61 12.11 13.98 18.67 23.21 26.85 30.06 29.84 33.38 40.44 46.86 49.55 46.46 38.47 31.63 27.92 27.51 27.10 28.74 31.13 32.15 28.98 25.34 23.34 27.03 31.24 34.73 35.64 32.93 30.70 30.47 31.33
-2.14 -2.11 -2.04 -1.94 -1.81 -1.63 -1.41 -1.15 -0.87 -0.56 -0.23 0.13 0.51 0.92 1.36 3.16 5.00 4.00 2.90 2.95 3.00 3.10 4.00 4.00 3.89 2.95 3.00 3.00 3.00 1.99 2.00 2.00 1.95 2.79 5.69 6.86 7.79 6.16 5.36 4.42 4.61 6.56 6.52 7.32 10.35 15.46 18.51 22.46 27.38 32.82 41.49 47.83 51.47 50.03 44.17 35.88 30.50 27.28 27.34 27.29 29.30 32.24 32.29 30.19 26.13 23.96 28.08 34.00 40.59 45.18 44.82 41.70 40.73 38.92
-1.88 -1.89 -1.86 -1.80 -1.71 -1.57 -1.37 -1.15 -0.90 -0.62 -0.32 0.00 0.31 0.69 1.10 2.22 5.01 3.91 3.01 1.95 3.01 3.00 4.00 4.00 3.99 4.05 3.00 3.00 3.00 2.08 1.99 2.07 3.21 5.25 8.27 8.14 7.91 4.94 3.94 2.94 3.02 3.89 4.95 6.04 8.95 11.94 15.98 20.94 25.85 32.83 40.54 44.19 40.61 35.54 30.77 26.09 24.24 23.35 22.39 23.35 25.35 27.39 28.44 26.51 23.81 25.04 27.02 33.02 42.12 49.30 52.62 51.80 49.76 47.67
-1.63 -1.67 -1.69 -1.66 -1.60 -1.49 -1.33 -1.13 -0.90 -0.66 -0.39 -0.10 2.49 2.70 2.99 5.26 4.66 2.98 2.61 2.00 2.61 3.00 4.05 4.00 4.39 4.05 3.00 2.95 2.90 3.36 2.63 3.65 6.16 8.16 10.38 8.87 6.73 5.19 4.58 3.53 4.65 4.24 4.90 7.07 9.00 13.12 17.46 21.73 25.27 30.62 33.85 33.76 28.56 24.97 22.11 19.36 17.45 16.12 15.90 15.83 17.78 20.85 21.80 21.99 22.93 25.34 28.70 34.99 43.89 52.40 57.59 58.10 55.71 52.74
-1.40 -1.47 -1.52 -1.52 -1.49 -1.40 -1.26 -1.08 -0.89 -0.67 -0.43 -0.16 6.19 6.18 5.43 4.34 3.24 2.27 1.97 1.93 1.89 3.00 3.27 4.00 5.11 3.27 3.00 3.66 4.31 5.35 5.96 7.70 10.00 11.92 12.78 11.41 9.41 8.44 8.55 8.28 8.55 6.86 6.31 6.93 9.07 12.34 18.11 23.94 26.99 27.92 28.64 28.89 27.89 25.50 22.58 18.19 15.02 12.48 9.98 10.06 12.79 15.79 17.37 20.20 23.00 26.69 32.04 40.31 50.77 59.15 63.57 64.02 61.13 56.67
-1.19 -1.29 -1.35 -1.38 -1.37 -1.30 -1.18 -1.01 -0.84 -0.64 -0.42 -0.26 6.00 6.00 5.00 3.00 3.00 1.99 2.00 2.98 2.98 3.00 3.00 4.01 4.03 3.00 3.00 5.00 6.97 7.94 10.91 12.91 14.88 17.85 19.82 19.79 17.76 16.77 15.80 15.82 15.82 12.85 8.91 7.97 8.02 11.03 17.03 22.06 24.09 25.05 27.98 30.92 34.85 34.77 30.77 24.83 16.95 11.03 8.03 7.05 10.06 13.06 17.03 20.03 23.01 27.98 35.95 47.90 58.93 65.96 68.01 66.06 61.09 56.10
-1.01 -1.12 -1.20 -1.24 -1.23 -1.18 -1.15 -0.91 -0.75 -0.57 -0.51 5.57 6.20 6.20 5.20 4.05 2.98 3.07 2.23 3.00 3.00 2.98 3.20 3.13 2.93 3.00 3.00 3.73 6.84 9.98 13.23 15.16 19.69 24.14 27.52 29.13 29.40 27.33 25.11 24.11 23.52 19.07 13.82 9.43 8.13 10.31 16.16 19.68 20.81 23.93 29.07 34.39 40.05 43.48 40.40 30.60 18.32 10.13 6.91 6.11 7.84 10.66 14.48 17.30 21.39 27.51 35.15 46.61 55.09 60.66 61.59 58.65 54.19 48.46
-0.86 -0.97 -1.05 -1.09 -1.08 -1.03 1.09 -1.07 -0.97 -0.79 3.08 5.99 7.06 6.99 6.06 4.60 3.60 3.00 2.52 3.00 3.00 3.54 4.06 4.12 3.00 2.93 2.93 2.88 4.87 8.00 10.99 14.60 21.12 27.64 34.84 40.49 43.09 41.03 36.96 34.68 31.10 24.38 17.79 12.12 10.60 12.59 16.59 18.54 20.46 23.93 28.87 35.27 44.04 47.70 42.76 30.05 17.92 10.93 7.27 7.33 8.34 9.81 12.35 13.75 17.28 22.34 27.28 34.63 41.04 43.85 44.78 44.39 44.10 41.83
