Instances/TaedongGang/GMRTv3_3_20170611topo.asc
ncols 801
nrows 530
xllcorner 124.91455078125
yllcorner 38.547735809879775
cellsize 5.4931640625E-4
nodata_value -2147483648
[rows 66 to 98 of 530, columns 222 to 295 of 801]
-3.52 -3.32 -3.12 -2.92 -2.72 -2.53 -2.35 -2.19 -2.05 -1.93 -1.84 -1.77 -1.73 -1.70 -1.69 -1.69 -1.70 -1.73 -1.76 -1.79 -1.83 -1.87 -1.90 -1.94 -1.96 -1.99 -2.00 -2.00 -2.00 -2.01 -2.01 -2.01 -2.01 -2.01 -2.01 -2.00 -2.00 -2.00 -2.00 -2.00 -2.00 -1.99 -1.99 -1.99 -1.98 -1.97 -1.95 -1.93 -1.92 -1.90 -1.88 -1.87 -1.86 -1.86 -1.86 -1.87 -1.89 -1.92 -1.96 -2.01 -2.06 -2.12 -2.18 -2.25 -2.32 -2.40 -2.48 -2.58 -2.68 -2.78 -2.90 -3.03 -3.16 -3.30
-3.40 -3.21 -3.00 -2.80 -2.61 -2.42 -2.24 -2.08 -1.94 -1.83 -1.74 -1.67 -1.63 -1.61 -1.60 -1.61 -1.63 -1.65 -1.69 -1.73 -1.77 -1.81 -1.86 -1.89 -1.93 -1.95 -1.96 -1.97 -1.98 -1.98 -1.99 -1.99 -1.99 -2.00 -2.00 -2.00 -2.00 -2.00 -2.00 -2.00 -2.00 -2.00 -2.00 -1.99 -1.99 -1.97 -1.96 -1.94 -1.92 -1.90 -1.89 -1.87 -1.86 -1.86 -1.86 -1.87 -1.89 -1.92 -1.96 -2.01 -2.06 -2.12 -2.18 -2.25 -2.32 -2.40 -2.49 -2.58 -2.68 -2.79 -2.90 -3.03 -3.16 -3.30
-3.30 -3.10 -2.91 -2.71 -2.51 -2.33 -2.16 -2.00 -1.87 -1.75 -1.67 -1.61 -1.57 -1.55 -1.54 -1.55 -1.57 -1.60 -1.64 -1.68 -1.73 -1.78 -1.82 -1.86 -1.90 -1.93 -1.94 -1.95 -1.96 -1.97 -1.97 -1.98 -1.98 -1.99 -1.99 -1.99 -1.99 -2.00 -2.00 -2.00 -2.00 -2.00 -2.00 -2.00 -1.99 -1.98 -1.96 -1.94 -1.92 -1.91 -1.89 -1.88 -1.87 -1.86 -1.86 -1.87 -1.89 -1.92 -1.96 -2.01 -2.06 -2.12 -2.18 -2.25 -2.32 -2.40 -2.49 -2.58 -2.68 -2.79 -2.90 -3.03 -3.16 -3.30
-3.20 -3.01 -2.82 -2.63 -2.44 -2.26 -2.10 -1.95 -1.82 -1.71 -1.63 -1.57 -1.53 -1.51 -1.51 -1.52 -1.55 -1.58 -1.62 -1.66 -1.71 -1.76 -1.80 -1.85 -1.88 -1.91 -1.93 -1.94 -1.95 -1.96 -1.97 -1.97 -1.98 -1.98 -1.99 -1.99 -1.99 -1.99 -2.00 -2.00 -2.00 -2.00 -2.00 -2.00 -1.99 -1.98 -1.96 -1.95 -1.93 -1.91 -1.89 -1.88 -1.87 -1.86 -1.86 -1.87 -1.89 -1.92 -1.96 -2.01 -2.06 -2.12 -2.18 -2.25 -2.32 -2.40 -2.49 -2.58 -2.68 -2.79 -2.91 -3.03 -3.16 -3.30
-3.11 -2.93 -2.75 -2.56 -2.38 -2.22 -2.06 -1.91 -1.79 -1.69 -1.61 -1.55 -1.52 -1.50 -1.50 -1.51 -1.54 -1.57 -1.61 -1.66 -1.70 -1.75 -1.80 -1.84 -1.87 -1.90 -1.92 -1.93 -1.94 -1.95 -1.96 -1.97 -1.97 -1.98 -1.98 -1.99 -1.99 -1.99 -2.00 -2.00 -2.00 -2.00 -2.00 -2.00 -1.99 -1.98 -1.96 -1.95 -1.93 -1.91 -1.89 -1.88 -1.87 -1.86 -1.86 -1.87 -1.89 -1.92 -1.96 -2.01 -2.06 -2.12 -2.18 -2.25 -2.32 -2.40 -2.49 -2.58 -2.68 -2.79 -2.91 -3.03 -3.16 -3.30
-3.03 -2.85 -2.68 -2.51 -2.34 -2.18 -2.03 -1.90 -1.78 -1.68 -1.61 -1.56 -1.53 -1.51 -1.51 -1.53 -1.55 -1.58 -1.62 -1.66 -1.71 -1.75 -1.80 -1.84 -1.87 -1.90 -1.92 -1.93 -1.94 -1.95 -1.96 -1.97 -1.97 -1.98 -1.98 -1.99 -1.99 -1.99 -2.00 -2.00 -2.00 -2.00 -2.00 -2.00 -1.99 -1.98 -1.96 -1.95 -1.93 -1.91 -1.89 -1.88 -1.87 -1.86 -1.86 -1.87 -1.89 -1.92 -1.96 -2.01 -2.06 -2.12 -2.18 -2.25 -2.32 -2.40 -2.49 -2.59 -2.69 -2.80 -2.91 -3.03 -3.17 -3.30
-2.95 -2.79 -2.62 -2.46 -2.31 -2.16 -2.02 -1.90 -1.79 -1.70 -1.63 -1.58 -1.55 -1.54 -1.54 -1.55 -1.57 -1.60 -1.64 -1.68 -1.72 -1.77 -1.81 -1.85 -1.88 -1.91 -1.92 -1.93 -1.94 -1.95 -1.96 -1.97 -1.97 -1.98 -1.98 -1.99 -1.99 -1.99 -2.00 -2.00 -2.00 -2.00 -2.00 -2.00 -1.99 -1.98 -1.96 -1.95 -1.93 -1.91 -1.89 -1.88 -1.87 -1.86 -1.86 -1.87 -1.89 -1.92 -1.96 -2.00 -2.06 -2.12 -2.18 -2.25 -2.32 -2.41 -2.49 -2.59 -2.69 -2.80 -2.91 -3.04 -3.17 -3.30
-2.87 -2.72 -2.57 -2.43 -2.28 -2.15 -2.02 -1.91 -1.81 -1.73 -1.66 -1.62 -1.59 -1.58 -1.58 -1.59 -1.61 -1.64 -1.67 -1.71 -1.75 -1.79 -1.83 -1.86 -1.89 -1.92 -1.93 -1.94 -1.95 -1.96 -1.97 -1.97 -1.98 -1.98 -1.99 -1.99 -1.99 -2.00 -2.00 -2.00 -2.00 -2.00 -2.00 -2.00 -1.99 -1.98 -1.96 -1.94 -1.93 -1.91 -1.89 -1.88 -1.87 -1.86 -1.86 -1.87 -1.89 -1.92 -1.96 -2.00 -2.06 -2.12 -2.18 -2.25 -2.33 -2.41 -2.50 -2.59 -2.69 -2.80 -2.92 -3.04 -3.17 -3.30
-2.80 -2.66 -2.53 -2.39 -2.26 -2.14 -2.03 -1.93 -1.84 -1.76 -1.70 -1.66 -1.64 -1.62 -1.62 -1.63 -1.65 -1.67 -1.71 -1.74 -1.77 -1.81 -1.85 -1.88 -1.91 -1.93 -1.94 -1.95 -1.96 -1.97 -1.97 -1.98 -1.98 -1.99 -1.99 -1.99 -1.99 -2.00 -2.00 -2.00 -2.00 -2.00 -2.00 -2.00 -1.99 -1.98 -1.96 -1.94 -1.92 -1.91 -1.89 -1.87 -1.86 -1.86 -1.86 -1.87 -1.89 -1.92 -1.96 -2.00 -2.06 -2.12 -2.18 -2.25 -2.33 -2.41 -2.50 -2.59 -2.69 -2.80 -2.92 -3.04 -3.17 -3.30
-2.73 -2.61 -2.49 -2.37 -2.25 -2.14 -2.04 -1.95 -1.87 -1.80 -1.75 -1.71 -1.69 -1.67 -1.67 -1.68 -1.70 -1.72 -1.74 -1.77 -1.81 -1.84 -1.87 -1.90 -1.92 -1.94 -1.95 -1.96 -1.97 -1.97 -1.98 -1.98 -1.99 -1.99 -1.99 -1.99 -2.00 -2.00 -2.00 -2.00 -2.00 -2.00 -2.00 -2.00 -1.99 -1.98 -1.96 -1.94 -1.92 -1.90 -1.89 -1.87 -1.86 -1.86 -1.86 -1.87 -1.89 -1.92 -1.95 -2.00 -2.06 -2.12 -2.18 -2.25 -2.33 -2.41 -2.50 -2.60 -2.70 -2.81 -2.92 -3.04 -3.17 -3.30
-2.67 -2.56 -2.45 -2.34 -2.24 -2.14 -2.05 -1.97 -1.90 -1.84 -1.79 -1.76 -1.74 -1.73 -1.72 -1.73 -1.74 -1.76 -1.78 -1.81 -1.84 -1.87 -1.89 -1.92 -1.94 -1.95 -1.96 -1.97 -1.98 -1.98 -1.98 -1.99 -1.99 -1.99 -2.00 -2.00 -2.00 -2.00 -2.00 -2.00 -2.00 -2.00 -2.00 -2.00 -1.99 -1.97 -1.96 -1.94 -1.92 -1.90 -1.89 -1.87 -1.86 -1.86 -1.86 -1.87 -1.89 -1.92 -1.95 -2.00 -2.06 -2.12 -2.18 -2.25 -2.33 -2.41 -2.50 -2.60 -2.70 -2.81 -2.92 -3.04 -3.17 -3.30
-2.60 -2.50 -2.41 -2.32 -2.23 -2.14 -2.07 -2.00 -1.93 -1.88 -1.84 -1.81 -1.78 -1.77 -1.77 -1.78 -1.79 -1.80 -1.82 -1.84 -1.87 -1.89 -1.91 -1.94 -1.95 -1.97 -1.98 -1.98 -1.98 -1.99 -1.99 -1.99 -2.00 -2.00 -2.00 -2.00 -2.00 -2.00 -2.00 -2.00 -2.00 -2.00 -2.00 -1.99 -1.98 -1.97 -1.96 -1.94 -1.92 -1.90 -1.88 -1.87 -1.86 -1.86 -1.86 -1.87 -1.89 -1.91 -1.95 -2.00 -2.06 -2.12 -2.18 -2.25 -2.33 -2.41 -2.50 -2.60 -2.70 -2.81 -2.92 -3.04 -3.17 -3.30
-2.54 -2.45 -2.37 -2.29 -2.21 -2.14 -2.07 -2.01 -1.96 -1.91 -1.87 -1.84 -1.83 -1.81 -1.81 -1.81 -1.82 -1.84 -1.85 -1.87 -1.89 -1.91 -1.93 -1.95 -1.97 -1.98 -1.98 -1.99 -1.99 -1.99 -2.00 -2.00 -2.00 -2.00 -2.00 -2.00 -2.00 -2.00 -2.00 -2.00 -2.00 -2.00 -2.00 -1.99 -1.98 -1.97 -1.95 -1.94 -1.92 -1.90 -1.88 -1.87 -1.86 -1.86 -1.86 -1.87 -1.89 -1.91 -1.95 -2.00 -2.06 -2.12 -2.18 -2.25 -2.33 -2.42 -2.51 -2.60 -2.70 -2.81 -2.93 -3.05 -3.17 -3.30
-2.48 -2.40 -2.33 -2.26 -2.19 -2.13 -2.07 -2.02 -1.97 -1.93 -1.90 -1.87 -1.85 -1.84 -1.84 -1.84 -1.85 -1.86 -1.88 -1.89 -1.91 -1.93 -1.95 -1.96 -1.97 -1.98 -1.99 -1.99 -2.00 -2.00 -2.00 -2.00 -2.00 -2.00 -2.00 -2.00 -2.00 -2.00 -2.00 -2.00 -2.00 -2.00 -2.00 -1.99 -1.98 -1.97 -1.95 -1.94 -1.92 -1.90 -1.88 -1.87 -1.86 -1.86 -1.86 -1.87 -1.89 -1.91 -1.95 -2.00 -2.06 -2.12 -2.18 -2.26 -2.33 -2.42 -2.51 -2.61 -2.71 -2.82 -2.93 -3.05 -3.17 -3.31
-2.42 -2.35 -2.29 -2.23 -2.17 -2.11 -2.06 -2.02 -1.98 -1.94 -1.91 -1.89 -1.87 -1.86 -1.86 -1.86 -1.87 -1.88 -1.89 -1.91 -1.92 -1.94 -1.95 -1.97 -1.98 -1.99 -1.99 -1.99 -2.00 -2.00 -2.00 -2.00 -2.00 -2.00 -2.00 -2.00 -2.00 -2.00 -2.00 -2.00 -2.00 -2.00 -2.00 -1.99 -1.98 -1.97 -1.95 -1.93 -1.92 -1.90 -1.88 -1.87 -1.86 -1.86 -1.86 -1.87 -1.89 -1.91 -1.95 -2.00 -2.06 -2.12 -2.18 -2.26 -2.34 -2.42 -2.51 -2.61 -2.71 -2.82 -2.93 -3.05 -3.18 -3.31
-2.37 -2.30 -2.25 -2.19 -2.14 -2.10 -2.05 -2.01 -1.98 -1.95 -1.92 -1.90 -1.89 -1.88 -1.87 -1.88 -1.88 -1.89 -1.90 -1.92 -1.93 -1.94 -1.96 -1.97 -1.98 -1.99 -1.99 -2.00 -2.00 -2.00 -2.00 -2.00 -2.00 -2.00 -2.00 -2.00 -2.00 -2.00 -2.00 -2.00 -2.00 -2.00 -2.00 -1.99 -1.98 -1.97 -1.95 -1.93 -1.92 -1.90 -1.88 -1.87 -1.86 -1.85 -1.86 -1.87 -1.88 -1.91 -1.95 -2.00 -2.05 -2.12 -2.18 -2.25 -2.33 -2.42 -2.51 -2.61 -2.71 -2.82 -2.93 -3.05 -3.17 -3.30
-2.31 -2.26 -2.21 -2.16 -2.12 -2.08 -2.04 -2.01 -1.98 -1.95 -1.93 -1.91 -1.90 -1.89 -1.89 -1.89 -1.90 -1.90 -1.91 -1.93 -1.94 -1.95 -1.96 -1.97 -1.98 -1.99 -1.99 -2.00 -2.00 -2.00 -2.00 -2.00 -2.00 -2.00 -2.00 -2.00 -2.00 -2.00 -2.00 -2.00 -2.00 -2.00 -2.00 -1.99 -1.98 -1.97 -1.95 -1.93 -1.91 -1.90 -1.88 -1.87 -1.86 -1.85 -1.85 -1.86 -1.88 -1.91 -1.95 -2.00 -2.05 -2.11 -2.18 -2.25 -2.33 -2.41 -2.51 -2.60 -2.70 -2.81 -2.93 -3.04 -3.17 -3.30
-2.26 -2.21 -2.17 -2.13 -2.10 -2.06 -2.03 -2.01 -1.98 -1.96 -1.94 -1.92 -1.91 -1.90 -1.90 -1.90 -1.91 -1.92 -1.92 -1.93 -1.95 -1.96 -1.97 -1.98 -1.99 -1.99 -2.00 -2.00 -2.00 -2.00 -2.00 -2.00 -2.00 -2.00 -2.00 -2.00 -2.00 -2.00 -2.00 -2.00 -2.00 -2.00 -2.00 -1.99 -1.98 -1.97 -1.95 -1.93 -1.91 -1.89 -1.88 -1.86 -1.85 -1.85 -1.85 -1.86 -1.88 -1.90 -1.94 -1.99 -2.05 -2.11 -2.17 -2.25 -2.32 -2.41 -2.50 -2.60 -2.70 -2.81 -2.92 -3.04 -3.16 -3.29
-2.21 -2.17 -2.14 -2.10 -2.08 -2.05 -2.02 -2.00 -1.98 -1.96 -1.95 -1.93 -1.92 -1.92 -1.92 -1.92 -1.92 -1.93 -1.93 -1.94 -1.95 -1.96 -1.97 -1.98 -1.99 -1.99 -2.00 -2.00 -2.00 -2.00 -2.00 -2.00 -2.00 -2.00 -2.00 -2.00 -2.00 -2.00 -2.00 -2.00 -2.00 -2.00 -2.00 -1.99 -1.98 -1.97 -1.95 -1.93 -1.91 -1.89 -1.88 -1.86 -1.85 -1.85 -1.85 -1.86 -1.87 -1.90 -1.94 -1.99 -2.04 -2.10 -2.17 -2.24 -2.32 -2.40 -2.49 -2.59 -2.69 -2.80 -2.91 -3.03 -3.16 -3.29
-2.16 -2.13 -2.10 -2.08 -2.05 -2.03 -2.02 -2.00 -1.98 -1.97 -1.95 -1.94 -1.93 -1.93 -1.93 -1.93 -1.93 -1.94 -1.94 -1.95 -1.96 -1.97 -1.98 -1.98 -1.99 -1.99 -2.00 -2.00 -2.00 -2.00 -2.00 -2.00 -2.00 -2.00 -2.00 -2.00 -2.00 -2.00 -2.00 -2.00 -2.00 -2.00 -2.00 -1.99 -1.98 -1.97 -1.95 -1.93 -1.91 -1.89 -1.87 -1.86 -1.85 -1.84 -1.84 -1.85 -1.87 -1.90 -1.93 -1.98 -2.04 -2.10 -2.16 -2.23 -2.31 -2.40 -2.49 -2.58 -2.69 -2.79 -2.91 -3.03 -3.15 -3.28
-2.12 -2.10 -2.07 -2.05 -2.04 -2.02 -2.01 -1.99 -1.98 -1.97 -1.96 -1.95 -1.94 -1.94 -1.94 -1.94 -1.94 -1.95 -1.95 -1.96 -1.97 -1.97 -1.98 -1.99 -1.99 -2.00 -2.00 -2.00 -2.00 -2.00 -2.00 -2.00 -2.00 -2.00 -2.00 -2.00 -2.00 -2.00 -2.00 -2.00 -2.00 -2.00 -2.00 -1.99 -1.98 -1.97 -1.95 -1.93 -1.91 -1.89 -1.87 -1.86 -1.85 -1.84 -1.84 -1.85 -1.87 -1.89 -1.93 -1.98 -2.03 -2.09 -2.16 -2.23 -2.31 -2.39 -2.48 -2.58 -2.68 -2.79 -2.90 -3.02 -3.15 -3.28
-2.08 -2.06 -2.04 -2.03 -2.02 -2.01 -2.00 -1.99 -1.98 -1.98 -1.97 -1.96 -1.95 -1.95 -1.95 -1.95 -1.95 -1.96 -1.96 -1.97 -1.97 -1.98 -1.98 -1.99 -1.99 -2.00 -2.00 -2.00 -2.00 -2.00 -2.00 -2.00 -2.00 -2.00 -2.00 -2.00 -2.00 -2.00 -2.00 -2.00 -2.00 -2.00 -2.00 -1.99 -1.98 -1.97 -1.95 -1.93 -1.91 -1.89 -1.87 -1.86 -1.84 -1.84 -1.84 -1.85 -1.86 -1.89 -1.93 -1.98 -2.03 -2.09 -2.16 -2.23 -2.31 -2.39 -2.48 -2.58 -2.68 -2.79 -2.90 -3.02 -3.14 -3.27
-2.04 -2.03 -2.02 -2.01 -2.00 -2.00 -1.99 -1.99 -1.98 -1.98 -1.97 -1.97 -1.96 -1.96 -1.96 -1.96 -1.96 -1.97 -1.97 -1.97 -1.98 -1.98 -1.99 -1.99 -1.99 -2.00 -2.00 -2.00 -2.00 -2.00 -2.00 -2.00 -2.00 -2.00 -2.00 -2.00 -2.00 -2.00 -2.00 -2.00 -2.00 -2.00 -2.00 -1.99 -1.98 -1.97 -1.95 -1.93 -1.91 -1.89 -1.87 -1.86 -1.84 -1.84 -1.84 -1.85 -1.86 -1.89 -1.93 -1.98 -2.03 -2.09 -2.16 -2.23 -2.31 -2.39 -2.48 -2.58 -2.68 -2.79 -2.90 -3.02 -3.14 -3.27
-2.01 -2.00 -1.99 -1.99 -1.99 -1.99 -1.99 -1.99 -1.98 -1.98 -1.98 -1.97 -1.97 -1.97 -1.97 -1.97 -1.97 -1.97 -1.98 -1.98 -1.98 -1.99 -1.99 -1.99 -2.00 -2.00 -2.00 -2.00 -2.00 -2.00 -2.00 -2.00 -2.00 -2.00 -2.00 -2.00 -2.00 -2.00 -2.00 -2.00 -2.00 -2.00 -2.00 -1.99 -1.98 -1.97 -1.95 -1.93 -1.91 -1.89 -1.87 -1.86 -1.85 -1.84 -1.84 -1.85 -1.87 -1.90 -1.93 -1.98 -2.04 -2.10 -2.16 -2.23 -2.31 -2.40 -2.49 -2.58 -2.68 -2.79 -2.91 -3.03 -3.15 -3.28
-1.98 -1.97 -1.97 -1.97 -1.97 -1.98 -1.98 -1.98 -1.98 -1.98 -1.98 -1.98 -1.98 -1.98 -1.98 -1.98 -1.98 -1.98 -1.98 -1.98 -1.99 -1.99 -1.99 -2.00 -2.00 -2.00 -2.00 -2.00 -2.00 -2.00 -2.00 -2.00 -2.00 -2.00 -2.00 -2.00 -2.00 -2.00 -2.00 -2.00 -2.00 -2.00 -2.00 -1.99 -1.98 -1.97 -1.95 -1.93 -1.91 -1.89 -1.88 -1.86 -1.85 -1.85 -1.85 -1.86 -1.87 -1.90 -1.94 -1.99 -2.04 -2.10 -2.17 -2.24 -2.32 -2.41 -2.50 -2.59 -2.70 -2.80 -2.92 -3.04 -3.16 -3.29
-1.95 -1.95 -1.95 -1.95 -1.96 -1.97 -1.97 -1.98 -1.98 -1.99 -1.99 -1.98 -1.98 -1.98 -1.98 -1.98 -1.98 -1.99 -1.99 -1.99 -1.99 -1.99 -2.00 -2.00 -2.00 -2.00 -2.00 -2.00 -2.00 -2.00 -2.00 -2.00 -2.00 -2.00 -2.00 -2.00 -2.00 -2.00 -2.00 -2.00 -2.00 -2.00 -2.00 -1.99 -1.98 -1.97 -1.95 -1.93 -1.91 -1.90 -1.88 -1.87 -1.86 -1.85 -1.86 -1.87 -1.88 -1.91 -1.95 -2.00 -2.06 -2.12 -2.18 -2.26 -2.34 -2.42 -2.51 -2.61 -2.71 -2.82 -2.93 -3.05 -3.18 -3.31
-1.92 -1.93 -1.93 -1.94 -1.95 -1.96 -1.97 -1.98 -1.98 -1.99 -1.99 -1.99 -1.99 -1.99 -1.99 -1.99 -1.99 -1.99 -1.99 -1.99 -2.00 -2.00 -2.00 -2.00 -2.00 -2.00 -2.00 -2.00 -2.00 -2.00 -2.00 -2.00 -2.00 -2.00 -2.00 -2.00 -2.00 -2.00 -2.00 -2.00 -2.00 -2.00 -2.00 -1.99 -1.98 -1.97 -1.95 -1.94 -1.92 -1.90 -1.89 -1.88 -1.87 -1.87 -1.87 -1.88 -1.90 -1.93 -1.97 -2.02 -2.07 -2.14 -2.20 -2.28 -2.36 -2.44 -2.54 -2.63 -2.74 -2.85 -2.96 -3.08 -3.20 -3.33
-1.90 -1.91 -1.91 -1.93 -1.94 -1.95 -1.96 -1.97 -1.98 -1.99 -1.99 -1.99 -1.99 -1.99 -1.99 -1.99 -2.00 -2.00 -2.00 -2.00 -2.00 -2.00 -2.00 -2.00 -2.00 -2.00 -2.00 -2.00 -2.00 -2.00 -2.00 -2.00 -2.00 -2.00 -2.00 -2.00 -2.00 -2.00 -2.00 -2.00 -2.00 -1.99 -1.99 -1.99 -1.98 -1.97 -1.96 -1.94 -1.93 -1.91 -1.90 -1.89 -1.88 -1.88 -1.89 -1.90 -1.92 -1.95 -1.99 -2.04 -2.10 -2.16 -2.23 -2.31 -2.39 -2.47 -2.57 -2.67 -2.77 -2.88 -2.99 -3.11 -3.24 -3.37
-1.88 -1.89 -1.90 -1.91 -1.93 -1.94 -1.96 -1.97 -1.98 -1.99 -1.99 -1.99 -1.99 -2.00 -2.00 -2.00 -2.00 -2.00 -2.00 -2.00 -2.00 -2.00 -2.00 -2.00 -2.00 -2.00 -2.00 -2.00 -2.00 -2.00 -2.00 -2.00 -2.00 -2.00 -2.00 -2.00 -2.00 -1.99 -1.99 -1.99 -1.99 -1.99 -1.99 -1.99 -1.99 -1.98 -1.96 -1.95 -1.94 -1.92 -1.91 -1.90 -1.90 -1.90 -1.91 -1.92 -1.94 -1.98 -2.02 -2.07 -2.13 -2.19 -2.26 -2.34 -2.42 -2.51 -2.60 -2.70 -2.81 -2.92 -3.03 -3.15 -3.28 -3.41
-1.87 -1.88 -1.89 -1.90 -1.92 -1.93 -1.95 -1.96 -1.98 -1.99 -1.99 -1.99 -1.99 -2.00 -2.00 -2.00 -2.00 -2.00 -2.00 -2.00 -2.00 -2.00 -2.00 -2.00 -2.00 -2.00 -2.00 -2.00 -2.00 -2.00 -2.00 -2.00 -2.00 -2.00 -2.00 -1.99 -1.99 -1.99 -1.99 -1.99 -1.99 -1.99 -1.99 -1.99 -1.99 -1.98 -1.97 -1.96 -1.95 -1.94 -1.93 -1.92 -1.92 -1.92 -1.93 -1.95 -1.97 -2.01 -2.05 -2.10 -2.16 -2.23 -2.30 -2.38 -2.46 -2.55 -2.65 -2.75 -2.85 -2.97 -3.08 -3.20 -3.33 -3.46
-1.85 -1.86 -1.88 -1.89 -1.91 -1.93 -1.94 -1.96 -1.97 -1.98 -1.99 -1.99 -1.99 -2.00 -2.00 -2.00 -2.00 -2.00 -2.00 -2.00 -2.00 -2.00 -2.00 -2.00 -2.00 -2.00 -2.00 -2.00 -2.00 -2.00 -2.00 -2.00 -2.00 -2.00 -1.99 -1.99 -1.99 -1.99 -1.99 -1.99 -1.99 -1.99 -1.99 -2.00 -1.99 -1.98 -1.98 -1.97 -1.96 -1.95 -1.94 -1.94 -1.94 -1.95 -1.96 -1.98 -2.00 -2.04 -2.09 -2.14 -2.20 -2.27 -2.34 -2.42 -2.51 -2.60 -2.70 -2.80 -2.91 -3.02 -3.13 -3.25 -3.38 -3.51
-1.84 -1.85 -1.87 -1.89 -1.90 -1.92 -1.94 -1.95 -1.97 -1.98 -1.99 -1.99 -1.99 -1.99 -2.00 -2.00 -2.00 -2.00 -2.00 -2.00 -2.00 -2.00 -2.00 -2.00 -2.00 -2.00 -2.00 -2.00 -2.00 -2.00 -2.00 -2.00 -2.00 -1.99 -1.99 -1.99 -1.99 -1.99 -1.99 -1.99 -1.99 -1.99 -1.99 -2.00 -1.99 -1.99 -1.98 -1.98 -1.97 -1.96 -1.96 -1.96 -1.96 -1.97 -1.99 -2.01 -2.04 -2.08 -2.13 -2.18 -2.25 -2.32 -2.39 -2.47 -2.56 -2.65 -2.75 -2.85 -2.96 -3.07 -3.19 -3.31 -3.44 -3.57
-1.83 -1.85 -1.86 -1.88 -1.90 -1.92 -1.93 -1.95 -1.96 -1.98 -1.98 -1.99 -1.99 -1.99 -1.99 -2.00 -2.00 -2.00 -2.00 -2.00 -2.00 -2.00 -2.00 -2.00 -2.00 -2.00 -2.00 -2.00 -2.00 -2.00 -2.00 -2.00 -2.00 -1.99 -1.99 -1.99 -1.99 -1.99 -1.99 -1.99 -1.99 -1.99 -1.99 -2.00 -2.00 -2.00 -1.99 -1.99 -1.98 -1.98 -1.98 -1.98 -1.99 -2.00 -2.02 -2.04 -2.08 -2.12 -2.17 -2.23 -2.29 -2.36 -2.44 -2.52 -2.61 -2.71 -2.81 -2.91 -3.02 -3.13 -3.25 -3.37 -3.50 -3.63
