Instances/TaedongGang/GMRTv3_3_20170611topo.asc
ncols 801
nrows 530
xllcorner 124.91455078125
yllcorner 38.547735809879775
cellsize 5.4931640625E-4
nodata_value -2147483648
[rows 33 to 65 of 530, columns 444 to 517 of 801]
4.96 5.73 5.93 6.55 6.55 5.28 5.34 5.30 5.84 5.76 5.76 6.21 6.11 6.03 6.76 4.89 5.76 4.62 5.66 5.85 7.69 6.70 5.86 4.75 3.82 4.93 5.93 7.39 7.66 8.00 7.97 9.07 11.21 11.11 9.65 8.61 8.34 6.97 5.97 5.97 5.97 7.34 7.27 7.24 7.24 7.04 6.27 6.27 5.89 5.93 5.93 4.93 5.04 3.89 3.82 4.93 5.00 5.03 4.66 4.58 3.85 2.85 2.93 3.00 3.00 4.03 4.00 4.00 3.93 4.66 6.66 6.96 6.66 5.93
4.38 4.88 7.16 9.19 9.26 7.21 5.98 5.43 4.33 4.33 4.33 4.77 5.38 5.38 5.33 4.38 4.33 4.57 4.88 6.00 6.33 6.50 7.16 5.47 4.62 5.00 6.00 5.90 6.95 8.00 8.62 9.07 9.84 10.60 10.62 10.10 9.05 7.55 6.55 6.62 6.62 8.12 8.05 8.74 8.74 7.62 6.98 6.91 6.40 6.95 7.02 6.09 5.55 4.55 4.55 5.00 5.00 4.38 3.95 3.95 4.00 3.00 3.00 3.00 3.00 3.38 4.07 4.07 4.00 3.95 6.02 6.45 5.95 6.00
3.95 5.87 8.88 11.90 10.98 8.98 6.92 4.90 3.90 3.95 3.95 3.89 4.99 4.99 4.99 3.99 3.99 5.01 5.92 5.95 5.90 7.92 8.93 7.84 4.91 5.00 6.05 6.00 7.00 8.05 9.05 8.08 8.07 7.24 8.16 10.09 9.00 8.88 7.92 7.01 7.01 7.08 8.00 8.09 8.09 8.01 7.92 8.74 9.62 11.59 10.72 8.85 6.92 5.92 5.92 5.00 5.00 3.95 4.00 4.00 4.00 3.00 3.00 3.00 3.00 2.99 3.08 3.08 4.05 4.00 5.08 5.08 6.05 6.05
5.06 7.29 10.29 11.06 9.94 7.83 6.88 7.00 6.25 5.06 5.07 6.12 5.13 5.00 5.00 4.12 4.10 5.00 5.88 7.08 8.15 8.02 8.78 7.88 7.11 5.12 5.06 6.01 7.01 6.95 7.84 7.77 8.01 7.00 7.99 7.86 8.99 10.06 8.12 7.12 6.99 7.10 8.12 8.12 8.01 7.90 8.01 11.24 13.42 14.24 11.94 9.01 6.88 5.88 5.88 5.00 5.00 5.06 4.00 4.00 3.87 2.99 2.99 3.00 3.00 3.00 3.00 3.00 2.94 4.00 5.01 5.14 4.95 4.95
5.00 9.14 12.19 12.18 10.11 6.99 5.93 5.88 6.21 5.00 4.51 5.62 5.69 5.00 5.00 5.07 5.55 5.05 4.99 6.19 6.71 7.14 6.49 6.99 7.00 6.01 6.07 5.51 6.57 6.62 6.56 5.86 7.62 6.95 8.43 8.81 9.43 10.00 9.07 8.01 7.38 8.55 9.12 9.18 7.57 6.50 7.57 11.69 14.33 14.75 10.93 8.57 5.93 4.88 4.88 4.95 4.95 4.95 3.95 4.00 3.36 3.43 3.38 2.89 2.89 2.95 2.95 3.00 3.00 4.00 4.62 5.26 4.62 4.57
4.86 9.07 11.44 10.60 8.45 6.15 6.00 6.77 4.87 5.00 4.75 4.13 4.20 5.00 5.00 5.00 5.33 4.23 4.23 4.17 4.92 5.95 5.13 6.23 7.07 6.77 5.93 5.67 5.97 5.13 5.20 6.00 6.13 7.77 8.95 10.83 10.03 10.00 9.00 8.77 8.80 8.18 8.23 7.45 6.97 5.90 6.83 10.13 12.24 12.57 11.07 7.97 6.00 5.77 5.77 5.70 5.63 5.63 4.63 3.93 4.03 3.95 4.80 4.55 4.55 3.77 3.77 2.93 2.93 4.00 3.20 3.17 3.20 3.97
7.02 8.00 7.98 7.98 8.00 7.01 6.01 7.00 6.01 5.01 5.01 5.02 4.01 5.01 5.01 5.01 3.99 4.00 4.01 4.00 4.99 5.99 6.00 5.99 5.99 6.99 7.01 7.01 6.01 6.02 5.01 6.01 7.01 8.00 10.00 10.99 10.00 10.00 9.00 9.00 9.00 9.01 8.01 7.00 7.00 7.02 9.02 11.01 10.99 9.98 9.98 7.99 6.01 6.00 6.00 7.01 8.02 8.02 7.02 5.01 4.01 5.01 5.01 5.01 5.01 4.01 4.01 4.02 4.02 4.01 3.01 3.01 3.01 4.00
9.40 9.36 6.90 6.61 8.06 8.39 7.58 7.25 6.25 6.30 6.33 7.40 6.90 7.65 6.33 6.04 4.25 4.25 5.07 4.25 4.21 4.64 4.64 3.79 4.87 6.15 6.94 7.16 8.59 8.84 7.90 7.26 8.04 7.94 8.90 9.90 10.00 9.46 8.72 8.69 8.97 10.07 9.04 7.22 6.97 9.15 11.18 12.13 9.67 7.88 7.63 6.96 6.85 6.22 6.44 8.01 9.07 9.10 8.10 6.04 5.04 5.25 6.07 6.07 6.01 6.34 6.56 7.06 8.11 7.29 6.32 5.84 4.30 4.00
10.12 9.52 7.60 7.07 6.73 7.86 9.17 8.05 7.05 7.65 7.05 8.12 9.22 9.24 7.12 6.67 4.98 4.98 5.00 5.05 4.38 4.55 4.55 5.13 6.13 7.58 8.13 9.84 11.23 12.35 10.08 9.25 8.60 9.20 9.53 10.60 9.93 8.42 8.33 9.00 9.53 9.93 9.53 8.58 7.46 8.93 10.40 10.87 9.09 7.47 6.42 6.47 5.35 7.65 9.30 9.20 9.00 8.40 7.33 6.60 5.60 5.98 6.00 5.93 7.13 8.18 9.90 12.07 13.60 13.58 11.98 9.35 5.65 3.93
9.15 8.09 7.96 8.87 6.84 6.98 8.15 8.05 6.95 7.96 6.95 7.15 8.20 7.24 6.09 6.05 5.85 5.85 4.90 4.90 4.85 4.96 4.91 6.92 7.97 8.91 9.92 10.97 12.82 12.97 10.91 10.02 9.01 10.07 10.96 11.01 10.85 9.81 11.62 11.72 10.81 10.80 10.81 9.81 9.72 9.85 9.99 9.08 7.19 6.04 5.04 5.09 4.94 8.01 10.07 10.02 8.95 7.94 7.85 6.96 5.96 6.91 5.90 6.80 8.87 9.92 11.08 12.22 15.19 16.09 14.03 10.07 5.96 4.91
7.95 8.00 8.97 9.77 8.07 7.10 6.94 6.95 8.05 9.06 7.86 5.85 5.79 5.95 6.00 7.05 7.15 7.16 7.22 7.11 6.16 6.16 7.00 6.90 6.96 8.80 10.02 12.07 15.13 14.17 11.10 10.01 9.00 8.95 9.84 11.01 12.05 12.22 14.12 14.12 13.12 13.11 13.11 12.32 12.22 11.05 9.90 8.90 7.10 7.04 6.04 5.09 6.15 8.01 8.96 9.90 9.94 9.15 9.16 8.05 7.05 7.00 8.12 9.12 9.96 9.91 9.85 9.80 11.55 12.44 11.71 8.96 7.05 4.98
8.05 8.11 7.16 5.97 7.18 8.07 7.41 7.00 8.00 8.69 5.40 4.93 4.93 6.05 5.95 7.00 8.12 7.71 7.71 7.05 6.66 6.66 5.93 5.93 6.64 6.97 9.33 11.33 13.98 14.40 12.12 9.59 9.00 9.00 9.45 10.59 12.11 12.71 13.64 13.64 12.59 13.05 13.11 13.78 12.71 11.05 8.98 7.93 8.07 7.36 6.41 6.48 7.07 7.59 8.59 8.93 9.29 10.07 9.66 8.00 7.00 7.00 7.64 8.18 8.52 8.52 8.52 8.52 8.38 8.36 9.09 8.18 7.00 5.82
7.32 6.56 5.19 4.94 5.94 7.93 7.96 7.00 8.15 6.46 5.80 5.00 5.00 5.24 6.83 7.00 7.24 6.29 6.36 6.39 6.04 5.97 6.00 6.07 5.21 5.56 5.75 7.82 9.03 10.89 11.39 8.97 9.07 9.07 8.52 10.04 10.49 11.21 12.21 12.21 11.97 12.24 11.49 12.29 11.21 10.24 8.17 7.93 8.00 8.79 6.88 6.88 6.85 6.90 7.97 9.00 10.86 10.00 8.97 8.00 6.93 7.00 6.14 6.94 8.04 7.97 7.90 7.90 7.97 7.21 7.26 6.94 7.00 7.13
6.00 5.00 5.00 5.00 6.00 9.00 9.00 7.00 6.01 6.00 5.00 5.00 5.00 5.00 6.00 7.00 7.00 5.00 4.00 4.00 5.00 6.00 6.00 5.00 5.00 4.00 4.00 5.01 6.01 7.01 9.01 9.00 8.00 8.00 8.00 9.00 10.00 11.00 12.00 12.00 12.00 12.00 11.00 11.00 11.00 10.00 9.00 9.00 8.00 9.00 8.99 8.99 8.99 8.00 8.00 9.00 10.00 10.00 9.00 8.00 8.00 7.00 7.00 7.00 7.00 8.00 9.00 9.00 8.00 7.00 6.00 7.00 7.00 6.00
5.56 5.87 5.00 5.00 7.07 10.10 10.16 7.87 4.93 4.93 5.00 4.74 3.90 5.00 7.07 6.97 6.71 6.04 5.02 5.02 4.94 5.97 5.97 4.97 3.90 4.00 4.00 3.93 4.93 5.93 7.93 8.16 7.94 7.94 9.31 9.44 11.31 11.47 12.00 12.84 11.77 10.69 10.77 10.77 11.00 11.10 10.34 10.31 10.35 11.35 11.32 11.38 11.15 9.31 9.07 9.03 8.69 9.77 7.90 6.93 6.96 5.93 7.03 6.77 7.00 8.00 9.03 9.03 8.06 7.06 6.06 5.96 5.93 6.00
3.31 4.44 5.07 5.07 7.14 9.63 8.34 6.37 4.93 4.93 5.00 4.52 4.51 4.93 7.00 7.58 7.10 6.51 6.09 6.09 6.09 6.51 6.51 5.51 4.51 3.93 4.00 4.00 5.00 6.07 8.07 9.05 9.16 9.09 9.92 11.69 12.05 13.18 12.00 12.02 10.95 9.95 9.95 9.88 11.07 10.42 10.48 11.12 11.70 12.63 13.35 12.19 11.14 10.12 9.07 8.42 7.88 8.95 8.58 7.00 6.42 6.00 6.42 5.95 7.00 8.00 8.49 8.49 6.84 5.84 4.84 5.42 6.00 6.00
2.99 3.10 4.16 4.16 5.27 6.43 6.19 6.05 5.89 5.89 5.00 5.01 5.96 5.89 7.06 8.07 7.96 7.79 7.75 7.80 7.80 7.79 7.79 6.79 5.79 4.84 3.94 4.00 5.00 5.05 7.11 9.00 9.96 10.80 11.78 12.01 12.11 12.16 12.06 11.05 10.94 9.83 9.94 10.89 10.11 9.99 10.05 10.16 11.17 13.12 12.35 10.33 9.33 9.22 8.11 7.99 8.89 9.06 9.07 7.00 5.99 6.00 5.99 5.94 7.00 8.06 7.04 7.10 5.98 4.92 3.92 4.99 6.00 5.94
3.08 3.07 3.02 2.94 3.86 3.90 3.89 4.86 5.91 6.01 5.00 5.01 4.96 5.91 5.95 6.96 9.06 10.18 11.30 10.43 10.40 10.47 10.56 9.48 8.32 6.20 5.12 4.07 4.99 6.03 7.07 9.07 11.12 13.09 12.00 11.84 9.83 10.79 10.88 11.97 12.14 13.15 11.14 11.01 10.00 9.91 8.95 8.86 9.78 10.74 9.74 7.82 6.91 6.91 7.92 8.01 8.92 7.96 7.96 7.00 5.99 6.00 6.00 7.06 7.01 6.95 8.06 7.09 6.09 6.05 5.14 4.99 6.01 7.06
4.46 4.75 5.19 3.34 3.32 4.00 4.39 4.27 4.98 5.66 5.00 4.61 4.61 4.93 6.00 6.56 8.51 11.31 14.17 15.16 16.72 18.58 19.31 17.34 13.46 9.17 6.75 5.80 5.73 6.68 8.75 10.75 12.80 13.44 12.05 9.08 8.15 8.13 9.20 10.59 12.78 12.66 11.73 10.66 10.05 8.98 9.05 7.93 7.47 8.08 7.08 6.59 6.66 6.61 6.54 7.22 7.54 7.61 7.61 7.00 6.39 6.00 6.00 6.61 6.61 7.00 7.61 7.68 7.07 5.95 6.07 5.39 5.61 6.61
4.96 7.54 7.91 4.70 3.96 4.00 5.03 5.84 4.19 4.16 5.00 3.89 3.89 5.00 6.00 6.63 9.44 14.17 18.09 21.15 25.35 28.64 28.09 24.69 18.81 13.31 9.47 7.65 7.58 9.32 11.39 13.54 14.95 13.37 11.34 7.94 7.01 6.20 7.20 9.30 10.57 11.38 10.23 9.23 9.26 8.19 8.19 8.00 6.97 7.01 5.94 5.16 5.23 6.04 6.04 5.94 7.04 6.97 7.04 7.00 7.03 6.00 6.00 6.04 5.97 7.07 7.04 7.04 7.07 6.74 5.85 5.96 4.97 6.04
5.98 8.01 7.02 6.00 4.99 4.00 5.00 5.01 5.00 4.99 5.00 4.99 4.99 5.00 6.00 8.00 10.01 16.00 21.97 27.94 30.97 31.05 27.09 22.08 17.05 14.01 10.98 9.96 10.95 12.96 13.98 14.01 13.02 12.01 10.01 8.00 6.00 6.00 7.01 8.02 9.02 9.02 10.01 9.00 9.00 8.99 8.99 8.00 6.99 6.01 6.00 5.99 5.00 5.00 5.01 6.00 6.01 7.02 6.01 7.01 7.00 6.00 6.00 5.01 6.00 6.01 6.01 6.01 6.01 6.99 7.97 6.98 4.99 5.01
7.29 6.95 5.98 4.95 4.76 4.00 5.03 5.00 3.93 4.78 4.78 4.76 4.78 4.78 5.81 6.74 8.74 14.60 21.50 28.38 29.00 23.62 18.49 15.59 13.38 12.71 12.31 12.41 12.98 13.69 13.62 12.74 12.78 11.78 9.78 8.03 7.10 6.00 5.93 6.95 7.74 8.57 8.71 8.81 9.05 8.81 8.83 7.81 7.85 6.22 5.97 6.00 5.22 6.07 5.22 5.78 6.03 4.88 5.54 5.69 6.78 6.00 6.03 5.03 6.03 6.03 5.78 5.78 6.00 8.10 9.12 8.07 6.05 5.22
8.12 6.44 4.89 4.44 4.50 4.00 4.44 5.00 3.93 3.94 3.94 4.50 3.88 3.88 4.39 5.39 7.52 10.86 15.76 21.28 21.71 17.07 13.11 11.09 11.20 11.88 12.57 12.08 10.96 10.91 10.91 11.52 12.15 11.08 9.08 7.44 6.38 5.93 5.93 6.44 6.32 6.82 7.94 7.39 7.89 7.45 6.83 6.39 6.94 7.06 6.49 5.86 5.92 5.93 6.06 4.88 5.44 4.44 4.44 5.50 5.94 6.00 5.44 4.44 5.51 5.51 5.01 4.94 6.07 7.51 7.95 8.07 6.56 6.06
7.24 6.11 3.98 3.99 5.07 4.00 4.05 5.06 4.88 4.00 3.94 4.95 4.82 4.88 3.99 4.99 5.24 6.32 9.54 12.84 14.67 13.19 10.97 11.75 12.68 12.88 11.17 9.28 8.28 8.28 8.28 9.35 9.49 9.37 7.25 7.05 6.92 6.93 6.93 5.99 6.86 7.93 8.06 6.99 6.98 6.11 5.98 5.99 7.00 7.00 7.89 7.69 7.75 6.82 5.94 5.88 4.99 3.87 4.89 5.95 6.00 6.00 4.99 3.99 4.11 4.11 4.12 5.06 5.12 6.17 6.10 7.18 7.07 6.00
4.84 3.92 4.00 4.00 3.96 4.08 3.03 3.88 4.93 4.01 5.04 6.12 6.11 5.06 4.06 5.06 5.12 6.14 6.97 8.86 11.92 13.01 13.10 13.95 13.99 12.86 9.89 7.88 6.96 6.89 6.89 6.84 6.92 6.92 6.93 5.96 5.96 5.96 5.88 6.01 6.93 6.96 6.96 6.99 6.99 6.07 6.07 6.07 7.00 7.00 8.00 9.05 8.07 8.04 7.11 6.07 5.06 6.15 7.15 7.18 6.06 5.99 5.07 4.06 4.07 4.00 4.00 3.96 5.01 4.96 5.93 5.88 5.96 6.01
3.56 3.63 4.05 4.00 4.00 4.70 4.12 2.88 3.51 3.58 5.00 7.12 7.49 6.86 5.72 7.04 8.49 8.74 8.77 9.74 11.68 12.68 12.35 11.21 11.91 10.16 8.60 6.98 6.68 5.56 5.51 5.93 6.26 6.68 5.98 5.63 5.63 5.63 4.93 5.63 5.98 7.05 7.00 7.37 7.37 7.02 7.02 7.07 7.00 7.00 8.00 8.63 9.12 8.42 8.44 7.40 6.77 7.81 9.18 9.89 8.14 6.69 6.40 5.81 5.07 4.00 4.00 4.00 4.63 4.63 4.98 4.93 5.63 5.63
2.96 2.96 3.28 4.00 4.00 3.96 3.21 3.72 3.61 3.68 5.07 6.43 7.54 7.50 8.58 11.33 13.44 12.30 10.86 11.14 10.25 11.32 9.49 8.49 8.53 8.36 7.40 6.36 5.25 4.96 5.68 6.00 4.93 5.25 5.28 5.04 5.04 5.04 5.07 4.96 5.28 6.28 7.00 7.96 7.96 7.64 7.72 7.00 7.07 7.07 8.15 8.04 8.36 8.32 9.04 8.68 8.71 9.07 11.25 11.22 10.97 8.79 7.75 7.14 5.00 4.00 4.00 4.00 3.96 3.96 4.21 4.93 4.96 4.96
3.00 3.00 2.98 4.00 4.00 4.00 3.98 3.98 4.98 3.98 4.02 4.04 4.06 5.04 8.04 11.09 12.11 12.09 10.04 10.02 10.00 10.04 9.00 8.00 7.02 6.04 5.04 5.02 5.00 5.00 6.00 6.00 5.00 5.00 5.00 4.00 4.02 4.02 4.02 5.00 5.00 5.96 6.95 8.94 8.96 8.98 8.00 7.02 6.02 6.02 6.04 7.02 7.02 8.00 9.00 9.98 9.98 8.98 9.04 9.06 9.06 9.02 8.02 6.02 5.00 3.98 4.00 4.00 4.00 4.00 4.98 5.98 5.00 5.00
3.18 3.18 4.27 4.18 4.18 4.18 4.18 5.27 5.40 5.27 4.20 4.18 4.18 5.00 6.53 6.35 7.15 7.35 8.75 9.87 9.63 8.56 8.63 7.82 6.80 6.00 4.98 5.00 5.00 5.00 6.00 6.02 5.00 5.00 4.80 4.87 4.00 4.00 4.00 5.00 4.98 8.32 10.78 11.51 10.49 9.20 8.02 5.93 6.00 5.98 6.20 6.98 7.20 8.00 8.80 9.80 10.22 10.29 9.00 7.93 7.93 7.93 7.13 6.40 5.37 5.25 4.18 3.98 4.00 4.00 4.78 5.80 5.00 4.98
4.59 4.66 5.12 5.73 5.66 5.59 5.66 6.12 7.18 5.99 4.93 5.46 5.40 4.74 4.68 4.22 4.22 5.28 7.54 7.33 7.48 6.41 6.41 6.41 5.94 6.00 5.54 4.93 5.00 5.00 6.07 5.46 5.00 5.00 3.94 3.94 4.00 4.00 4.00 5.00 5.54 9.53 13.71 13.65 11.52 10.12 7.46 6.00 6.00 6.47 6.99 7.54 8.12 8.07 8.01 9.07 10.65 10.65 9.07 8.00 8.00 8.00 8.12 8.18 7.78 6.66 5.59 4.54 3.87 3.93 4.48 4.94 5.07 5.60
5.08 4.15 4.14 4.30 5.22 6.08 5.15 5.14 6.14 6.80 6.59 7.49 8.34 8.25 7.52 5.58 4.78 5.85 5.27 6.02 5.27 5.13 5.13 6.05 6.00 6.00 6.01 5.86 4.94 5.00 5.14 4.99 5.00 5.00 3.94 4.00 4.00 4.00 4.00 5.06 6.01 10.87 14.08 14.14 11.91 9.20 7.11 6.06 5.94 7.87 7.86 8.08 7.14 7.14 7.20 7.28 8.33 8.33 8.14 7.94 7.94 8.00 7.14 7.20 6.30 6.15 6.01 4.95 5.72 4.74 4.95 5.00 4.14 5.15
3.96 4.00 4.00 4.00 3.96 4.96 5.00 5.00 6.06 8.09 9.25 12.32 13.39 12.29 9.16 8.08 6.11 6.01 5.00 4.90 4.94 4.94 5.00 4.90 5.88 5.94 5.94 6.00 6.04 5.06 5.06 5.00 5.00 5.06 5.04 4.00 4.00 4.00 4.00 3.96 6.00 10.95 12.84 11.87 10.84 7.84 4.86 4.96 7.04 7.94 7.94 6.90 6.94 7.00 5.96 6.94 6.90 6.96 8.00 9.04 9.04 7.94 6.94 5.96 6.00 6.00 6.00 5.98 6.00 7.09 6.04 5.00 4.06 5.00
4.00 4.00 4.04 4.04 3.96 5.31 5.31 5.31 7.33 9.68 13.18 16.22 17.99 15.57 11.54 7.65 6.37 5.30 4.65 4.28 4.28 4.28 5.00 3.93 3.85 4.58 4.97 5.65 6.00 6.07 6.07 5.00 5.00 5.72 5.04 3.96 4.00 4.00 4.00 4.00 6.04 9.32 10.94 10.62 8.55 5.85 3.88 5.35 7.00 6.88 6.93 5.88 5.88 7.00 5.96 5.88 5.93 7.04 7.65 8.65 8.69 6.93 5.93 6.00 6.00 5.96 6.00 4.93 6.00 6.30 5.65 5.00 5.07 4.96
