Instances/OpenSea-Biscaya/GMRTv3_3_20170615topo.asc
ncols 636
nrows 435
xllcorner -3.381591796875
yllcorner 44.443192965520076
cellsize 0.002197265625
nodata_value -2147483648
[rows 308 to 335 of 435, columns 189 to 251 of 636]
-2422.77 -2404.68 -2388.55 -2377.11 -2368.19 -2360.67 -2354.18 -2347.97 -2342.00 -2336.06 -2329.95 -2323.51 -2316.41 -2308.15 -2299.13 -2289.31 -2279.51 -2270.58 -2262.44 -2255.26 -2249.17 -2244.38 -2240.86 -2238.56 -2237.73 -2238.87 -2241.18 -2244.11 -2247.38 -2250.61 -2253.48 -2255.58 -2256.82 -2256.70 -2255.95 -2255.12 -2254.26 -2253.70 -2253.06 -2251.80 -2250.66 -2250.43 -2250.39 -2250.10 -2249.44 -2248.10 -2246.32 -2244.13 -2241.92 -2240.03 -2238.53 -2237.87 -2237.12 -2235.59 -2233.02 -2228.73 -2223.27 -2216.84 -2209.70 -2202.01 -2194.25 -2186.81 -2180.16
-2447.82 -2430.14 -2413.54 -2399.45 -2387.61 -2378.83 -2371.42 -2363.81 -2356.47 -2349.51 -2342.44 -2334.84 -2326.60 -2317.28 -2307.42 -2297.28 -2287.21 -2277.70 -2268.67 -2260.02 -2252.24 -2245.72 -2240.54 -2236.91 -2234.85 -2234.72 -2235.78 -2237.34 -2239.57 -2242.76 -2245.86 -2247.88 -2248.98 -2248.82 -2247.95 -2246.81 -2245.39 -2243.75 -2242.09 -2240.60 -2239.37 -2238.74 -2238.16 -2237.21 -2235.95 -2234.29 -2232.34 -2230.09 -2227.83 -2225.85 -2224.19 -2223.21 -2222.26 -2221.03 -2218.93 -2215.16 -2210.04 -2203.33 -2195.82 -2188.13 -2180.45 -2172.94 -2166.26
-2477.11 -2461.69 -2446.44 -2431.05 -2417.31 -2407.83 -2399.86 -2391.38 -2382.91 -2374.36 -2365.61 -2356.61 -2347.15 -2336.87 -2326.30 -2315.89 -2305.64 -2295.67 -2285.98 -2276.40 -2267.45 -2259.48 -2252.80 -2247.93 -2244.64 -2243.10 -2242.65 -2242.56 -2243.19 -2245.03 -2246.93 -2247.86 -2247.95 -2246.82 -2244.99 -2242.92 -2240.41 -2237.14 -2234.01 -2232.05 -2230.56 -2229.20 -2227.83 -2226.19 -2224.33 -2222.20 -2219.92 -2217.59 -2215.32 -2213.30 -2211.43 -2209.73 -2207.97 -2206.12 -2203.60 -2199.80 -2194.73 -2187.86 -2180.25 -2172.75 -2165.49 -2158.61 -2152.76
-2505.83 -2492.71 -2479.53 -2465.72 -2453.03 -2443.83 -2435.75 -2427.30 -2418.27 -2407.50 -2396.28 -2385.74 -2375.18 -2364.07 -2352.99 -2342.42 -2332.22 -2322.46 -2312.92 -2303.23 -2293.90 -2285.16 -2277.48 -2271.43 -2266.87 -2264.03 -2262.28 -2261.19 -2260.43 -2259.53 -2258.55 -2257.58 -2256.04 -2253.12 -2249.53 -2245.88 -2241.79 -2236.71 -2231.79 -2228.23 -2225.26 -2222.51 -2219.94 -2217.41 -2214.81 -2211.86 -2208.91 -2206.22 -2203.71 -2201.45 -2199.26 -2197.07 -2194.59 -2191.48 -2187.75 -2183.29 -2178.07 -2171.89 -2165.20 -2158.20 -2151.59 -2146.07 -2141.88
-2530.25 -2519.58 -2508.82 -2497.66 -2487.09 -2478.49 -2470.40 -2462.10 -2452.75 -2440.56 -2427.66 -2415.84 -2404.33 -2392.80 -2381.71 -2371.49 -2361.84 -2352.67 -2343.70 -2334.53 -2325.49 -2316.58 -2308.39 -2301.46 -2295.80 -2291.78 -2288.81 -2286.74 -2284.63 -2281.10 -2277.30 -2274.27 -2270.87 -2266.05 -2260.47 -2254.48 -2248.01 -2240.80 -2233.87 -2228.40 -2223.67 -2219.35 -2215.39 -2211.69 -2208.10 -2204.33 -2200.68 -2197.38 -2194.36 -2191.71 -2189.11 -2186.40 -2183.19 -2178.84 -2173.84 -2168.40 -2162.78 -2157.37 -2151.94 -2146.02 -2140.68 -2136.80 -2134.42
-2546.32 -2538.31 -2530.18 -2521.73 -2513.23 -2505.00 -2496.60 -2487.92 -2478.33 -2466.77 -2454.32 -2441.42 -2428.88 -2417.86 -2407.81 -2398.69 -2390.21 -2382.17 -2374.24 -2365.95 -2357.61 -2349.19 -2341.13 -2333.81 -2327.43 -2322.59 -2318.53 -2314.83 -2311.03 -2306.34 -2301.36 -2296.72 -2291.53 -2285.05 -2277.42 -2268.19 -2258.41 -2248.77 -2239.81 -2232.50 -2226.13 -2220.31 -2214.96 -2209.88 -2205.03 -2200.25 -2195.73 -2191.67 -2187.96 -2184.70 -2181.53 -2178.25 -2174.45 -2169.54 -2163.95 -2157.66 -2151.47 -2146.34 -2141.80 -2137.49 -2134.07 -2132.10 -2131.53
-2553.07 -2547.19 -2541.00 -2534.09 -2526.51 -2518.12 -2509.20 -2500.06 -2490.55 -2480.84 -2470.25 -2457.20 -2444.48 -2434.94 -2426.85 -2419.51 -2412.71 -2406.10 -2399.44 -2392.27 -2384.91 -2377.42 -2370.07 -2363.10 -2356.72 -2351.54 -2346.65 -2341.13 -2335.68 -2330.99 -2326.10 -2320.31 -2313.60 -2305.92 -2296.67 -2284.48 -2271.59 -2259.81 -2249.06 -2240.13 -2232.25 -2224.97 -2218.19 -2211.65 -2205.43 -2199.50 -2193.99 -2189.06 -2184.58 -2180.55 -2176.70 -2172.80 -2168.62 -2163.82 -2158.41 -2151.88 -2145.49 -2140.36 -2136.34 -2133.73 -2132.36 -2132.18 -2133.10
-2552.38 -2546.55 -2540.00 -2532.00 -2523.27 -2514.13 -2505.04 -2496.94 -2488.65 -2479.08 -2468.98 -2458.23 -2448.28 -2440.95 -2434.93 -2429.69 -2424.74 -2419.34 -2413.72 -2407.90 -2401.83 -2395.25 -2388.84 -2383.40 -2378.28 -2373.17 -2367.89 -2361.93 -2355.87 -2350.47 -2344.69 -2337.56 -2329.59 -2321.30 -2311.67 -2299.16 -2285.81 -2273.16 -2261.23 -2250.75 -2241.13 -2231.97 -2223.42 -2215.53 -2208.17 -2201.22 -2194.77 -2188.92 -2183.59 -2178.80 -2174.30 -2169.94 -2165.53 -2160.82 -2155.85 -2150.30 -2145.03 -2140.69 -2137.46 -2135.85 -2135.48 -2136.29 -2137.90
-2548.61 -2541.88 -2533.94 -2523.83 -2513.00 -2502.45 -2492.60 -2484.82 -2477.26 -2467.92 -2458.60 -2450.45 -2443.42 -2438.08 -2433.77 -2430.20 -2426.77 -2422.64 -2418.25 -2413.77 -2409.05 -2403.70 -2398.57 -2394.74 -2391.04 -2386.57 -2381.62 -2376.07 -2370.12 -2364.06 -2357.37 -2349.42 -2340.82 -2332.30 -2322.84 -2311.23 -2298.66 -2285.75 -2273.06 -2261.58 -2250.76 -2240.30 -2230.45 -2221.42 -2213.04 -2205.20 -2197.93 -2191.22 -2185.05 -2179.48 -2174.33 -2169.44 -2164.75 -2160.10 -2155.58 -2151.10 -2147.02 -2143.58 -2141.13 -2140.25 -2140.50 -2141.81 -2143.67
-2544.66 -2536.40 -2526.41 -2513.77 -2500.38 -2487.70 -2476.18 -2467.36 -2459.51 -2450.96 -2443.08 -2436.86 -2431.77 -2427.71 -2424.40 -2421.64 -2419.08 -2416.31 -2413.37 -2410.18 -2406.76 -2402.96 -2399.35 -2396.86 -2394.36 -2390.91 -2386.87 -2382.45 -2377.27 -2370.91 -2363.67 -2355.58 -2347.05 -2338.75 -2329.87 -2319.80 -2308.66 -2295.93 -2282.98 -2271.23 -2260.04 -2249.19 -2238.82 -2228.96 -2219.67 -2211.03 -2203.00 -2195.55 -2188.67 -2182.40 -2176.61 -2171.18 -2166.13 -2161.38 -2157.07 -2153.29 -2150.09 -2147.44 -2145.67 -2145.25 -2145.78 -2147.17 -2148.93
-2543.18 -2532.98 -2520.49 -2505.27 -2489.20 -2473.80 -2459.72 -2448.34 -2439.02 -2431.85 -2425.95 -2420.33 -2415.46 -2411.60 -2408.37 -2405.36 -2402.88 -2401.41 -2400.09 -2398.01 -2395.77 -2393.69 -2391.75 -2390.24 -2388.61 -2386.30 -2383.56 -2380.73 -2376.89 -2370.83 -2363.68 -2356.16 -2348.35 -2340.76 -2332.84 -2324.41 -2314.83 -2302.70 -2290.07 -2278.83 -2268.14 -2257.86 -2247.77 -2237.44 -2227.40 -2218.03 -2209.28 -2201.28 -2193.90 -2187.10 -2180.79 -2174.89 -2169.42 -2164.30 -2159.79 -2156.14 -2153.28 -2151.18 -2149.91 -2149.66 -2150.15 -2151.26 -2152.72
-2548.94 -2536.50 -2521.30 -2503.04 -2484.14 -2467.01 -2451.34 -2437.35 -2425.82 -2418.52 -2412.68 -2405.43 -2398.71 -2393.66 -2389.72 -2386.80 -2384.69 -2383.32 -2382.22 -2380.70 -2379.31 -2378.42 -2377.89 -2377.80 -2377.75 -2377.51 -2376.65 -2374.76 -2371.60 -2366.44 -2360.29 -2353.97 -2347.29 -2340.32 -2333.04 -2325.84 -2317.57 -2306.53 -2294.77 -2284.05 -2273.64 -2263.45 -2253.33 -2242.89 -2232.71 -2223.29 -2214.47 -2206.32 -2198.72 -2191.61 -2184.98 -2178.79 -2173.03 -2167.53 -2162.69 -2158.88 -2155.99 -2154.05 -2152.99 -2152.84 -2153.39 -2154.47 -2155.94
-2560.83 -2546.68 -2529.30 -2508.27 -2486.75 -2468.28 -2451.41 -2435.36 -2421.66 -2412.66 -2405.03 -2395.38 -2386.23 -2379.05 -2373.45 -2369.76 -2367.25 -2365.37 -2363.96 -2362.52 -2361.54 -2361.44 -2361.99 -2363.27 -2364.80 -2366.40 -2367.22 -2366.21 -2363.82 -2359.98 -2355.23 -2350.14 -2344.52 -2338.27 -2331.67 -2325.35 -2318.13 -2308.57 -2298.12 -2287.89 -2277.57 -2267.24 -2256.93 -2246.54 -2236.50 -2227.25 -2218.59 -2210.51 -2202.90 -2195.62 -2188.74 -2182.27 -2176.21 -2170.37 -2165.21 -2161.11 -2158.00 -2156.00 -2154.97 -2154.89 -2155.55 -2156.80 -2158.51
-2577.04 -2562.23 -2543.80 -2520.85 -2497.34 -2477.61 -2459.62 -2442.46 -2427.15 -2415.11 -2404.25 -2392.47 -2381.31 -2371.55 -2363.39 -2357.46 -2353.21 -2350.51 -2348.73 -2346.99 -2345.99 -2346.27 -2347.48 -2349.68 -2352.22 -2354.69 -2356.45 -2356.56 -2355.41 -2353.02 -2349.63 -2345.45 -2340.61 -2335.28 -2329.58 -2323.93 -2317.56 -2309.66 -2300.76 -2291.02 -2280.75 -2270.27 -2259.76 -2249.43 -2239.51 -2230.33 -2221.75 -2213.80 -2206.25 -2198.87 -2191.76 -2184.95 -2178.52 -2172.43 -2167.02 -2162.64 -2159.28 -2157.13 -2156.03 -2155.99 -2156.78 -2158.30 -2160.28
-2595.58 -2581.15 -2562.83 -2539.08 -2514.51 -2493.94 -2475.19 -2457.82 -2441.52 -2425.65 -2410.70 -2397.11 -2384.40 -2371.90 -2360.64 -2351.43 -2344.37 -2340.33 -2337.88 -2335.55 -2334.20 -2334.27 -2335.48 -2338.02 -2340.96 -2343.43 -2345.42 -2346.70 -2346.96 -2345.68 -2343.28 -2339.89 -2335.83 -2331.55 -2326.87 -2321.86 -2316.25 -2309.88 -2302.46 -2293.39 -2283.40 -2272.85 -2262.15 -2251.81 -2241.92 -2232.77 -2224.19 -2216.18 -2208.54 -2201.08 -2193.84 -2186.74 -2180.00 -2173.80 -2168.29 -2163.63 -2160.00 -2157.65 -2156.43 -2156.38 -2157.24 -2158.84 -2160.97
-2610.71 -2597.21 -2580.11 -2557.75 -2534.35 -2514.23 -2495.48 -2477.91 -2460.75 -2442.70 -2425.08 -2408.94 -2393.76 -2379.15 -2365.88 -2354.51 -2345.22 -2338.59 -2333.93 -2330.77 -2328.96 -2328.14 -2328.44 -2330.20 -2332.52 -2334.63 -2336.50 -2337.95 -2338.59 -2337.86 -2336.17 -2333.58 -2330.46 -2327.35 -2323.82 -2319.61 -2314.74 -2309.27 -2302.74 -2294.54 -2285.20 -2274.81 -2264.08 -2253.73 -2243.79 -2234.59 -2225.94 -2217.82 -2210.08 -2202.57 -2195.29 -2188.11 -2181.31 -2175.10 -2169.56 -2164.72 -2160.86 -2158.26 -2156.82 -2156.60 -2157.34 -2158.90 -2161.05
-2619.95 -2607.56 -2592.39 -2573.18 -2552.88 -2534.47 -2516.60 -2499.08 -2481.44 -2462.94 -2444.27 -2425.59 -2407.77 -2391.76 -2377.42 -2365.06 -2354.31 -2344.56 -2336.80 -2332.31 -2329.58 -2327.36 -2326.17 -2326.32 -2327.23 -2328.60 -2329.93 -2330.63 -2330.75 -2330.07 -2328.78 -2326.90 -2324.71 -2322.68 -2320.21 -2316.84 -2312.64 -2307.60 -2301.53 -2294.22 -2285.75 -2275.87 -2265.44 -2255.18 -2245.22 -2235.95 -2227.21 -2219.00 -2211.19 -2203.69 -2196.48 -2189.44 -2182.78 -2176.60 -2171.01 -2166.03 -2161.94 -2159.10 -2157.37 -2156.82 -2157.27 -2158.68 -2160.72
-2622.89 -2611.50 -2598.38 -2582.83 -2566.31 -2550.26 -2534.05 -2517.74 -2500.72 -2482.10 -2462.89 -2443.55 -2424.85 -2407.73 -2392.15 -2378.67 -2366.54 -2354.77 -2344.74 -2337.97 -2333.13 -2329.37 -2326.79 -2325.35 -2324.68 -2324.52 -2324.56 -2324.41 -2324.02 -2323.12 -2321.89 -2320.38 -2318.73 -2317.33 -2315.50 -2312.67 -2308.98 -2304.45 -2298.94 -2292.29 -2284.57 -2275.62 -2266.00 -2256.11 -2246.28 -2237.05 -2228.27 -2220.02 -2212.23 -2204.88 -2197.87 -2191.05 -2184.54 -2178.34 -2172.60 -2167.36 -2162.98 -2159.89 -2157.90 -2156.99 -2157.09 -2158.21 -2160.02
-2620.88 -2610.16 -2598.76 -2586.58 -2573.70 -2560.18 -2546.06 -2531.76 -2516.29 -2498.25 -2479.32 -2460.68 -2442.35 -2424.55 -2407.89 -2393.38 -2380.10 -2367.13 -2355.54 -2346.25 -2338.80 -2333.14 -2328.93 -2325.93 -2323.76 -2321.98 -2320.54 -2319.31 -2318.15 -2316.83 -2315.46 -2314.06 -2312.68 -2311.54 -2310.06 -2307.68 -2304.50 -2300.48 -2295.53 -2289.45 -2282.43 -2274.55 -2265.96 -2256.68 -2247.21 -2238.02 -2229.21 -2221.07 -2213.43 -2206.29 -2199.47 -2192.76 -2186.28 -2180.02 -2174.17 -2168.77 -2164.17 -2160.74 -2158.39 -2157.19 -2156.98 -2157.75 -2159.21
-2615.25 -2604.56 -2593.91 -2583.57 -2573.00 -2561.64 -2549.81 -2538.11 -2525.05 -2508.62 -2491.05 -2474.17 -2457.18 -2439.48 -2422.34 -2407.14 -2392.95 -2379.03 -2366.16 -2354.87 -2345.23 -2337.63 -2331.62 -2327.03 -2323.40 -2320.15 -2317.39 -2315.12 -2313.15 -2311.30 -2309.63 -2308.18 -2306.86 -2305.73 -2304.34 -2302.26 -2299.50 -2295.97 -2291.55 -2286.01 -2279.66 -2272.76 -2265.19 -2256.80 -2248.02 -2239.19 -2230.57 -2222.64 -2215.17 -2208.19 -2201.47 -2194.73 -2188.15 -2181.80 -2175.81 -2170.24 -2165.41 -2161.67 -2159.01 -2157.56 -2157.12 -2157.59 -2158.73
-2607.84 -2596.46 -2585.25 -2574.50 -2564.10 -2554.03 -2544.20 -2535.16 -2524.99 -2511.21 -2496.12 -2481.55 -2466.42 -2449.82 -2433.16 -2417.79 -2402.95 -2387.95 -2373.85 -2361.58 -2350.82 -2341.63 -2333.90 -2327.73 -2322.67 -2318.29 -2314.62 -2311.58 -2309.00 -2306.63 -2304.59 -2303.00 -2301.63 -2300.36 -2298.91 -2296.92 -2294.39 -2291.23 -2287.31 -2282.34 -2276.64 -2270.45 -2263.72 -2256.41 -2248.72 -2240.74 -2232.75 -2225.08 -2217.70 -2210.75 -2203.98 -2197.07 -2190.29 -2183.76 -2177.58 -2171.74 -2166.63 -2162.73 -2159.91 -2158.29 -2157.68 -2158.01 -2158.97
-2602.91 -2591.01 -2579.45 -2568.29 -2557.47 -2546.81 -2536.68 -2528.04 -2518.95 -2507.33 -2494.55 -2481.50 -2467.65 -2452.44 -2436.83 -2421.63 -2406.65 -2391.75 -2377.52 -2364.46 -2352.68 -2342.49 -2333.85 -2327.00 -2321.35 -2316.36 -2312.13 -2308.60 -2305.62 -2302.99 -2300.74 -2298.95 -2297.40 -2296.02 -2294.50 -2292.49 -2290.01 -2286.99 -2283.38 -2279.08 -2274.16 -2268.60 -2262.53 -2256.04 -2249.25 -2242.32 -2235.22 -2227.93 -2220.64 -2213.54 -2206.48 -2199.31 -2192.27 -2185.54 -2179.19 -2173.20 -2168.00 -2164.04 -2161.20 -2159.56 -2158.89 -2159.09 -2159.93
-2601.33 -2588.86 -2576.74 -2564.56 -2552.41 -2539.95 -2528.13 -2518.33 -2508.90 -2498.56 -2487.52 -2475.48 -2462.63 -2448.99 -2434.73 -2419.78 -2404.85 -2390.70 -2377.06 -2363.63 -2351.28 -2340.89 -2332.11 -2325.03 -2319.16 -2314.02 -2309.65 -2305.99 -2302.88 -2300.13 -2297.79 -2295.91 -2294.29 -2292.79 -2291.17 -2289.16 -2286.74 -2283.76 -2280.33 -2276.54 -2272.25 -2267.26 -2261.79 -2255.93 -2249.84 -2243.80 -2237.52 -2230.75 -2223.66 -2216.27 -2208.78 -2201.36 -2194.12 -2187.24 -2180.79 -2174.72 -2169.49 -2165.56 -2162.79 -2161.24 -2160.67 -2160.89 -2161.76
-2603.96 -2590.61 -2577.38 -2563.20 -2548.70 -2533.75 -2519.53 -2507.54 -2496.64 -2486.40 -2476.11 -2464.79 -2452.93 -2440.89 -2428.03 -2413.21 -2398.27 -2385.01 -2372.32 -2359.24 -2347.13 -2337.26 -2328.92 -2321.84 -2315.93 -2311.04 -2306.96 -2303.46 -2300.47 -2297.77 -2295.48 -2293.75 -2292.25 -2290.69 -2289.00 -2287.06 -2284.75 -2281.83 -2278.51 -2274.97 -2271.02 -2266.50 -2261.54 -2256.17 -2250.57 -2245.08 -2239.34 -2233.12 -2226.37 -2218.74 -2210.86 -2203.23 -2195.85 -2188.86 -2182.34 -2176.28 -2171.10 -2167.26 -2164.61 -2163.24 -2162.87 -2163.31 -2164.39
-2611.80 -2596.98 -2581.70 -2564.33 -2546.37 -2528.52 -2511.58 -2496.77 -2483.48 -2471.66 -2460.71 -2450.05 -2439.52 -2429.26 -2417.84 -2402.78 -2387.37 -2374.64 -2362.96 -2351.42 -2340.83 -2331.78 -2323.96 -2317.27 -2311.71 -2307.45 -2303.95 -2300.67 -2297.85 -2295.54 -2293.69 -2292.34 -2291.15 -2289.79 -2288.21 -2286.25 -2283.91 -2281.15 -2278.01 -2274.59 -2270.76 -2266.40 -2261.68 -2256.68 -2251.47 -2246.21 -2240.68 -2234.76 -2228.28 -2220.85 -2213.03 -2205.16 -2197.47 -2190.23 -2183.60 -2177.75 -2172.87 -2169.20 -2166.70 -2165.48 -2165.30 -2166.08 -2167.52
-2621.82 -2605.10 -2587.06 -2566.57 -2545.39 -2524.83 -2505.13 -2486.76 -2470.36 -2457.25 -2445.87 -2435.26 -2424.83 -2413.76 -2401.80 -2387.71 -2373.70 -2361.91 -2351.27 -2341.34 -2332.32 -2324.20 -2317.11 -2311.26 -2306.48 -2302.77 -2299.81 -2297.28 -2295.19 -2293.45 -2292.06 -2291.07 -2290.17 -2289.07 -2287.74 -2286.00 -2283.87 -2281.30 -2278.30 -2274.82 -2270.93 -2266.64 -2262.04 -2257.24 -2252.21 -2246.94 -2241.38 -2235.56 -2229.27 -2222.26 -2214.77 -2206.77 -2198.81 -2191.36 -2184.64 -2179.03 -2174.48 -2171.05 -2168.77 -2167.76 -2167.83 -2168.90 -2170.69
-2630.19 -2611.71 -2591.03 -2568.13 -2544.54 -2521.86 -2499.84 -2477.97 -2458.50 -2444.60 -2433.04 -2421.84 -2410.42 -2396.95 -2383.28 -2370.77 -2359.10 -2348.39 -2338.66 -2330.08 -2322.38 -2315.20 -2308.98 -2304.15 -2300.32 -2297.22 -2294.88 -2293.31 -2292.16 -2291.06 -2290.11 -2289.40 -2288.71 -2287.86 -2286.79 -2285.42 -2283.66 -2281.36 -2278.51 -2274.99 -2271.02 -2266.81 -2262.32 -2257.59 -2252.57 -2247.20 -2241.56 -2235.73 -2229.58 -2223.03 -2215.99 -2208.05 -2200.04 -2192.54 -2185.81 -2180.40 -2176.13 -2172.99 -2171.01 -2170.28 -2170.61 -2171.88 -2173.91
-2632.87 -2613.49 -2591.37 -2567.13 -2542.16 -2518.25 -2494.78 -2470.64 -2449.09 -2434.45 -2422.41 -2410.13 -2397.48 -2382.48 -2367.80 -2355.98 -2345.47 -2335.36 -2326.27 -2318.72 -2312.13 -2305.89 -2300.53 -2296.48 -2293.44 -2291.36 -2289.96 -2288.98 -2288.30 -2287.77 -2287.32 -2286.85 -2286.30 -2285.61 -2284.74 -2283.61 -2282.13 -2280.20 -2277.69 -2274.34 -2270.51 -2266.50 -2262.16 -2257.46 -2252.42 -2247.04 -2241.40 -2235.62 -2229.60 -2223.37 -2216.72 -2209.15 -2201.45 -2194.13 -2187.56 -2182.30 -2178.22 -2175.43 -2173.82 -2173.39 -2173.95 -2175.29 -2177.40
