Instances/OpenSea-Biscaya/GMRTv3_3_20170615topo.asc
ncols 636
nrows 435
xllcorner -3.381591796875
yllcorner 44.443192965520076
cellsize 0.002197265625
nodata_value -2147483648
[rows 56 to 83 of 435, columns 189 to 251 of 636]
-140.96 -140.87 -140.72 -140.36 -139.96 -139.67 -139.46 -139.34 -139.29 -139.30 -139.29 -139.17 -139.04 -139.04 -139.06 -139.08 -139.06 -138.92 -138.78 -138.74 -138.71 -138.60 -138.46 -138.33 -138.21 -138.14 -138.06 -137.91 -137.78 -137.76 -137.79 -137.89 -137.97 -137.90 -137.81 -137.79 -137.81 -137.89 -137.97 -138.00 -137.97 -137.86 -137.71 -137.58 -137.46 -137.35 -137.22 -137.06 -136.88 -136.63 -136.38 -136.16 -135.94 -135.69 -135.44 -135.22 -135.02 -134.85 -134.70 -134.58 -134.46 -134.29 -134.12
-141.15 -141.06 -140.90 -140.53 -140.14 -139.85 -139.64 -139.48 -139.38 -139.34 -139.29 -139.16 -139.04 -139.03 -139.04 -139.05 -139.04 -138.97 -138.88 -138.85 -138.81 -138.69 -138.55 -138.42 -138.30 -138.16 -138.03 -137.94 -137.88 -137.86 -137.88 -137.99 -138.06 -137.93 -137.78 -137.75 -137.78 -137.92 -138.06 -138.08 -138.05 -137.98 -137.89 -137.77 -137.64 -137.50 -137.37 -137.27 -137.14 -136.90 -136.64 -136.43 -136.22 -135.98 -135.72 -135.45 -135.19 -135.02 -134.87 -134.75 -134.64 -134.52 -134.40
-141.30 -141.21 -141.05 -140.70 -140.31 -140.03 -139.81 -139.67 -139.55 -139.42 -139.29 -139.15 -139.04 -139.03 -139.04 -139.04 -139.04 -139.07 -139.05 -138.94 -138.79 -138.67 -138.56 -138.43 -138.30 -138.16 -138.06 -138.04 -138.05 -138.05 -138.05 -138.06 -138.04 -137.92 -137.81 -137.78 -137.81 -137.92 -138.04 -138.06 -138.05 -138.08 -138.06 -137.95 -137.81 -137.69 -137.58 -137.47 -137.33 -137.07 -136.82 -136.70 -136.57 -136.33 -136.07 -135.83 -135.59 -135.32 -135.08 -134.93 -134.81 -134.69 -134.56
-141.32 -141.21 -141.07 -140.80 -140.51 -140.24 -139.99 -139.75 -139.54 -139.40 -139.30 -139.16 -139.05 -139.03 -139.05 -139.04 -139.04 -139.07 -139.05 -138.92 -138.78 -138.76 -138.75 -138.63 -138.48 -138.35 -138.23 -138.12 -138.04 -138.03 -138.04 -138.04 -138.03 -138.01 -137.98 -137.98 -137.98 -137.99 -138.03 -138.13 -138.23 -138.27 -138.24 -138.11 -137.97 -137.96 -137.94 -137.85 -137.70 -137.45 -137.18 -136.95 -136.73 -136.47 -136.23 -136.09 -135.95 -135.71 -135.45 -135.19 -134.97 -134.84 -134.74
-141.17 -141.05 -140.92 -140.75 -140.56 -140.38 -140.18 -139.93 -139.67 -139.46 -139.28 -139.13 -139.03 -139.01 -139.03 -139.04 -139.04 -139.05 -139.04 -138.99 -138.92 -138.86 -138.81 -138.76 -138.68 -138.57 -138.43 -138.28 -138.15 -138.14 -138.15 -138.15 -138.15 -138.16 -138.17 -138.17 -138.17 -138.14 -138.14 -138.28 -138.42 -138.44 -138.42 -138.36 -138.29 -138.25 -138.18 -138.07 -137.92 -137.75 -137.56 -137.31 -137.04 -136.77 -136.53 -136.35 -136.17 -135.92 -135.67 -135.47 -135.29 -135.10 -134.92
-141.04 -140.91 -140.78 -140.66 -140.54 -140.44 -140.31 -140.07 -139.80 -139.55 -139.34 -139.18 -139.09 -139.08 -139.09 -139.07 -139.04 -139.04 -139.04 -139.07 -139.06 -138.93 -138.79 -138.80 -138.81 -138.69 -138.55 -138.43 -138.35 -138.33 -138.34 -138.34 -138.35 -138.35 -138.35 -138.34 -138.35 -138.36 -138.39 -138.50 -138.60 -138.61 -138.60 -138.62 -138.61 -138.49 -138.34 -138.24 -138.14 -138.02 -137.86 -137.62 -137.35 -137.13 -136.91 -136.65 -136.39 -136.12 -135.89 -135.75 -135.61 -135.35 -135.10
-141.05 -140.94 -140.79 -140.66 -140.54 -140.43 -140.30 -140.04 -139.79 -139.64 -139.53 -139.39 -139.28 -139.28 -139.28 -139.16 -139.05 -139.03 -139.04 -139.06 -139.05 -138.92 -138.79 -138.80 -138.80 -138.67 -138.54 -138.51 -138.52 -138.52 -138.51 -138.52 -138.52 -138.52 -138.52 -138.51 -138.52 -138.64 -138.76 -138.78 -138.77 -138.77 -138.77 -138.79 -138.77 -138.65 -138.52 -138.53 -138.51 -138.30 -138.03 -137.76 -137.52 -137.39 -137.26 -137.03 -136.76 -136.51 -136.26 -136.02 -135.78 -135.51 -135.27
-140.87 -140.83 -140.78 -140.76 -140.70 -140.51 -140.28 -140.11 -139.95 -139.75 -139.56 -139.41 -139.31 -139.31 -139.31 -139.17 -139.03 -139.02 -139.04 -139.06 -139.04 -138.92 -138.79 -138.78 -138.79 -138.75 -138.70 -138.69 -138.70 -138.79 -138.86 -138.78 -138.68 -138.68 -138.70 -138.68 -138.68 -138.83 -138.96 -138.97 -138.93 -138.94 -138.95 -138.98 -138.97 -138.83 -138.70 -138.73 -138.73 -138.49 -138.20 -138.02 -137.86 -137.66 -137.45 -137.20 -136.95 -136.70 -136.45 -136.19 -135.93 -135.68 -135.45
-140.86 -140.87 -140.86 -140.86 -140.80 -140.60 -140.37 -140.22 -140.06 -139.79 -139.53 -139.37 -139.28 -139.28 -139.29 -139.22 -139.12 -139.07 -139.04 -139.06 -139.04 -138.92 -138.79 -138.78 -138.79 -138.79 -138.80 -138.82 -138.88 -139.03 -139.16 -139.09 -138.97 -138.91 -138.88 -138.91 -138.97 -139.05 -139.13 -139.19 -139.22 -139.19 -139.14 -139.10 -139.05 -138.97 -138.89 -138.86 -138.80 -138.60 -138.38 -138.26 -138.15 -137.94 -137.71 -137.46 -137.21 -136.96 -136.71 -136.46 -136.21 -135.90 -135.62
-141.05 -141.09 -141.06 -140.95 -140.80 -140.69 -140.55 -140.31 -140.04 -139.78 -139.55 -139.40 -139.30 -139.28 -139.29 -139.31 -139.30 -139.17 -139.04 -139.04 -139.04 -138.92 -138.79 -138.78 -138.79 -138.78 -138.80 -138.91 -139.06 -139.19 -139.30 -139.33 -139.31 -139.17 -139.06 -139.17 -139.31 -139.31 -139.31 -139.45 -139.56 -139.46 -139.30 -139.16 -139.05 -139.05 -139.05 -138.94 -138.80 -138.68 -138.56 -138.43 -138.31 -138.20 -138.06 -137.83 -137.56 -137.31 -137.06 -136.83 -136.56 -136.17 -135.81
-141.04 -141.18 -141.25 -141.16 -140.99 -140.78 -140.54 -140.27 -140.03 -139.87 -139.74 -139.61 -139.49 -139.37 -139.28 -139.29 -139.30 -139.17 -139.03 -139.04 -139.05 -138.91 -138.78 -138.75 -138.78 -138.87 -138.99 -139.13 -139.25 -139.29 -139.30 -139.31 -139.31 -139.28 -139.25 -139.26 -139.31 -139.40 -139.50 -139.56 -139.56 -139.44 -139.30 -139.28 -139.26 -139.16 -139.05 -139.02 -138.99 -138.88 -138.75 -138.62 -138.48 -138.38 -138.24 -138.01 -137.74 -137.49 -137.24 -137.00 -136.74 -136.46 -136.18
-141.15 -141.25 -141.29 -141.20 -141.04 -140.87 -140.66 -140.40 -140.15 -139.95 -139.79 -139.66 -139.54 -139.47 -139.41 -139.34 -139.28 -139.22 -139.16 -139.10 -139.03 -138.96 -138.91 -138.90 -138.91 -138.96 -139.04 -139.19 -139.31 -139.32 -139.29 -139.29 -139.29 -139.30 -139.31 -139.29 -139.29 -139.43 -139.58 -139.60 -139.56 -139.43 -139.29 -139.24 -139.19 -139.11 -139.04 -139.06 -139.06 -138.94 -138.79 -138.73 -138.66 -138.56 -138.41 -138.18 -137.91 -137.65 -137.40 -137.15 -136.91 -136.67 -136.43
-141.33 -141.36 -141.32 -141.22 -141.07 -140.95 -140.80 -140.59 -140.34 -140.07 -139.82 -139.67 -139.57 -139.56 -139.55 -139.44 -139.33 -139.31 -139.30 -139.19 -139.08 -139.05 -139.05 -139.05 -139.05 -139.05 -139.08 -139.19 -139.29 -139.31 -139.29 -139.29 -139.29 -139.29 -139.29 -139.28 -139.29 -139.40 -139.51 -139.53 -139.51 -139.42 -139.30 -139.15 -139.03 -139.02 -139.04 -139.06 -139.04 -138.93 -138.82 -138.83 -138.84 -138.75 -138.59 -138.35 -138.08 -137.86 -137.63 -137.36 -137.09 -136.84 -136.59
-141.51 -141.54 -141.51 -141.42 -141.26 -141.03 -140.79 -140.65 -140.52 -140.26 -140.01 -139.87 -139.76 -139.64 -139.54 -139.53 -139.51 -139.40 -139.29 -139.28 -139.26 -139.15 -139.04 -139.01 -139.04 -139.15 -139.27 -139.30 -139.29 -139.30 -139.29 -139.29 -139.29 -139.29 -139.29 -139.29 -139.29 -139.30 -139.31 -139.32 -139.31 -139.33 -139.31 -139.17 -139.04 -139.03 -139.05 -139.05 -139.05 -139.03 -139.01 -139.03 -139.02 -138.92 -138.77 -138.51 -138.26 -138.14 -138.00 -137.65 -137.27 -137.00 -136.77
-141.85 -141.79 -141.68 -141.57 -141.43 -141.17 -140.91 -140.80 -140.69 -140.45 -140.19 -140.06 -139.94 -139.79 -139.66 -139.68 -139.69 -139.56 -139.43 -139.44 -139.44 -139.30 -139.16 -139.15 -139.18 -139.24 -139.29 -139.30 -139.29 -139.29 -139.29 -139.29 -139.29 -139.30 -139.31 -139.30 -139.29 -139.29 -139.28 -139.29 -139.28 -139.21 -139.13 -139.06 -139.01 -139.01 -139.01 -139.00 -139.01 -139.10 -139.19 -139.22 -139.19 -139.08 -138.93 -138.77 -138.60 -138.43 -138.21 -137.83 -137.44 -137.18 -136.94
-142.13 -142.06 -141.93 -141.83 -141.69 -141.45 -141.19 -141.03 -140.87 -140.61 -140.36 -140.21 -140.11 -140.02 -139.94 -139.91 -139.87 -139.74 -139.62 -139.62 -139.62 -139.54 -139.46 -139.40 -139.37 -139.37 -139.37 -139.32 -139.28 -139.28 -139.28 -139.29 -139.28 -139.24 -139.20 -139.24 -139.28 -139.29 -139.28 -139.29 -139.27 -139.17 -139.08 -139.11 -139.17 -139.17 -139.17 -139.15 -139.17 -139.26 -139.36 -139.39 -139.37 -139.30 -139.19 -139.06 -138.89 -138.66 -138.37 -138.00 -137.62 -137.36 -137.12
-142.30 -142.32 -142.30 -142.21 -142.05 -141.82 -141.55 -141.30 -141.05 -140.79 -140.55 -140.40 -140.30 -140.30 -140.30 -140.19 -140.05 -139.91 -139.80 -139.78 -139.80 -139.81 -139.80 -139.67 -139.55 -139.55 -139.55 -139.42 -139.30 -139.28 -139.30 -139.31 -139.30 -139.16 -139.05 -139.16 -139.30 -139.31 -139.30 -139.30 -139.30 -139.29 -139.30 -139.43 -139.55 -139.57 -139.55 -139.55 -139.55 -139.55 -139.55 -139.55 -139.55 -139.58 -139.55 -139.33 -139.05 -138.81 -138.55 -138.17 -137.80 -137.55 -137.30
-142.65 -142.69 -142.67 -142.49 -142.24 -141.99 -141.74 -141.47 -141.23 -141.06 -140.93 -140.79 -140.66 -140.58 -140.50 -140.38 -140.24 -140.10 -139.99 -139.99 -139.99 -139.91 -139.81 -139.78 -139.74 -139.64 -139.54 -139.48 -139.45 -139.44 -139.43 -139.45 -139.45 -139.40 -139.36 -139.40 -139.45 -139.44 -139.43 -139.54 -139.64 -139.63 -139.63 -139.77 -139.91 -139.93 -139.91 -139.91 -139.91 -139.92 -139.91 -139.82 -139.73 -139.76 -139.75 -139.53 -139.24 -139.01 -138.74 -138.36 -137.98 -137.73 -137.49
-143.01 -143.00 -142.92 -142.69 -142.40 -142.15 -141.90 -141.65 -141.42 -141.22 -141.06 -141.00 -140.94 -140.75 -140.56 -140.43 -140.33 -140.19 -140.08 -140.07 -140.06 -139.93 -139.79 -139.80 -139.81 -139.72 -139.64 -139.68 -139.75 -139.82 -139.86 -139.79 -139.72 -139.79 -139.86 -139.80 -139.73 -139.78 -139.86 -139.93 -140.00 -140.06 -140.12 -140.20 -140.26 -140.28 -140.28 -140.29 -140.29 -140.26 -140.19 -140.05 -139.92 -139.88 -139.81 -139.59 -139.31 -139.06 -138.80 -138.49 -138.17 -137.86 -137.55
-143.37 -143.25 -143.08 -142.84 -142.58 -142.33 -142.08 -141.81 -141.55 -141.28 -141.07 -141.06 -141.05 -140.81 -140.54 -140.39 -140.26 -140.12 -140.01 -140.03 -140.05 -139.92 -139.79 -139.78 -139.79 -139.80 -139.84 -139.97 -140.12 -140.28 -140.38 -140.28 -140.18 -140.30 -140.41 -140.28 -140.15 -140.25 -140.38 -140.39 -140.40 -140.52 -140.64 -140.65 -140.63 -140.61 -140.60 -140.60 -140.57 -140.45 -140.31 -140.18 -140.06 -139.94 -139.80 -139.56 -139.29 -139.06 -138.83 -138.58 -138.30 -137.95 -137.57
-143.72 -143.50 -143.25 -143.00 -142.75 -142.52 -142.26 -141.88 -141.52 -141.36 -141.26 -141.16 -141.04 -140.81 -140.55 -140.29 -140.06 -139.90 -139.82 -139.94 -140.06 -139.94 -139.79 -139.76 -139.79 -139.88 -140.02 -140.25 -140.49 -140.62 -140.71 -140.83 -140.92 -140.96 -140.95 -140.82 -140.70 -140.68 -140.73 -140.84 -140.96 -140.99 -140.99 -141.01 -141.00 -140.90 -140.78 -140.67 -140.55 -140.43 -140.30 -140.17 -140.05 -139.94 -139.81 -139.55 -139.29 -139.18 -139.03 -138.67 -138.28 -138.03 -137.77
-144.08 -143.83 -143.56 -143.33 -143.08 -142.76 -142.42 -142.09 -141.80 -141.59 -141.42 -141.31 -141.17 -140.86 -140.53 -140.34 -140.17 -139.94 -139.76 -139.81 -139.90 -139.87 -139.81 -139.78 -139.79 -139.88 -140.04 -140.35 -140.70 -141.00 -141.24 -141.33 -141.36 -141.38 -141.36 -141.24 -141.11 -141.08 -141.09 -141.16 -141.23 -141.25 -141.23 -141.17 -141.07 -140.95 -140.81 -140.68 -140.56 -140.43 -140.31 -140.20 -140.08 -139.88 -139.67 -139.49 -139.31 -139.12 -138.92 -138.70 -138.45 -138.15 -137.81
-144.43 -144.19 -143.93 -143.67 -143.37 -143.01 -142.67 -142.42 -142.19 -141.92 -141.67 -141.53 -141.36 -140.97 -140.59 -140.42 -140.29 -140.05 -139.84 -139.77 -139.76 -139.73 -139.72 -139.74 -139.79 -139.91 -140.11 -140.46 -140.87 -141.31 -141.66 -141.73 -141.70 -141.69 -141.64 -141.51 -141.39 -141.38 -141.40 -141.36 -141.32 -141.29 -141.26 -141.17 -141.06 -140.95 -140.81 -140.65 -140.49 -140.37 -140.25 -140.10 -139.93 -139.69 -139.47 -139.36 -139.24 -139.02 -138.79 -138.66 -138.50 -138.17 -137.79
-144.79 -144.55 -144.29 -143.91 -143.54 -143.27 -143.04 -142.79 -142.54 -142.29 -142.04 -141.81 -141.54 -141.17 -140.79 -140.51 -140.29 -140.15 -140.04 -139.92 -139.79 -139.64 -139.54 -139.62 -139.79 -140.01 -140.29 -140.65 -141.04 -141.45 -141.79 -141.98 -142.04 -141.95 -141.79 -141.65 -141.54 -141.54 -141.54 -141.44 -141.30 -141.16 -141.05 -141.05 -141.05 -140.95 -140.80 -140.55 -140.30 -140.17 -140.05 -139.80 -139.55 -139.41 -139.30 -139.17 -139.05 -138.94 -138.80 -138.56 -138.30 -138.05 -137.79
-145.14 -144.90 -144.64 -144.26 -143.88 -143.62 -143.39 -143.14 -142.88 -142.63 -142.38 -142.14 -141.87 -141.49 -141.12 -140.84 -140.62 -140.49 -140.38 -140.27 -140.14 -139.90 -139.70 -139.68 -139.78 -139.99 -140.29 -140.65 -141.04 -141.45 -141.81 -142.01 -142.08 -141.98 -141.80 -141.68 -141.57 -141.48 -141.39 -141.27 -141.13 -140.99 -140.87 -140.78 -140.70 -140.58 -140.45 -140.31 -140.14 -139.91 -139.69 -139.51 -139.36 -139.23 -139.12 -139.00 -138.87 -138.75 -138.61 -138.46 -138.28 -138.04 -137.78
-145.50 -145.25 -145.00 -144.62 -144.23 -143.96 -143.73 -143.53 -143.34 -143.09 -142.84 -142.60 -142.34 -141.96 -141.57 -141.24 -140.98 -140.85 -140.75 -140.59 -140.40 -140.12 -139.88 -139.82 -139.88 -140.09 -140.39 -140.76 -141.14 -141.51 -141.79 -141.92 -141.94 -141.92 -141.82 -141.65 -141.46 -141.32 -141.19 -141.07 -140.94 -140.82 -140.69 -140.57 -140.44 -140.32 -140.19 -140.03 -139.86 -139.64 -139.44 -139.31 -139.19 -139.07 -138.94 -138.80 -138.68 -138.60 -138.53 -138.43 -138.29 -138.11 -137.90
-145.85 -145.60 -145.35 -144.99 -144.63 -144.34 -144.12 -144.00 -143.88 -143.65 -143.38 -143.15 -142.88 -142.54 -142.16 -141.74 -141.37 -141.22 -141.10 -140.86 -140.59 -140.31 -140.09 -140.02 -140.07 -140.26 -140.55 -140.93 -141.31 -141.60 -141.80 -141.82 -141.79 -141.80 -141.75 -141.52 -141.26 -141.13 -141.02 -140.89 -140.77 -140.64 -140.52 -140.38 -140.25 -140.14 -140.00 -139.74 -139.48 -139.35 -139.24 -139.13 -139.02 -138.89 -138.76 -138.63 -138.54 -138.54 -138.55 -138.44 -138.29 -138.19 -138.05
-146.19 -145.94 -145.71 -145.44 -145.17 -144.90 -144.66 -144.54 -144.41 -144.18 -143.92 -143.67 -143.42 -143.19 -142.90 -142.40 -141.91 -141.66 -141.46 -141.20 -140.94 -140.68 -140.45 -140.30 -140.24 -140.33 -140.54 -140.91 -141.30 -141.60 -141.81 -141.86 -141.80 -141.61 -141.38 -141.22 -141.09 -140.97 -140.85 -140.73 -140.60 -140.49 -140.35 -140.12 -139.89 -139.76 -139.64 -139.38 -139.13 -138.97 -138.87 -138.86 -138.85 -138.72 -138.59 -138.55 -138.55 -138.57 -138.56 -138.44 -138.29 -138.17 -138.04
