Instances/OpenSea-Biscaya/GMRTv3_3_20170615topo.asc
ncols 636
nrows 435
xllcorner -3.381591796875
yllcorner 44.443192965520076
cellsize 0.002197265625
nodata_value -2147483648
[rows 308 to 335 of 435, columns 441 to 503 of 636]
-2519.70 -2513.17 -2503.65 -2490.74 -2476.22 -2460.92 -2447.18 -2435.86 -2432.15 -2444.27 -2463.96 -2487.53 -2509.40 -2521.56 -2527.54 -2527.74 -2523.54 -2514.49 -2506.37 -2505.89 -2509.78 -2518.70 -2527.63 -2530.95 -2531.04 -2528.25 -2522.99 -2515.47 -2506.71 -2497.59 -2488.68 -2481.10 -2474.07 -2467.02 -2460.42 -2454.46 -2449.31 -2445.61 -2442.20 -2437.88 -2433.47 -2429.70 -2425.67 -2420.45 -2414.87 -2409.50 -2404.13 -2399.00 -2393.37 -2386.46 -2378.64 -2369.82 -2360.60 -2351.51 -2342.75 -2334.89 -2327.31 -2319.40 -2311.79 -2305.25 -2298.68 -2291.05 -2282.94
-2544.34 -2537.59 -2528.79 -2517.37 -2505.27 -2493.88 -2484.16 -2476.42 -2473.91 -2481.30 -2494.55 -2513.03 -2531.07 -2542.00 -2548.15 -2548.84 -2546.40 -2542.14 -2538.47 -2539.07 -2541.47 -2545.30 -2547.87 -2545.65 -2540.76 -2533.99 -2525.82 -2516.85 -2507.57 -2498.61 -2490.18 -2482.95 -2476.26 -2469.72 -2463.26 -2456.39 -2449.92 -2444.76 -2440.09 -2435.33 -2430.78 -2427.25 -2422.56 -2413.76 -2403.98 -2395.71 -2388.00 -2380.92 -2374.02 -2366.93 -2359.55 -2351.58 -2343.32 -2335.01 -2326.60 -2318.15 -2309.49 -2300.14 -2291.08 -2283.47 -2276.23 -2268.58 -2260.72
-2565.28 -2558.81 -2551.07 -2541.36 -2531.62 -2523.45 -2517.11 -2513.13 -2512.35 -2515.79 -2523.34 -2537.09 -2551.44 -2561.08 -2567.09 -2567.73 -2566.08 -2564.67 -2563.35 -2563.36 -2563.03 -2561.12 -2557.54 -2551.52 -2543.82 -2534.70 -2524.92 -2515.19 -2505.83 -2497.52 -2489.89 -2482.91 -2476.23 -2469.62 -2462.59 -2453.98 -2445.48 -2438.65 -2432.64 -2427.15 -2422.05 -2418.20 -2412.35 -2399.83 -2385.81 -2374.51 -2364.15 -2354.27 -2345.15 -2337.14 -2329.50 -2321.47 -2313.55 -2306.32 -2298.82 -2290.19 -2280.73 -2270.06 -2259.31 -2249.62 -2240.62 -2232.34 -2224.77
-2582.84 -2576.32 -2569.29 -2561.57 -2554.26 -2548.33 -2544.04 -2541.95 -2542.15 -2544.85 -2550.23 -2559.79 -2569.74 -2576.60 -2581.04 -2582.04 -2581.24 -2580.03 -2578.14 -2576.18 -2573.01 -2567.35 -2560.13 -2551.78 -2542.57 -2532.85 -2522.83 -2512.50 -2502.88 -2495.48 -2488.76 -2481.77 -2474.30 -2465.85 -2456.36 -2444.78 -2433.53 -2425.28 -2418.24 -2411.44 -2405.10 -2400.27 -2393.44 -2379.69 -2364.22 -2351.20 -2338.70 -2325.87 -2313.59 -2302.77 -2292.51 -2281.78 -2271.91 -2264.61 -2257.68 -2249.38 -2239.91 -2228.57 -2216.28 -2203.25 -2190.96 -2180.93 -2173.35
-2595.31 -2589.03 -2582.76 -2576.94 -2571.79 -2567.55 -2564.65 -2563.55 -2564.33 -2567.45 -2572.15 -2578.34 -2584.38 -2588.46 -2591.04 -2592.02 -2591.31 -2588.62 -2584.45 -2579.30 -2572.83 -2564.61 -2555.35 -2545.50 -2535.40 -2525.69 -2515.88 -2505.02 -2495.09 -2488.70 -2483.05 -2476.36 -2468.27 -2457.63 -2445.07 -2429.77 -2414.95 -2404.24 -2395.55 -2388.19 -2381.72 -2376.43 -2369.41 -2356.63 -2341.74 -2327.38 -2312.61 -2297.06 -2281.62 -2267.27 -2253.29 -2238.46 -2225.24 -2216.83 -2209.74 -2201.60 -2192.19 -2180.31 -2166.66 -2150.44 -2134.92 -2122.85 -2114.94
-2601.25 -2595.91 -2590.73 -2586.45 -2582.84 -2579.68 -2577.65 -2577.39 -2578.75 -2582.22 -2586.55 -2590.76 -2594.47 -2596.93 -2598.13 -2598.04 -2595.90 -2590.66 -2583.24 -2573.87 -2563.55 -2553.58 -2543.35 -2532.50 -2521.64 -2511.50 -2501.44 -2490.27 -2480.36 -2474.83 -2470.28 -2464.73 -2456.94 -2444.56 -2428.94 -2409.16 -2389.58 -2374.53 -2363.10 -2356.92 -2352.77 -2348.38 -2342.54 -2332.97 -2320.61 -2305.15 -2287.96 -2270.32 -2252.19 -2233.94 -2215.57 -2196.16 -2178.88 -2167.92 -2159.28 -2150.73 -2141.18 -2128.48 -2113.73 -2096.31 -2079.32 -2064.76 -2055.22
-2597.97 -2594.56 -2591.16 -2588.33 -2585.95 -2583.86 -2582.74 -2583.45 -2585.35 -2588.30 -2591.60 -2594.59 -2597.05 -2598.95 -2599.12 -2596.25 -2590.79 -2582.62 -2572.04 -2558.49 -2544.47 -2532.89 -2521.96 -2510.73 -2499.57 -2488.45 -2477.67 -2466.92 -2457.94 -2453.53 -2450.23 -2446.28 -2439.32 -2425.79 -2407.46 -2383.04 -2358.13 -2337.32 -2322.26 -2318.62 -2318.94 -2317.50 -2314.75 -2309.76 -2300.95 -2285.11 -2266.20 -2247.68 -2227.91 -2206.01 -2183.19 -2159.24 -2137.57 -2122.84 -2111.11 -2100.54 -2089.44 -2074.88 -2058.69 -2041.14 -2024.00 -2007.45 -1996.50
-2581.99 -2581.62 -2581.03 -2580.30 -2579.79 -2579.93 -2580.67 -2582.35 -2584.20 -2585.48 -2586.46 -2587.22 -2587.64 -2588.68 -2587.18 -2579.08 -2568.13 -2557.35 -2544.96 -2529.23 -2513.12 -2499.27 -2486.90 -2476.71 -2466.91 -2455.09 -2443.88 -2435.10 -2428.75 -2426.67 -2425.16 -2421.87 -2414.60 -2399.79 -2379.15 -2351.11 -2321.89 -2295.63 -2276.99 -2275.59 -2280.68 -2284.84 -2287.69 -2286.78 -2280.91 -2266.49 -2248.30 -2230.95 -2211.28 -2186.79 -2160.07 -2131.62 -2105.19 -2086.28 -2070.21 -2054.32 -2038.06 -2019.49 -2000.11 -1980.00 -1961.61 -1945.62 -1937.41
-2550.32 -2554.20 -2557.90 -2560.57 -2563.07 -2566.19 -2569.18 -2571.87 -2573.34 -2572.11 -2569.61 -2566.62 -2563.58 -2562.80 -2559.43 -2547.45 -2532.77 -2520.47 -2507.07 -2489.76 -2471.54 -2454.03 -2438.45 -2427.65 -2418.26 -2406.57 -2396.45 -2391.07 -2388.80 -2390.17 -2391.80 -2391.50 -2386.22 -2371.59 -2349.34 -2317.08 -2282.78 -2251.50 -2229.51 -2228.75 -2237.18 -2247.72 -2257.52 -2261.48 -2259.26 -2247.10 -2230.19 -2213.59 -2193.99 -2169.03 -2140.91 -2109.67 -2079.33 -2055.20 -2033.35 -2011.62 -1989.98 -1967.31 -1944.69 -1921.60 -1901.63 -1886.49 -1881.36
-2502.52 -2511.78 -2521.15 -2528.54 -2535.11 -2541.72 -2547.12 -2550.76 -2551.45 -2546.96 -2539.89 -2531.53 -2523.53 -2519.90 -2514.79 -2501.77 -2486.53 -2473.98 -2460.05 -2441.47 -2420.77 -2398.18 -2377.40 -2363.31 -2352.47 -2342.06 -2335.04 -2334.24 -2337.17 -2343.13 -2349.57 -2355.55 -2355.49 -2342.76 -2319.58 -2282.29 -2241.96 -2206.54 -2181.68 -2179.19 -2188.48 -2205.14 -2222.48 -2232.28 -2234.69 -2225.20 -2209.57 -2192.60 -2172.60 -2149.68 -2123.29 -2091.51 -2058.57 -2028.51 -1999.91 -1972.94 -1946.86 -1920.71 -1895.22 -1869.17 -1847.38 -1832.69 -1829.75
-2440.32 -2455.61 -2471.56 -2484.54 -2495.88 -2506.24 -2514.00 -2518.19 -2517.45 -2508.82 -2496.17 -2481.37 -2467.53 -2460.39 -2453.96 -2443.23 -2430.93 -2419.14 -2404.85 -2385.17 -2361.77 -2333.31 -2305.95 -2285.99 -2271.73 -2263.71 -2261.64 -2266.21 -2275.11 -2286.81 -2299.73 -2314.95 -2322.95 -2313.42 -2289.82 -2247.14 -2200.41 -2161.99 -2134.81 -2128.12 -2135.36 -2156.83 -2181.24 -2197.48 -2205.35 -2198.76 -2184.25 -2165.82 -2144.99 -2126.39 -2104.73 -2074.84 -2041.08 -2005.25 -1969.86 -1938.87 -1909.69 -1880.83 -1852.88 -1823.94 -1799.97 -1785.03 -1782.88
-2376.55 -2395.37 -2415.07 -2432.54 -2448.35 -2463.32 -2473.62 -2475.51 -2469.53 -2452.42 -2431.91 -2414.95 -2400.64 -2391.54 -2384.15 -2376.13 -2366.55 -2353.74 -2337.62 -2317.47 -2293.54 -2263.61 -2234.37 -2211.67 -2195.69 -2188.95 -2190.25 -2200.23 -2215.87 -2235.46 -2255.71 -2275.86 -2286.63 -2276.77 -2251.48 -2207.42 -2158.85 -2117.73 -2087.65 -2078.13 -2083.36 -2104.57 -2130.16 -2149.22 -2160.94 -2159.38 -2149.04 -2130.61 -2109.57 -2094.14 -2076.83 -2052.27 -2022.28 -1985.08 -1946.06 -1910.63 -1876.87 -1845.06 -1813.93 -1779.08 -1750.08 -1734.81 -1733.94
-2312.61 -2333.32 -2355.06 -2375.41 -2393.98 -2411.34 -2422.30 -2421.09 -2410.07 -2386.19 -2359.94 -2342.33 -2328.75 -2318.65 -2310.87 -2305.39 -2298.35 -2285.11 -2268.00 -2247.98 -2224.52 -2195.38 -2166.55 -2142.57 -2125.56 -2119.60 -2123.35 -2138.16 -2159.98 -2187.15 -2213.90 -2236.15 -2247.16 -2236.97 -2211.19 -2168.01 -2119.74 -2076.28 -2043.02 -2030.57 -2033.12 -2051.91 -2076.31 -2096.75 -2111.22 -2113.43 -2106.63 -2089.54 -2069.50 -2055.80 -2041.33 -2022.53 -1998.13 -1963.69 -1925.14 -1887.07 -1849.08 -1812.72 -1776.68 -1736.40 -1703.28 -1687.87 -1688.13
-2249.19 -2270.72 -2293.44 -2314.78 -2333.69 -2349.66 -2358.53 -2355.13 -2342.06 -2316.84 -2289.53 -2270.80 -2256.32 -2245.52 -2237.83 -2234.23 -2229.53 -2217.96 -2202.20 -2183.08 -2160.42 -2132.74 -2104.88 -2079.75 -2061.66 -2056.49 -2062.37 -2081.01 -2107.51 -2140.05 -2171.16 -2194.01 -2204.92 -2196.67 -2173.08 -2131.67 -2084.03 -2038.73 -2002.35 -1985.94 -1984.72 -2001.10 -2024.51 -2046.57 -2063.21 -2065.93 -2059.74 -2044.93 -2027.16 -2013.64 -1999.92 -1985.08 -1965.81 -1937.23 -1903.13 -1865.42 -1824.88 -1782.14 -1739.58 -1696.76 -1662.83 -1647.74 -1648.57
-2186.41 -2207.21 -2229.38 -2250.02 -2267.42 -2279.37 -2284.51 -2280.29 -2268.10 -2246.02 -2221.39 -2201.31 -2184.65 -2173.00 -2165.28 -2162.68 -2159.95 -2151.80 -2139.51 -2122.23 -2101.02 -2075.47 -2049.06 -2022.86 -2003.59 -1999.33 -2007.15 -2028.69 -2058.33 -2093.66 -2126.70 -2148.85 -2159.51 -2155.13 -2135.94 -2097.03 -2050.36 -2003.94 -1964.81 -1943.53 -1937.60 -1951.84 -1974.81 -1998.89 -2017.37 -2017.92 -2009.77 -1997.63 -1982.76 -1968.12 -1953.30 -1940.32 -1924.98 -1903.88 -1876.78 -1841.77 -1800.42 -1750.80 -1701.45 -1659.00 -1627.27 -1613.01 -1614.06
-2121.30 -2140.12 -2160.35 -2178.41 -2193.56 -2204.18 -2209.24 -2207.36 -2197.91 -2177.35 -2153.12 -2131.51 -2112.52 -2098.34 -2088.73 -2086.04 -2084.69 -2079.70 -2071.68 -2059.68 -2043.43 -2021.14 -1996.48 -1969.59 -1949.33 -1945.93 -1955.41 -1979.56 -2011.18 -2045.44 -2077.02 -2099.48 -2111.42 -2109.51 -2093.12 -2056.73 -2011.68 -1964.95 -1924.12 -1899.49 -1889.92 -1901.25 -1922.85 -1949.34 -1970.71 -1971.30 -1962.64 -1951.13 -1936.48 -1919.88 -1903.22 -1890.45 -1876.60 -1858.67 -1834.72 -1800.85 -1759.93 -1710.54 -1661.72 -1621.17 -1591.51 -1578.68 -1580.37
-2052.77 -2067.60 -2083.94 -2098.49 -2111.87 -2124.82 -2133.79 -2136.15 -2129.95 -2109.31 -2083.52 -2060.03 -2038.51 -2020.62 -2007.86 -2004.32 -2003.87 -2001.50 -1997.89 -1993.11 -1983.93 -1965.36 -1942.71 -1916.26 -1896.10 -1894.06 -1905.19 -1931.46 -1963.94 -1994.73 -2022.78 -2045.87 -2059.59 -2058.51 -2043.47 -2010.48 -1968.51 -1922.22 -1880.43 -1853.75 -1841.40 -1848.89 -1867.89 -1896.22 -1920.91 -1924.75 -1918.22 -1905.41 -1888.33 -1869.90 -1851.51 -1837.13 -1821.98 -1803.23 -1778.91 -1744.61 -1704.82 -1660.80 -1617.82 -1579.98 -1552.07 -1541.42 -1544.45
-1980.86 -1988.34 -1997.97 -2009.57 -2022.96 -2040.15 -2054.40 -2059.83 -2055.85 -2037.20 -2012.00 -1985.99 -1960.95 -1939.93 -1924.76 -1920.32 -1920.53 -1921.03 -1921.65 -1922.35 -1918.39 -1902.72 -1882.29 -1858.43 -1840.84 -1841.53 -1854.81 -1881.95 -1913.99 -1942.06 -1967.12 -1988.76 -2002.14 -2001.80 -1989.17 -1962.25 -1925.92 -1880.66 -1837.68 -1808.55 -1792.76 -1795.77 -1811.25 -1839.39 -1866.05 -1874.96 -1872.71 -1858.27 -1838.21 -1819.23 -1799.92 -1781.60 -1762.65 -1743.21 -1719.37 -1685.45 -1646.86 -1605.73 -1566.20 -1531.51 -1506.60 -1498.99 -1504.10
-1909.98 -1909.06 -1911.18 -1920.00 -1933.59 -1954.32 -1972.98 -1980.81 -1978.80 -1963.07 -1939.52 -1911.16 -1882.67 -1859.36 -1842.43 -1836.55 -1836.64 -1839.77 -1844.19 -1848.90 -1848.74 -1835.39 -1817.26 -1797.32 -1783.57 -1786.86 -1801.61 -1828.70 -1859.64 -1885.85 -1908.58 -1927.37 -1938.87 -1939.20 -1929.60 -1909.82 -1880.37 -1837.13 -1793.75 -1762.59 -1743.40 -1741.52 -1752.62 -1778.87 -1806.06 -1820.04 -1822.74 -1807.87 -1785.87 -1766.29 -1745.54 -1722.65 -1699.26 -1678.60 -1654.91 -1621.64 -1584.34 -1544.96 -1507.79 -1476.40 -1454.93 -1450.40 -1457.71
-1844.12 -1836.74 -1833.18 -1838.60 -1850.41 -1870.99 -1890.66 -1900.23 -1900.55 -1888.06 -1866.73 -1836.80 -1805.82 -1781.43 -1763.52 -1755.65 -1754.56 -1759.33 -1766.49 -1773.98 -1776.57 -1765.12 -1749.32 -1734.19 -1724.64 -1728.28 -1742.07 -1768.49 -1798.64 -1824.32 -1845.85 -1860.75 -1869.16 -1870.55 -1864.54 -1851.43 -1828.70 -1788.94 -1747.00 -1715.35 -1693.66 -1686.25 -1691.59 -1714.29 -1740.24 -1757.26 -1764.17 -1752.56 -1732.01 -1709.46 -1684.48 -1658.72 -1632.88 -1609.91 -1584.77 -1551.85 -1515.83 -1477.95 -1442.87 -1414.70 -1396.44 -1394.01 -1402.84
-1787.85 -1778.00 -1772.33 -1773.20 -1779.83 -1794.81 -1810.53 -1820.96 -1823.95 -1814.21 -1795.05 -1764.94 -1733.15 -1708.99 -1690.88 -1680.67 -1677.37 -1682.21 -1690.43 -1699.54 -1704.08 -1694.24 -1680.65 -1670.36 -1664.26 -1664.85 -1674.36 -1699.53 -1729.42 -1755.77 -1777.23 -1788.15 -1793.19 -1796.18 -1793.94 -1785.59 -1768.06 -1733.36 -1695.33 -1665.51 -1642.86 -1629.40 -1627.55 -1645.18 -1667.99 -1684.75 -1694.11 -1690.14 -1675.34 -1647.02 -1614.71 -1589.00 -1564.00 -1537.57 -1509.01 -1475.96 -1441.24 -1405.35 -1372.77 -1347.42 -1331.52 -1329.55 -1338.71
-1750.00 -1738.13 -1730.08 -1726.58 -1727.87 -1736.25 -1746.26 -1754.60 -1757.19 -1747.75 -1729.62 -1701.21 -1670.94 -1647.14 -1628.59 -1616.92 -1611.97 -1615.84 -1623.29 -1631.24 -1635.22 -1626.70 -1614.85 -1605.94 -1600.19 -1598.77 -1605.09 -1626.18 -1652.38 -1677.18 -1698.12 -1708.99 -1714.52 -1718.41 -1717.58 -1710.98 -1696.18 -1666.72 -1633.65 -1606.13 -1583.33 -1565.93 -1558.57 -1570.38 -1588.62 -1604.69 -1615.31 -1613.73 -1601.83 -1576.70 -1546.07 -1517.32 -1488.59 -1461.24 -1433.03 -1401.47 -1368.66 -1334.24 -1303.08 -1279.29 -1264.69 -1263.07 -1272.57
-1726.14 -1712.96 -1702.70 -1695.37 -1691.57 -1693.03 -1696.35 -1700.26 -1700.06 -1689.59 -1672.02 -1646.40 -1619.03 -1595.86 -1577.02 -1564.81 -1558.71 -1560.64 -1565.64 -1570.43 -1571.92 -1563.60 -1552.41 -1542.76 -1535.70 -1533.03 -1537.00 -1552.74 -1573.43 -1594.86 -1614.40 -1627.39 -1635.72 -1640.14 -1639.37 -1632.80 -1619.18 -1594.54 -1566.41 -1541.04 -1518.32 -1498.36 -1486.70 -1492.28 -1505.00 -1519.76 -1530.53 -1528.05 -1517.01 -1498.61 -1474.07 -1443.29 -1411.38 -1385.13 -1359.32 -1330.40 -1300.10 -1267.24 -1237.07 -1213.83 -1199.35 -1197.29 -1206.41
-1712.23 -1698.47 -1686.42 -1676.11 -1667.98 -1663.06 -1659.59 -1657.43 -1652.70 -1640.67 -1623.68 -1601.13 -1577.13 -1555.05 -1536.45 -1524.52 -1517.71 -1516.79 -1517.96 -1518.33 -1515.92 -1506.09 -1494.00 -1482.63 -1473.90 -1470.70 -1473.13 -1483.43 -1498.02 -1514.58 -1531.48 -1547.19 -1559.19 -1564.06 -1562.94 -1555.87 -1542.69 -1521.81 -1497.62 -1473.75 -1450.89 -1429.13 -1413.97 -1413.33 -1420.10 -1432.71 -1442.48 -1437.45 -1425.85 -1413.40 -1395.64 -1367.07 -1336.52 -1313.11 -1290.48 -1264.96 -1237.70 -1206.90 -1177.81 -1154.29 -1138.73 -1135.05 -1142.58
-1705.60 -1691.82 -1678.37 -1666.17 -1654.94 -1644.96 -1635.41 -1626.07 -1615.46 -1601.94 -1585.82 -1566.00 -1545.18 -1524.93 -1507.50 -1496.61 -1489.38 -1484.78 -1480.98 -1476.47 -1469.33 -1455.29 -1439.86 -1426.67 -1417.07 -1414.36 -1416.27 -1421.91 -1430.53 -1440.85 -1453.58 -1471.54 -1487.10 -1492.37 -1490.97 -1483.91 -1471.20 -1452.25 -1429.93 -1406.59 -1383.16 -1359.56 -1341.13 -1334.70 -1335.73 -1345.57 -1353.40 -1345.29 -1331.93 -1320.91 -1307.61 -1288.63 -1267.86 -1248.90 -1229.20 -1207.46 -1183.59 -1155.58 -1127.93 -1103.25 -1085.27 -1078.60 -1083.13
-1696.86 -1684.05 -1670.68 -1657.70 -1644.64 -1631.39 -1617.73 -1603.46 -1588.51 -1572.90 -1556.17 -1537.18 -1518.00 -1499.97 -1484.22 -1473.13 -1464.23 -1456.28 -1447.96 -1437.35 -1425.00 -1409.84 -1394.74 -1381.87 -1372.29 -1368.55 -1368.30 -1369.96 -1373.83 -1379.18 -1387.56 -1402.64 -1417.30 -1425.51 -1427.61 -1421.02 -1408.47 -1391.57 -1371.10 -1347.61 -1323.40 -1299.90 -1280.31 -1269.40 -1263.95 -1264.41 -1264.51 -1256.08 -1245.25 -1236.25 -1226.59 -1214.90 -1201.93 -1188.27 -1173.06 -1155.89 -1136.02 -1111.22 -1085.57 -1061.01 -1041.66 -1032.04 -1032.94
-1681.92 -1670.62 -1658.42 -1645.64 -1632.00 -1617.30 -1601.62 -1584.86 -1567.33 -1549.29 -1530.80 -1511.45 -1492.90 -1476.87 -1462.67 -1450.58 -1439.45 -1428.74 -1416.88 -1400.82 -1384.36 -1370.71 -1358.61 -1347.56 -1338.54 -1332.67 -1329.08 -1327.15 -1327.17 -1328.88 -1333.32 -1342.49 -1353.14 -1364.47 -1371.17 -1365.76 -1354.07 -1339.92 -1321.93 -1298.63 -1274.15 -1252.07 -1232.63 -1218.09 -1206.02 -1194.37 -1184.30 -1176.79 -1170.30 -1163.68 -1156.77 -1148.87 -1140.36 -1131.86 -1121.90 -1109.41 -1093.69 -1072.44 -1049.43 -1026.41 -1007.12 -995.32 -992.71
-1659.14 -1649.18 -1638.29 -1626.46 -1613.41 -1598.89 -1582.83 -1564.86 -1545.66 -1525.44 -1505.24 -1486.02 -1468.31 -1453.35 -1439.89 -1427.40 -1415.05 -1402.05 -1387.69 -1369.55 -1352.00 -1339.58 -1329.36 -1319.76 -1311.25 -1303.74 -1297.33 -1291.83 -1288.02 -1286.49 -1287.63 -1292.56 -1299.78 -1310.23 -1317.66 -1314.34 -1305.60 -1294.91 -1280.12 -1258.63 -1235.24 -1214.38 -1194.63 -1176.32 -1158.67 -1139.71 -1123.44 -1114.70 -1108.92 -1102.94 -1097.42 -1091.89 -1086.51 -1081.99 -1076.24 -1067.54 -1055.46 -1037.98 -1018.23 -997.54 -979.24 -966.50 -961.23
