Instances/OpenSea-Biscaya/GMRTv3_3_20170615topo.asc
ncols 636
nrows 435
xllcorner -3.381591796875
yllcorner 44.443192965520076
cellsize 0.002197265625
nodata_value -2147483648
[rows 84 to 111 of 435, columns 441 to 503 of 636]
-120.54 -120.41 -120.29 -120.30 -120.31 -120.24 -120.16 -120.08 -120.04 -120.11 -120.17 -120.13 -120.04 -119.98 -119.91 -119.80 -119.66 -119.47 -119.28 -119.17 -119.04 -118.79 -118.53 -118.41 -118.29 -118.04 -117.78 -117.64 -117.54 -117.43 -117.29 -117.10 -116.93 -116.84 -116.79 -116.79 -116.79 -116.78 -116.78 -116.86 -116.93 -116.90 -116.81 -116.64 -116.43 -116.18 -115.93 -115.71 -115.54 -115.47 -115.43 -115.35 -115.29 -115.30 -115.31 -115.26 -115.18 -115.07 -114.93 -114.73 -114.53 -114.43 -114.31
-120.54 -120.41 -120.29 -120.26 -120.24 -120.13 -120.03 -120.02 -120.04 -120.04 -120.03 -120.05 -120.04 -119.93 -119.78 -119.65 -119.52 -119.40 -119.29 -119.17 -119.04 -118.82 -118.60 -118.44 -118.29 -118.07 -117.85 -117.68 -117.54 -117.41 -117.29 -117.17 -117.05 -116.90 -116.79 -116.77 -116.79 -116.80 -116.85 -116.98 -117.06 -116.95 -116.79 -116.69 -116.56 -116.32 -116.05 -115.80 -115.60 -115.56 -115.56 -115.46 -115.35 -115.31 -115.29 -115.31 -115.31 -115.22 -115.06 -114.83 -114.60 -114.44 -114.28
-120.54 -120.42 -120.29 -120.16 -120.05 -120.03 -120.04 -120.04 -120.04 -120.04 -120.04 -120.06 -120.04 -119.94 -119.79 -119.67 -119.54 -119.41 -119.29 -119.16 -119.04 -118.93 -118.79 -118.54 -118.29 -118.16 -118.04 -117.79 -117.54 -117.40 -117.29 -117.16 -117.04 -116.90 -116.79 -116.76 -116.79 -116.91 -117.04 -117.07 -117.05 -116.94 -116.79 -116.69 -116.55 -116.29 -116.04 -115.90 -115.79 -115.65 -115.55 -115.54 -115.54 -115.42 -115.29 -115.30 -115.30 -115.19 -115.05 -114.93 -114.79 -114.54 -114.29
-120.53 -120.41 -120.30 -120.14 -120.02 -120.01 -120.05 -120.05 -120.05 -120.05 -120.05 -120.05 -120.03 -119.91 -119.78 -119.75 -119.72 -119.59 -119.45 -119.33 -119.20 -119.00 -118.79 -118.63 -118.47 -118.25 -118.04 -117.86 -117.70 -117.58 -117.47 -117.34 -117.22 -117.08 -116.97 -116.94 -116.97 -117.01 -117.06 -117.07 -117.04 -116.93 -116.78 -116.66 -116.53 -116.38 -116.22 -116.00 -115.79 -115.63 -115.53 -115.54 -115.56 -115.42 -115.28 -115.28 -115.29 -115.19 -115.04 -114.93 -114.81 -114.65 -114.47
-120.64 -120.45 -120.28 -120.19 -120.14 -120.07 -120.03 -120.02 -120.03 -120.02 -120.03 -120.10 -120.14 -120.02 -119.87 -119.83 -119.80 -119.74 -119.65 -119.55 -119.40 -119.14 -118.87 -118.70 -118.55 -118.33 -118.12 -118.01 -117.90 -117.73 -117.55 -117.42 -117.30 -117.16 -117.05 -117.04 -117.06 -117.05 -117.04 -117.05 -117.04 -116.98 -116.89 -116.77 -116.64 -116.48 -116.30 -116.09 -115.89 -115.74 -115.64 -115.58 -115.53 -115.46 -115.39 -115.35 -115.29 -115.18 -115.04 -114.92 -114.79 -114.69 -114.56
-120.80 -120.54 -120.31 -120.29 -120.30 -120.18 -120.06 -120.04 -120.06 -120.04 -120.06 -120.19 -120.30 -120.22 -120.07 -119.92 -119.81 -119.80 -119.80 -119.71 -119.55 -119.33 -119.07 -118.80 -118.56 -118.42 -118.32 -118.20 -118.05 -117.80 -117.56 -117.42 -117.31 -117.17 -117.06 -117.03 -117.04 -117.04 -117.04 -117.04 -117.04 -117.06 -117.05 -116.96 -116.80 -116.56 -116.31 -116.16 -116.05 -115.93 -115.80 -115.67 -115.56 -115.56 -115.55 -115.44 -115.29 -115.17 -115.04 -114.92 -114.79 -114.67 -114.54
-120.77 -120.62 -120.47 -120.36 -120.29 -120.26 -120.25 -120.25 -120.25 -120.24 -120.24 -120.26 -120.29 -120.28 -120.24 -120.12 -119.99 -119.89 -119.79 -119.67 -119.54 -119.41 -119.26 -118.99 -118.74 -118.62 -118.51 -118.28 -118.04 -117.88 -117.75 -117.63 -117.50 -117.38 -117.25 -117.12 -117.03 -117.02 -117.05 -117.05 -117.05 -117.06 -117.05 -116.95 -116.80 -116.67 -116.50 -116.27 -116.04 -115.88 -115.79 -115.77 -115.75 -115.67 -115.55 -115.42 -115.28 -115.15 -115.03 -114.90 -114.78 -114.65 -114.53
-121.03 -120.92 -120.80 -120.59 -120.41 -120.33 -120.29 -120.28 -120.29 -120.36 -120.42 -120.42 -120.41 -120.43 -120.42 -120.31 -120.17 -120.04 -119.91 -119.80 -119.67 -119.49 -119.29 -119.12 -118.94 -118.74 -118.54 -118.36 -118.17 -117.97 -117.79 -117.66 -117.54 -117.41 -117.29 -117.23 -117.17 -117.09 -117.03 -117.02 -117.03 -117.05 -117.04 -116.93 -116.78 -116.68 -116.56 -116.37 -116.17 -116.03 -115.92 -115.87 -115.81 -115.67 -115.53 -115.47 -115.42 -115.30 -115.17 -115.05 -114.92 -114.80 -114.67
-121.36 -121.25 -121.11 -120.85 -120.59 -120.43 -120.33 -120.30 -120.33 -120.47 -120.61 -120.62 -120.61 -120.62 -120.61 -120.50 -120.36 -120.23 -120.11 -119.97 -119.81 -119.57 -119.34 -119.20 -119.06 -118.82 -118.59 -118.45 -118.30 -118.07 -117.84 -117.70 -117.59 -117.45 -117.34 -117.32 -117.31 -117.20 -117.09 -117.08 -117.09 -117.08 -117.04 -116.95 -116.84 -116.69 -116.54 -116.42 -116.30 -116.18 -116.05 -115.92 -115.79 -115.67 -115.59 -115.58 -115.56 -115.45 -115.31 -115.19 -115.06 -114.94 -114.81
-121.52 -121.41 -121.28 -121.02 -120.77 -120.61 -120.52 -120.49 -120.52 -120.65 -120.78 -120.80 -120.78 -120.80 -120.78 -120.67 -120.53 -120.42 -120.28 -120.04 -119.80 -119.66 -119.53 -119.29 -119.05 -118.91 -118.78 -118.53 -118.29 -118.14 -118.03 -117.91 -117.78 -117.66 -117.53 -117.40 -117.30 -117.27 -117.28 -117.30 -117.28 -117.16 -117.04 -117.05 -117.03 -116.80 -116.54 -116.40 -116.29 -116.16 -116.04 -115.90 -115.79 -115.78 -115.78 -115.68 -115.55 -115.42 -115.30 -115.17 -115.05 -114.92 -114.80
-121.86 -121.68 -121.45 -121.28 -121.11 -120.89 -120.70 -120.67 -120.70 -120.75 -120.79 -120.80 -120.79 -120.82 -120.81 -120.70 -120.56 -120.45 -120.31 -120.05 -119.79 -119.68 -119.56 -119.30 -119.04 -118.92 -118.81 -118.64 -118.46 -118.24 -118.04 -117.91 -117.79 -117.67 -117.54 -117.39 -117.28 -117.28 -117.31 -117.32 -117.31 -117.26 -117.19 -117.13 -117.04 -116.87 -116.69 -116.57 -116.46 -116.33 -116.21 -116.08 -115.96 -115.87 -115.79 -115.66 -115.53 -115.40 -115.28 -115.15 -115.03 -114.91 -114.79
-122.15 -121.89 -121.62 -121.51 -121.40 -121.12 -120.87 -120.84 -120.88 -120.88 -120.88 -120.88 -120.88 -120.85 -120.79 -120.68 -120.54 -120.43 -120.29 -120.04 -119.79 -119.67 -119.54 -119.29 -119.03 -118.89 -118.78 -118.68 -118.55 -118.33 -118.11 -117.98 -117.86 -117.74 -117.63 -117.49 -117.38 -117.31 -117.28 -117.27 -117.28 -117.35 -117.39 -117.27 -117.11 -117.01 -116.89 -116.72 -116.55 -116.42 -116.31 -116.18 -116.05 -115.96 -115.88 -115.76 -115.63 -115.50 -115.38 -115.26 -115.13 -114.95 -114.78
-122.31 -122.06 -121.82 -121.69 -121.56 -121.30 -121.07 -121.03 -121.06 -121.05 -121.05 -121.07 -121.05 -120.94 -120.79 -120.67 -120.54 -120.44 -120.29 -120.04 -119.79 -119.67 -119.54 -119.30 -119.05 -118.91 -118.80 -118.68 -118.55 -118.43 -118.31 -118.19 -118.06 -117.93 -117.80 -117.67 -117.55 -117.41 -117.30 -117.27 -117.30 -117.44 -117.55 -117.46 -117.31 -117.20 -117.05 -116.80 -116.55 -116.41 -116.29 -116.16 -116.05 -116.05 -116.05 -115.94 -115.80 -115.68 -115.55 -115.44 -115.30 -115.05 -114.80
-122.49 -122.35 -122.18 -121.96 -121.74 -121.57 -121.43 -121.33 -121.24 -121.12 -121.04 -121.05 -121.05 -120.94 -120.80 -120.67 -120.54 -120.44 -120.29 -120.04 -119.78 -119.64 -119.53 -119.38 -119.23 -119.10 -118.98 -118.85 -118.73 -118.61 -118.50 -118.39 -118.25 -118.02 -117.79 -117.64 -117.54 -117.49 -117.48 -117.47 -117.48 -117.51 -117.54 -117.55 -117.50 -117.29 -117.04 -116.89 -116.74 -116.49 -116.28 -116.24 -116.24 -116.16 -116.05 -115.93 -115.80 -115.68 -115.55 -115.43 -115.30 -115.17 -115.01
-122.66 -122.56 -122.43 -122.16 -121.90 -121.77 -121.68 -121.55 -121.41 -121.27 -121.15 -121.09 -121.03 -120.91 -120.78 -120.66 -120.54 -120.43 -120.29 -120.10 -119.91 -119.78 -119.66 -119.54 -119.41 -119.29 -119.16 -119.05 -118.91 -118.72 -118.53 -118.41 -118.29 -118.10 -117.90 -117.74 -117.65 -117.65 -117.68 -117.68 -117.68 -117.67 -117.65 -117.62 -117.54 -117.37 -117.16 -116.99 -116.81 -116.60 -116.41 -116.35 -116.31 -116.19 -116.04 -115.92 -115.79 -115.67 -115.54 -115.43 -115.29 -115.13 -114.94
-122.84 -122.73 -122.59 -122.36 -122.13 -121.97 -121.83 -121.71 -121.59 -121.47 -121.34 -121.21 -121.08 -120.96 -120.83 -120.69 -120.54 -120.41 -120.29 -120.17 -120.05 -119.93 -119.80 -119.70 -119.59 -119.47 -119.34 -119.23 -119.09 -118.85 -118.61 -118.45 -118.32 -118.21 -118.09 -117.95 -117.84 -117.81 -117.80 -117.80 -117.80 -117.84 -117.85 -117.73 -117.58 -117.46 -117.31 -117.05 -116.79 -116.66 -116.56 -116.42 -116.29 -116.16 -116.04 -115.92 -115.79 -115.67 -115.54 -115.44 -115.29 -115.03 -114.78
-123.02 -122.89 -122.77 -122.65 -122.50 -122.25 -122.01 -121.87 -121.77 -121.64 -121.52 -121.39 -121.26 -121.16 -121.03 -120.78 -120.53 -120.39 -120.28 -120.16 -120.04 -119.90 -119.79 -119.78 -119.77 -119.66 -119.52 -119.39 -119.27 -119.14 -118.99 -118.75 -118.51 -118.38 -118.27 -118.14 -118.02 -117.89 -117.79 -117.76 -117.79 -117.92 -118.03 -117.95 -117.77 -117.55 -117.30 -117.03 -116.78 -116.65 -116.55 -116.42 -116.28 -116.16 -116.04 -115.92 -115.79 -115.67 -115.54 -115.43 -115.29 -115.04 -114.79
-123.19 -123.07 -122.94 -122.83 -122.71 -122.54 -122.35 -122.13 -121.93 -121.79 -121.68 -121.57 -121.44 -121.25 -121.04 -120.85 -120.68 -120.55 -120.43 -120.31 -120.18 -120.04 -119.93 -119.94 -119.94 -119.84 -119.69 -119.57 -119.44 -119.35 -119.23 -118.96 -118.69 -118.55 -118.44 -118.32 -118.19 -118.05 -117.93 -117.91 -117.93 -118.00 -118.04 -117.97 -117.81 -117.55 -117.28 -117.11 -116.95 -116.72 -116.53 -116.49 -116.45 -116.26 -116.04 -115.91 -115.79 -115.67 -115.54 -115.44 -115.31 -115.06 -114.79
-123.37 -123.25 -123.12 -123.00 -122.87 -122.77 -122.64 -122.42 -122.19 -122.06 -121.94 -121.80 -121.62 -121.36 -121.10 -120.97 -120.87 -120.75 -120.62 -120.50 -120.37 -120.23 -120.12 -120.13 -120.13 -120.02 -119.87 -119.76 -119.63 -119.48 -119.30 -119.08 -118.87 -118.74 -118.62 -118.50 -118.38 -118.24 -118.12 -118.11 -118.13 -118.15 -118.12 -117.97 -117.78 -117.57 -117.37 -117.22 -117.06 -116.82 -116.62 -116.59 -116.56 -116.31 -116.03 -115.90 -115.79 -115.68 -115.54 -115.39 -115.21 -115.01 -114.79
-123.55 -123.42 -123.30 -123.17 -123.05 -122.92 -122.80 -122.68 -122.55 -122.44 -122.30 -122.07 -121.80 -121.53 -121.30 -121.16 -121.05 -120.92 -120.80 -120.67 -120.55 -120.41 -120.30 -120.30 -120.30 -120.19 -120.05 -119.94 -119.80 -119.55 -119.30 -119.16 -119.05 -118.92 -118.80 -118.67 -118.55 -118.41 -118.30 -118.28 -118.30 -118.33 -118.30 -118.06 -117.80 -117.67 -117.55 -117.30 -117.04 -116.90 -116.80 -116.69 -116.54 -116.30 -116.05 -115.91 -115.79 -115.68 -115.54 -115.29 -115.04 -114.92 -114.79
-123.73 -123.60 -123.48 -123.35 -123.23 -123.10 -122.98 -122.85 -122.74 -122.64 -122.50 -122.26 -121.98 -121.71 -121.48 -121.34 -121.24 -121.12 -120.99 -120.86 -120.73 -120.60 -120.48 -120.37 -120.29 -120.28 -120.24 -120.03 -119.79 -119.61 -119.47 -119.34 -119.23 -119.12 -118.99 -118.75 -118.54 -118.50 -118.49 -118.39 -118.29 -118.30 -118.31 -118.17 -117.98 -117.77 -117.54 -117.27 -117.03 -116.89 -116.79 -116.66 -116.53 -116.39 -116.23 -116.00 -115.78 -115.65 -115.53 -115.38 -115.21 -115.01 -114.80
-123.90 -123.79 -123.67 -123.54 -123.42 -123.29 -123.17 -123.05 -122.92 -122.74 -122.55 -122.36 -122.17 -121.92 -121.67 -121.47 -121.30 -121.15 -121.05 -120.98 -120.92 -120.80 -120.65 -120.51 -120.39 -120.35 -120.30 -120.10 -119.89 -119.77 -119.67 -119.55 -119.42 -119.24 -119.05 -118.82 -118.64 -118.57 -118.55 -118.48 -118.40 -118.35 -118.28 -118.18 -118.05 -117.87 -117.65 -117.39 -117.14 -117.00 -116.89 -116.77 -116.64 -116.48 -116.30 -116.09 -115.89 -115.75 -115.64 -115.55 -115.42 -115.11 -114.78
-124.09 -123.94 -123.80 -123.68 -123.55 -123.43 -123.30 -123.19 -123.06 -122.82 -122.57 -122.44 -122.31 -122.07 -121.80 -121.54 -121.32 -121.16 -121.07 -121.06 -121.05 -120.96 -120.84 -120.71 -120.58 -120.45 -120.32 -120.21 -120.09 -119.95 -119.80 -119.69 -119.55 -119.31 -119.07 -118.94 -118.83 -118.69 -118.57 -118.56 -118.55 -118.45 -118.32 -118.20 -118.07 -117.95 -117.80 -117.57 -117.33 -117.19 -117.08 -116.97 -116.83 -116.57 -116.31 -116.18 -116.08 -115.96 -115.83 -115.72 -115.55 -115.18 -114.81
-124.27 -124.03 -123.79 -123.65 -123.54 -123.41 -123.29 -123.17 -123.05 -122.92 -122.77 -122.55 -122.30 -122.03 -121.79 -121.63 -121.50 -121.37 -121.25 -121.13 -121.04 -121.03 -121.02 -120.90 -120.76 -120.64 -120.52 -120.41 -120.27 -120.03 -119.79 -119.65 -119.54 -119.39 -119.25 -119.13 -119.01 -118.88 -118.75 -118.63 -118.54 -118.53 -118.52 -118.42 -118.27 -118.03 -117.79 -117.63 -117.51 -117.38 -117.26 -117.15 -117.01 -116.75 -116.49 -116.36 -116.26 -116.15 -116.01 -115.78 -115.52 -115.24 -114.99
-124.31 -124.12 -123.94 -123.80 -123.69 -123.57 -123.44 -123.23 -123.03 -122.93 -122.81 -122.55 -122.28 -122.09 -121.94 -121.81 -121.70 -121.58 -121.45 -121.30 -121.17 -121.10 -121.04 -121.02 -120.95 -120.76 -120.54 -120.42 -120.29 -120.11 -119.92 -119.79 -119.67 -119.55 -119.44 -119.31 -119.19 -119.06 -118.94 -118.80 -118.67 -118.60 -118.53 -118.42 -118.28 -118.09 -117.90 -117.79 -117.69 -117.56 -117.44 -117.32 -117.19 -117.02 -116.83 -116.62 -116.42 -116.29 -116.17 -116.01 -115.81 -115.57 -115.31
-124.29 -124.18 -124.06 -123.94 -123.81 -123.70 -123.56 -123.34 -123.11 -122.94 -122.78 -122.57 -122.36 -122.19 -122.05 -121.92 -121.80 -121.67 -121.55 -121.46 -121.36 -121.22 -121.10 -121.08 -121.05 -120.84 -120.60 -120.46 -120.35 -120.23 -120.11 -119.99 -119.86 -119.74 -119.61 -119.49 -119.36 -119.24 -119.11 -118.98 -118.85 -118.76 -118.66 -118.54 -118.41 -118.30 -118.18 -118.02 -117.85 -117.73 -117.61 -117.49 -117.36 -117.26 -117.13 -116.90 -116.68 -116.54 -116.43 -116.28 -116.12 -115.91 -115.68
-124.29 -124.17 -124.04 -123.92 -123.79 -123.67 -123.54 -123.43 -123.29 -123.04 -122.79 -122.67 -122.54 -122.29 -122.04 -121.90 -121.79 -121.65 -121.54 -121.54 -121.54 -121.43 -121.29 -121.17 -121.04 -120.92 -120.79 -120.66 -120.54 -120.42 -120.29 -120.17 -120.04 -119.92 -119.79 -119.67 -119.54 -119.42 -119.29 -119.15 -119.04 -119.04 -119.04 -118.93 -118.79 -118.68 -118.54 -118.29 -118.04 -117.90 -117.79 -117.67 -117.54 -117.42 -117.29 -117.16 -117.04 -116.93 -116.79 -116.54 -116.29 -116.15 -116.04
-124.29 -124.17 -124.04 -123.92 -123.79 -123.67 -123.54 -123.43 -123.31 -123.15 -122.97 -122.76 -122.54 -122.36 -122.21 -122.08 -121.96 -121.81 -121.71 -121.72 -121.73 -121.63 -121.48 -121.34 -121.21 -121.08 -120.97 -120.84 -120.72 -120.59 -120.47 -120.34 -120.22 -120.09 -119.97 -119.84 -119.72 -119.58 -119.47 -119.43 -119.40 -119.32 -119.23 -119.11 -118.98 -118.86 -118.73 -118.57 -118.40 -118.17 -117.95 -117.81 -117.70 -117.57 -117.45 -117.33 -117.21 -117.09 -116.96 -116.79 -116.63 -116.50 -116.39
