Instances/EnglishChannel/GMRTv3_3_20170610topo.asc
ncols 622
nrows 391
xllcorner 0.826171875
yllcorner 50.63761674541395
cellsize 0.002197265625
nodata_value -2147483648
[rows 330 to 362 of 391, columns 0 to 72 of 622]
-32.78 -32.64 -32.52 -32.48 -32.45 -32.31 -32.18 -32.13 -32.10 -32.02 -31.93 -31.87 -31.84 -31.85 -31.85 -31.77 -31.68 -31.64 -31.67 -31.75 -32.00 -32.64 -33.44 -34.25 -34.98 -35.51 -35.81 -35.83 -35.57 -34.94 -34.21 -33.63 -33.20 -33.04 -32.96 -32.73 -32.52 -32.47 -32.43 -32.22 -32.00 -31.91 -31.85 -31.73 -31.66 -31.74 -31.85 -31.93 -32.01 -32.15 -32.28 -32.38 -32.43 -32.38 -32.24 -32.00 -31.67 -31.18 -30.73 -30.48 -30.39 -30.46 -30.65 -30.95 -31.26 -31.47 -31.61 -31.65 -31.63 -31.56 -31.46 -31.32 -31.20
-32.98 -32.86 -32.73 -32.59 -32.44 -32.32 -32.20 -32.05 -31.94 -31.94 -31.95 -31.83 -31.71 -31.68 -31.68 -31.68 -31.69 -31.67 -31.72 -31.87 -32.25 -33.09 -34.05 -34.87 -35.53 -35.89 -35.96 -35.66 -35.11 -34.36 -33.59 -33.03 -32.62 -32.43 -32.34 -32.22 -32.10 -31.98 -31.87 -31.74 -31.65 -31.64 -31.66 -31.68 -31.70 -31.70 -31.69 -31.66 -31.65 -31.76 -31.88 -31.88 -31.87 -31.92 -31.88 -31.56 -31.14 -30.75 -30.40 -30.09 -29.91 -29.95 -30.13 -30.49 -30.87 -31.18 -31.39 -31.43 -31.41 -31.43 -31.43 -31.31 -31.20
-33.17 -33.06 -32.93 -32.68 -32.44 -32.30 -32.20 -32.06 -31.95 -31.93 -31.95 -31.96 -31.93 -31.81 -31.69 -31.65 -31.68 -31.75 -31.92 -32.17 -32.65 -33.61 -34.65 -35.40 -35.92 -36.11 -35.96 -35.33 -34.51 -33.71 -33.00 -32.55 -32.23 -31.95 -31.74 -31.59 -31.49 -31.47 -31.48 -31.47 -31.47 -31.45 -31.46 -31.58 -31.70 -31.73 -31.70 -31.58 -31.46 -31.46 -31.48 -31.48 -31.48 -31.51 -31.49 -31.27 -30.96 -30.56 -30.20 -30.02 -29.94 -29.89 -29.95 -30.18 -30.47 -30.74 -30.98 -31.13 -31.22 -31.23 -31.22 -31.19 -31.20
-33.56 -33.37 -33.12 -32.87 -32.61 -32.38 -32.18 -32.03 -31.93 -31.91 -31.93 -31.94 -31.94 -31.89 -31.87 -31.94 -32.05 -32.12 -32.29 -32.66 -33.24 -34.15 -35.08 -35.76 -36.15 -36.06 -35.63 -34.81 -33.90 -33.18 -32.58 -32.14 -31.83 -31.63 -31.50 -31.35 -31.25 -31.23 -31.24 -31.23 -31.25 -31.35 -31.45 -31.50 -31.53 -31.55 -31.53 -31.40 -31.27 -31.25 -31.26 -31.27 -31.26 -31.19 -31.07 -30.93 -30.75 -30.57 -30.37 -30.11 -29.93 -29.98 -30.12 -30.27 -30.43 -30.59 -30.74 -30.89 -31.00 -31.00 -31.00 -31.09 -31.21
-33.85 -33.61 -33.32 -33.08 -32.84 -32.57 -32.32 -32.16 -32.06 -32.04 -32.06 -32.06 -32.06 -32.04 -32.06 -32.17 -32.34 -32.48 -32.71 -33.14 -33.73 -34.54 -35.34 -35.96 -36.23 -35.81 -35.07 -34.26 -33.43 -32.74 -32.18 -31.80 -31.54 -31.40 -31.31 -31.16 -31.06 -31.10 -31.18 -31.18 -31.18 -31.25 -31.32 -31.32 -31.31 -31.33 -31.32 -31.20 -31.07 -31.06 -31.07 -31.09 -31.07 -30.94 -30.81 -30.75 -30.70 -30.60 -30.46 -30.24 -30.07 -30.10 -30.21 -30.32 -30.45 -30.57 -30.70 -30.84 -30.95 -30.95 -30.95 -31.00 -31.09
-33.94 -33.75 -33.52 -33.24 -32.95 -32.68 -32.45 -32.33 -32.27 -32.26 -32.27 -32.26 -32.26 -32.29 -32.34 -32.40 -32.51 -32.72 -33.03 -33.46 -34.01 -34.78 -35.51 -36.01 -36.13 -35.45 -34.51 -33.75 -33.04 -32.38 -31.85 -31.58 -31.43 -31.30 -31.18 -31.02 -30.92 -31.04 -31.20 -31.22 -31.20 -31.19 -31.18 -31.19 -31.19 -31.17 -31.12 -30.99 -30.86 -30.85 -30.86 -30.88 -30.87 -30.74 -30.61 -30.62 -30.64 -30.57 -30.46 -30.32 -30.21 -30.17 -30.20 -30.31 -30.46 -30.54 -30.63 -30.77 -30.89 -30.91 -30.89 -30.88 -30.88
-33.97 -33.88 -33.72 -33.35 -32.96 -32.66 -32.46 -32.43 -32.47 -32.46 -32.47 -32.46 -32.48 -32.60 -32.72 -32.71 -32.73 -32.92 -33.23 -33.67 -34.24 -35.04 -35.73 -36.04 -35.94 -35.17 -34.18 -33.38 -32.67 -32.10 -31.69 -31.52 -31.45 -31.32 -31.20 -31.05 -30.96 -31.06 -31.19 -31.21 -31.20 -31.20 -31.20 -31.21 -31.18 -31.07 -30.92 -30.79 -30.69 -30.68 -30.69 -30.70 -30.67 -30.56 -30.44 -30.42 -30.42 -30.44 -30.43 -30.32 -30.20 -30.17 -30.20 -30.31 -30.43 -30.44 -30.44 -30.56 -30.67 -30.69 -30.67 -30.67 -30.66
-34.39 -34.19 -33.90 -33.53 -33.16 -32.87 -32.66 -32.63 -32.65 -32.64 -32.66 -32.77 -32.89 -32.90 -32.91 -32.99 -33.13 -33.32 -33.63 -34.18 -34.83 -35.57 -36.13 -36.23 -35.94 -35.17 -34.20 -33.27 -32.46 -31.98 -31.68 -31.52 -31.43 -31.30 -31.19 -31.16 -31.16 -31.17 -31.18 -31.19 -31.20 -31.22 -31.21 -31.11 -30.97 -30.83 -30.72 -30.69 -30.69 -30.71 -30.71 -30.59 -30.47 -30.46 -30.45 -30.34 -30.23 -30.21 -30.22 -30.21 -30.21 -30.21 -30.21 -30.20 -30.22 -30.34 -30.45 -30.47 -30.47 -30.48 -30.47 -30.35 -30.24
-34.61 -34.50 -34.27 -33.81 -33.33 -33.02 -32.85 -32.90 -33.02 -33.01 -33.00 -33.03 -33.09 -33.17 -33.27 -33.39 -33.55 -33.69 -34.00 -34.78 -35.61 -36.21 -36.53 -36.41 -35.95 -35.05 -34.03 -33.15 -32.43 -32.07 -31.87 -31.72 -31.62 -31.47 -31.35 -31.34 -31.36 -31.38 -31.37 -31.29 -31.20 -31.11 -31.03 -30.99 -30.93 -30.80 -30.68 -30.69 -30.70 -30.62 -30.53 -30.49 -30.45 -30.38 -30.29 -30.14 -30.03 -30.12 -30.22 -30.14 -30.04 -30.02 -30.04 -30.12 -30.20 -30.25 -30.29 -30.38 -30.45 -30.48 -30.45 -30.33 -30.19
-34.91 -34.86 -34.69 -34.26 -33.77 -33.39 -33.16 -33.25 -33.42 -33.50 -33.54 -33.52 -33.51 -33.58 -33.67 -33.69 -33.80 -34.12 -34.64 -35.49 -36.32 -36.80 -36.94 -36.61 -35.95 -34.98 -33.95 -33.11 -32.46 -32.14 -31.96 -31.81 -31.71 -31.63 -31.58 -31.57 -31.58 -31.54 -31.46 -31.34 -31.20 -31.05 -30.93 -30.95 -30.96 -30.83 -30.70 -30.70 -30.71 -30.59 -30.45 -30.40 -30.35 -30.23 -30.08 -29.92 -29.82 -29.89 -29.97 -29.90 -29.82 -29.79 -29.82 -29.96 -30.10 -30.08 -30.07 -30.20 -30.33 -30.37 -30.33 -30.21 -30.07
-35.32 -35.21 -35.01 -34.71 -34.35 -33.91 -33.57 -33.63 -33.82 -33.96 -34.08 -34.13 -34.13 -34.10 -34.06 -33.99 -34.10 -34.67 -35.42 -36.19 -36.85 -37.24 -37.29 -36.78 -35.96 -34.94 -33.90 -33.05 -32.40 -32.10 -31.95 -31.80 -31.70 -31.69 -31.72 -31.74 -31.72 -31.60 -31.45 -31.33 -31.21 -31.07 -30.96 -30.92 -30.89 -30.80 -30.71 -30.68 -30.64 -30.53 -30.40 -30.27 -30.13 -30.01 -29.89 -29.77 -29.69 -29.67 -29.67 -29.68 -29.69 -29.68 -29.69 -29.78 -29.88 -29.91 -29.94 -30.07 -30.19 -30.21 -30.18 -30.09 -29.99
-35.72 -35.50 -35.21 -34.97 -34.70 -34.29 -33.97 -34.03 -34.22 -34.34 -34.47 -34.63 -34.72 -34.60 -34.47 -34.50 -34.73 -35.28 -35.96 -36.65 -37.21 -37.50 -37.45 -36.85 -35.94 -34.81 -33.69 -32.81 -32.19 -31.99 -31.94 -31.81 -31.70 -31.68 -31.69 -31.71 -31.69 -31.58 -31.44 -31.32 -31.19 -31.07 -30.94 -30.80 -30.69 -30.69 -30.69 -30.58 -30.44 -30.32 -30.19 -30.06 -29.94 -29.80 -29.69 -29.67 -29.69 -29.69 -29.69 -29.69 -29.69 -29.69 -29.69 -29.67 -29.69 -29.80 -29.94 -30.08 -30.19 -30.21 -30.20 -30.21 -30.20
-36.14 -35.93 -35.64 -35.16 -34.71 -34.47 -34.38 -34.46 -34.64 -34.87 -35.10 -35.27 -35.34 -35.20 -35.07 -35.14 -35.34 -35.71 -36.17 -36.75 -37.23 -37.44 -37.29 -36.56 -35.56 -34.52 -33.50 -32.63 -31.99 -31.77 -31.75 -31.73 -31.73 -31.61 -31.50 -31.50 -31.50 -31.39 -31.25 -31.12 -31.00 -30.85 -30.73 -30.72 -30.71 -30.59 -30.48 -30.48 -30.45 -30.24 -29.99 -29.85 -29.74 -29.60 -29.49 -29.48 -29.50 -29.49 -29.48 -29.48 -29.48 -29.48 -29.48 -29.46 -29.48 -29.59 -29.73 -29.86 -29.98 -30.13 -30.21 -30.13 -29.99
-36.24 -35.96 -35.60 -35.14 -34.73 -34.55 -34.51 -34.58 -34.74 -34.99 -35.25 -35.49 -35.66 -35.63 -35.57 -35.57 -35.66 -35.92 -36.26 -36.66 -36.95 -36.94 -36.64 -35.92 -35.01 -34.07 -33.15 -32.37 -31.79 -31.59 -31.54 -31.46 -31.40 -31.34 -31.29 -31.30 -31.29 -31.18 -31.04 -30.91 -30.79 -30.74 -30.70 -30.62 -30.54 -30.48 -30.43 -30.40 -30.31 -30.05 -29.78 -29.64 -29.54 -29.40 -29.29 -29.26 -29.28 -29.36 -29.45 -29.45 -29.43 -29.43 -29.43 -29.42 -29.43 -29.54 -29.68 -29.83 -29.95 -30.02 -30.04 -30.02 -29.95
-36.14 -35.74 -35.29 -34.88 -34.54 -34.34 -34.28 -34.41 -34.64 -34.88 -35.14 -35.43 -35.66 -35.70 -35.67 -35.65 -35.67 -35.79 -35.95 -36.20 -36.34 -36.13 -35.70 -35.06 -34.31 -33.51 -32.74 -32.09 -31.60 -31.42 -31.35 -31.19 -31.06 -31.06 -31.10 -31.11 -31.10 -30.99 -30.85 -30.70 -30.58 -30.58 -30.60 -30.51 -30.43 -30.45 -30.45 -30.29 -30.08 -29.89 -29.70 -29.51 -29.35 -29.18 -29.08 -29.10 -29.18 -29.26 -29.33 -29.40 -29.45 -29.45 -29.45 -29.43 -29.45 -29.57 -29.71 -29.79 -29.85 -29.91 -29.94 -29.92 -29.86
-35.81 -35.30 -34.77 -34.36 -34.06 -33.88 -33.85 -34.04 -34.32 -34.57 -34.83 -35.11 -35.33 -35.37 -35.33 -35.31 -35.28 -35.26 -35.26 -35.41 -35.46 -35.16 -34.69 -34.11 -33.48 -32.90 -32.34 -31.81 -31.38 -31.21 -31.13 -31.02 -30.93 -30.90 -30.88 -30.90 -30.88 -30.77 -30.63 -30.51 -30.43 -30.41 -30.42 -30.43 -30.44 -30.48 -30.45 -30.21 -29.94 -29.80 -29.66 -29.40 -29.14 -28.99 -28.93 -29.05 -29.20 -29.21 -29.22 -29.33 -29.44 -29.45 -29.44 -29.43 -29.45 -29.55 -29.66 -29.67 -29.69 -29.82 -29.91 -29.82 -29.65
-35.20 -34.55 -33.96 -33.63 -33.46 -33.41 -33.45 -33.55 -33.71 -33.94 -34.21 -34.49 -34.71 -34.76 -34.71 -34.58 -34.46 -34.44 -34.46 -34.51 -34.46 -34.15 -33.71 -33.21 -32.71 -32.31 -31.95 -31.54 -31.20 -31.02 -30.95 -30.95 -30.95 -30.82 -30.70 -30.70 -30.70 -30.57 -30.45 -30.43 -30.44 -30.44 -30.44 -30.44 -30.44 -30.48 -30.45 -30.23 -29.95 -29.70 -29.45 -29.17 -28.95 -28.90 -28.95 -29.06 -29.20 -29.34 -29.44 -29.46 -29.44 -29.44 -29.44 -29.45 -29.45 -29.43 -29.45 -29.57 -29.70 -29.73 -29.70 -29.61 -29.45
-34.99 -34.24 -33.53 -33.19 -33.04 -33.00 -33.05 -33.15 -33.29 -33.44 -33.60 -33.77 -33.90 -33.92 -33.90 -33.89 -33.86 -33.78 -33.67 -33.57 -33.45 -33.29 -33.09 -32.80 -32.46 -32.06 -31.70 -31.51 -31.38 -31.24 -31.11 -31.00 -30.92 -30.88 -30.86 -30.87 -30.86 -30.73 -30.61 -30.60 -30.62 -30.62 -30.63 -30.65 -30.65 -30.60 -30.46 -30.12 -29.74 -29.46 -29.24 -29.06 -28.94 -28.91 -28.95 -29.05 -29.18 -29.31 -29.44 -29.56 -29.65 -29.67 -29.65 -29.55 -29.45 -29.43 -29.45 -29.48 -29.51 -29.55 -29.52 -29.32 -29.05
-34.79 -34.00 -33.26 -32.91 -32.76 -32.71 -32.76 -32.88 -33.01 -33.05 -33.10 -33.23 -33.35 -33.37 -33.35 -33.32 -33.24 -33.03 -32.82 -32.74 -32.71 -32.67 -32.62 -32.55 -32.43 -32.20 -31.95 -31.73 -31.56 -31.50 -31.46 -31.32 -31.18 -31.17 -31.20 -31.22 -31.21 -31.09 -30.96 -30.97 -30.98 -30.92 -30.84 -30.79 -30.71 -30.55 -30.32 -30.02 -29.70 -29.42 -29.20 -29.04 -28.95 -28.90 -28.93 -29.11 -29.32 -29.47 -29.57 -29.65 -29.70 -29.73 -29.71 -29.60 -29.46 -29.38 -29.32 -29.31 -29.31 -29.26 -29.18 -29.03 -28.81
-34.67 -33.93 -33.25 -32.92 -32.75 -32.70 -32.74 -32.87 -32.99 -32.98 -32.96 -33.04 -33.13 -33.17 -33.15 -33.00 -32.80 -32.57 -32.38 -32.32 -32.31 -32.36 -32.41 -32.44 -32.43 -32.39 -32.30 -32.12 -31.94 -31.89 -31.86 -31.78 -31.71 -31.71 -31.71 -31.68 -31.61 -31.49 -31.38 -31.34 -31.30 -31.19 -31.05 -30.90 -30.71 -30.42 -30.11 -29.86 -29.62 -29.35 -29.11 -28.99 -28.95 -28.94 -29.02 -29.27 -29.54 -29.69 -29.79 -29.80 -29.78 -29.77 -29.71 -29.55 -29.37 -29.22 -29.11 -29.12 -29.12 -28.96 -28.77 -28.68 -28.55
-34.73 -34.08 -33.49 -33.16 -32.99 -32.95 -33.01 -33.13 -33.26 -33.29 -33.28 -33.28 -33.27 -33.27 -33.21 -32.97 -32.70 -32.55 -32.44 -32.28 -32.18 -32.30 -32.45 -32.48 -32.48 -32.48 -32.48 -32.53 -32.54 -32.43 -32.30 -32.28 -32.28 -32.29 -32.28 -32.18 -32.05 -31.91 -31.77 -31.63 -31.48 -31.36 -31.21 -30.97 -30.67 -30.29 -29.91 -29.64 -29.40 -29.14 -28.93 -28.89 -28.94 -29.05 -29.23 -29.48 -29.73 -29.89 -29.99 -30.01 -29.96 -29.85 -29.67 -29.41 -29.16 -29.01 -28.91 -28.92 -28.89 -28.65 -28.37 -28.23 -28.09
-34.94 -34.29 -33.68 -33.34 -33.18 -33.25 -33.41 -33.53 -33.65 -33.79 -33.89 -33.94 -33.89 -33.69 -33.41 -33.16 -32.91 -32.65 -32.43 -32.26 -32.19 -32.29 -32.45 -32.58 -32.69 -32.68 -32.68 -32.80 -32.92 -32.95 -32.91 -32.78 -32.66 -32.64 -32.66 -32.69 -32.65 -32.44 -32.16 -31.92 -31.68 -31.46 -31.20 -30.85 -30.46 -30.07 -29.71 -29.43 -29.21 -29.05 -28.95 -28.89 -28.93 -29.15 -29.42 -29.69 -29.93 -30.10 -30.19 -30.12 -29.95 -29.73 -29.46 -29.20 -28.96 -28.82 -28.72 -28.62 -28.48 -28.24 -27.98 -27.72 -27.49
-34.97 -34.41 -33.89 -33.54 -33.38 -33.54 -33.82 -34.06 -34.26 -34.41 -34.51 -34.55 -34.51 -34.28 -33.99 -33.74 -33.49 -33.24 -32.98 -32.63 -32.35 -32.34 -32.43 -32.56 -32.71 -32.80 -32.89 -33.03 -33.15 -33.17 -33.16 -33.22 -33.28 -33.30 -33.28 -33.21 -33.08 -32.87 -32.59 -32.28 -31.91 -31.47 -31.03 -30.64 -30.27 -29.86 -29.52 -29.32 -29.19 -29.02 -28.93 -29.07 -29.31 -29.56 -29.81 -30.00 -30.13 -30.22 -30.22 -30.04 -29.77 -29.53 -29.28 -29.03 -28.78 -28.55 -28.34 -28.23 -28.10 -27.86 -27.58 -27.32 -27.07
-34.85 -34.38 -33.98 -33.69 -33.58 -33.78 -34.11 -34.37 -34.62 -34.84 -35.00 -35.05 -34.99 -34.76 -34.47 -34.21 -33.95 -33.72 -33.45 -33.04 -32.67 -32.55 -32.54 -32.58 -32.67 -32.80 -32.96 -33.11 -33.23 -33.23 -33.23 -33.37 -33.51 -33.53 -33.49 -33.47 -33.37 -33.10 -32.73 -32.30 -31.83 -31.32 -30.82 -30.43 -30.07 -29.64 -29.30 -29.21 -29.20 -29.08 -29.04 -29.28 -29.59 -29.87 -30.11 -30.28 -30.36 -30.27 -30.08 -29.86 -29.58 -29.27 -28.95 -28.70 -28.45 -28.18 -27.92 -27.72 -27.54 -27.38 -27.19 -26.94 -26.67
-34.56 -34.16 -33.89 -33.77 -33.80 -33.97 -34.22 -34.47 -34.72 -35.01 -35.25 -35.35 -35.32 -35.13 -34.87 -34.66 -34.43 -34.19 -33.91 -33.51 -33.14 -32.92 -32.80 -32.77 -32.81 -32.85 -32.92 -33.04 -33.15 -33.15 -33.16 -33.27 -33.40 -33.45 -33.47 -33.48 -33.40 -33.12 -32.72 -32.23 -31.70 -31.14 -30.62 -30.22 -29.87 -29.47 -29.17 -29.12 -29.17 -29.23 -29.34 -29.54 -29.77 -30.01 -30.22 -30.38 -30.41 -30.19 -29.88 -29.61 -29.31 -28.92 -28.53 -28.26 -28.03 -27.82 -27.60 -27.34 -27.09 -26.92 -26.76 -26.55 -26.33
-34.15 -33.81 -33.67 -33.76 -33.94 -34.05 -34.18 -34.42 -34.68 -34.94 -35.17 -35.34 -35.43 -35.35 -35.22 -35.12 -34.99 -34.79 -34.52 -34.17 -33.80 -33.50 -33.29 -33.26 -33.26 -33.12 -32.98 -32.92 -32.90 -32.87 -32.89 -33.01 -33.16 -33.32 -33.42 -33.34 -33.17 -32.97 -32.67 -32.21 -31.67 -31.03 -30.42 -30.00 -29.67 -29.39 -29.21 -29.16 -29.23 -29.47 -29.73 -29.87 -29.98 -30.09 -30.18 -30.21 -30.16 -29.95 -29.66 -29.29 -28.90 -28.51 -28.16 -27.88 -27.66 -27.54 -27.42 -27.19 -26.92 -26.67 -26.44 -26.30 -26.20
-33.74 -33.52 -33.48 -33.57 -33.73 -33.84 -33.98 -34.23 -34.49 -34.64 -34.76 -34.89 -35.01 -35.13 -35.21 -35.21 -35.18 -35.18 -35.13 -35.00 -34.82 -34.57 -34.30 -34.07 -33.85 -33.65 -33.39 -32.93 -32.49 -32.29 -32.27 -32.48 -32.76 -32.91 -33.00 -33.05 -32.98 -32.67 -32.25 -31.77 -31.25 -30.72 -30.23 -29.78 -29.46 -29.38 -29.43 -29.51 -29.64 -29.78 -29.93 -30.09 -30.19 -30.11 -29.98 -29.89 -29.76 -29.54 -29.26 -28.88 -28.51 -28.22 -27.97 -27.70 -27.46 -27.34 -27.22 -26.95 -26.71 -26.67 -26.66 -26.52 -26.39
-33.52 -33.31 -33.26 -33.36 -33.53 -33.66 -33.79 -33.96 -34.12 -34.25 -34.36 -34.46 -34.59 -34.83 -35.06 -35.16 -35.22 -35.31 -35.39 -35.47 -35.49 -35.36 -35.15 -34.93 -34.62 -34.16 -33.61 -32.98 -32.42 -32.12 -32.01 -32.12 -32.34 -32.58 -32.77 -32.85 -32.78 -32.46 -32.02 -31.53 -31.02 -30.49 -30.01 -29.66 -29.44 -29.37 -29.44 -29.67 -29.89 -29.94 -29.94 -30.02 -30.05 -29.96 -29.79 -29.59 -29.36 -29.13 -28.86 -28.46 -28.08 -27.89 -27.76 -27.59 -27.42 -27.30 -27.17 -26.97 -26.81 -26.79 -26.83 -26.87 -26.93
-33.30 -33.17 -33.18 -33.24 -33.33 -33.39 -33.47 -33.57 -33.70 -33.82 -33.95 -34.13 -34.33 -34.52 -34.71 -34.90 -35.10 -35.35 -35.61 -35.84 -35.99 -35.98 -35.86 -35.68 -35.34 -34.69 -33.91 -33.11 -32.40 -31.98 -31.78 -31.84 -32.03 -32.31 -32.57 -32.65 -32.58 -32.27 -31.83 -31.33 -30.82 -30.34 -29.93 -29.62 -29.43 -29.43 -29.55 -29.75 -29.95 -30.05 -30.08 -29.99 -29.85 -29.67 -29.47 -29.22 -28.95 -28.68 -28.42 -28.14 -27.90 -27.76 -27.67 -27.61 -27.55 -27.40 -27.27 -27.26 -27.28 -27.25 -27.25 -27.37 -27.53
-33.22 -33.15 -33.19 -33.16 -33.12 -33.10 -33.11 -33.22 -33.37 -33.48 -33.61 -33.84 -34.07 -34.21 -34.37 -34.60 -34.89 -35.25 -35.61 -35.94 -36.19 -36.29 -36.26 -36.14 -35.82 -35.16 -34.33 -33.42 -32.60 -32.07 -31.78 -31.80 -31.98 -32.22 -32.43 -32.48 -32.37 -32.06 -31.63 -31.16 -30.69 -30.29 -29.95 -29.66 -29.49 -29.59 -29.77 -29.89 -30.00 -30.14 -30.17 -29.91 -29.57 -29.34 -29.12 -28.85 -28.60 -28.39 -28.21 -28.10 -28.00 -27.85 -27.74 -27.74 -27.75 -27.67 -27.62 -27.71 -27.83 -27.89 -27.95 -28.07 -28.19
-33.46 -33.29 -33.20 -33.06 -32.94 -32.91 -32.94 -33.05 -33.18 -33.31 -33.44 -33.55 -33.69 -33.92 -34.19 -34.43 -34.68 -34.91 -35.18 -35.57 -35.93 -36.12 -36.18 -36.15 -35.94 -35.40 -34.71 -33.96 -33.22 -32.63 -32.22 -32.13 -32.21 -32.34 -32.45 -32.38 -32.19 -31.84 -31.44 -31.06 -30.69 -30.29 -29.94 -29.76 -29.71 -29.80 -29.95 -30.11 -30.20 -30.13 -29.93 -29.56 -29.19 -29.04 -28.93 -28.68 -28.45 -28.44 -28.46 -28.35 -28.21 -28.07 -27.96 -27.93 -27.96 -28.09 -28.22 -28.21 -28.22 -28.46 -28.73 -28.89 -28.99
-33.84 -33.60 -33.40 -33.14 -32.93 -32.90 -32.93 -32.91 -32.96 -33.19 -33.44 -33.58 -33.69 -33.83 -33.98 -34.09 -34.26 -34.61 -34.99 -35.29 -35.54 -35.72 -35.81 -35.73 -35.55 -35.30 -34.92 -34.29 -33.62 -33.04 -32.60 -32.42 -32.38 -32.41 -32.43 -32.38 -32.19 -31.74 -31.23 -30.82 -30.47 -30.15 -29.92 -29.88 -29.91 -29.91 -29.94 -30.10 -30.20 -30.01 -29.71 -29.45 -29.19 -28.92 -28.71 -28.65 -28.65 -28.66 -28.64 -28.51 -28.38 -28.34 -28.34 -28.32 -28.34 -28.47 -28.62 -28.72 -28.98 -29.12 -29.27 -29.43 -29.56
-34.42 -33.98 -33.57 -33.27 -33.07 -33.05 -33.09 -33.06 -33.08 -33.23 -33.42 -33.54 -33.65 -33.78 -33.90 -34.00 -34.14 -34.44 -34.76 -34.96 -35.10 -35.19 -35.21 -35.18 -35.12 -35.10 -34.98 -34.54 -34.01 -33.54 -33.17 -33.01 -32.92 -32.77 -32.60 -32.45 -32.20 -31.69 -31.17 -30.83 -30.58 -30.37 -30.23 -30.14 -30.09 -30.06 -30.07 -30.15 -30.18 -30.05 -29.83 -29.49 -29.16 -28.94 -28.81 -28.79 -28.84 -28.92 -28.99 -28.96 -28.90 -28.89 -28.90 -28.90 -28.97 -29.01 -29.07 -29.19 -29.45 -29.51 -29.57 -29.63 -29.68
