Instances/EnglishChannel/GMRTv3_3_20170610topo.asc
ncols 622
nrows 391
xllcorner 0.826171875
yllcorner 50.63761674541395
cellsize 0.002197265625
nodata_value -2147483648
[rows 99 to 131 of 391, columns 146 to 218 of 622]
44.50 40.92 43.53 42.02 35.13 32.87 27.30 19.35 17.08 14.32 10.64 8.70 7.63 5.49 6.68 6.92 7.85 8.32 7.15 6.95 6.17 5.49 5.95 10.36 8.52 8.86 7.66 9.30 6.10 7.51 7.51 11.53 20.79 32.77 32.81 22.61 19.02 14.26 12.07 12.04 10.49 12.86 16.37 21.98 22.07 21.69 19.76 18.07 18.82 21.22 23.30 23.84 21.88 23.30 17.21 15.20 15.70 17.94 11.06 9.69 13.82 13.44 11.14 11.19 13.56 13.74 8.93 7.64 7.37 8.31 9.72 8.56 7.42
41.99 43.01 39.98 40.96 37.97 34.95 21.96 16.98 12.98 9.99 7.99 8.01 7.02 6.02 10.02 10.04 9.02 10.01 10.02 8.04 6.01 6.02 7.02 4.95 4.00 6.04 9.05 5.01 3.98 2.99 2.99 5.96 12.92 19.89 25.91 19.98 13.98 8.01 6.02 8.01 10.01 13.01 11.97 10.91 14.94 20.00 18.01 19.97 17.95 13.97 14.98 19.96 21.96 16.97 10.96 10.95 13.94 12.93 7.98 3.98 4.94 6.95 10.99 17.01 20.00 18.00 20.04 10.02 17.03 23.06 17.01 11.06 11.05
36.14 37.25 37.90 27.88 25.32 25.64 21.77 14.46 12.52 10.07 9.19 6.65 9.29 11.05 12.46 13.06 10.30 9.77 10.05 13.23 8.81 7.58 9.93 8.48 9.12 11.01 9.85 6.87 3.59 4.68 5.03 4.40 5.93 8.10 12.71 14.52 11.18 9.29 10.80 9.04 12.12 14.77 8.51 2.26 5.95 10.42 11.07 6.54 5.47 12.12 14.46 10.83 12.68 12.84 5.81 4.42 4.13 5.38 4.49 2.65 1.72 3.22 8.97 12.72 14.61 18.51 19.65 18.00 11.97 15.22 9.86 12.44 17.25
20.42 21.75 32.22 29.46 21.22 16.86 17.30 16.63 13.55 10.08 6.98 7.80 13.11 12.50 11.60 10.07 8.12 9.29 15.67 13.25 11.72 11.55 17.09 9.90 8.71 10.30 6.59 6.34 4.40 5.72 10.24 7.56 4.33 1.67 1.28 1.38 3.78 2.85 2.56 4.45 5.25 3.28 3.54 4.11 3.77 3.66 5.54 3.91 2.88 4.27 6.08 4.60 4.19 5.26 6.51 4.76 3.00 5.57 5.61 2.87 3.94 3.48 3.72 5.21 9.15 9.98 13.74 20.87 19.52 14.98 10.22 4.77 5.16
26.04 22.46 23.12 25.11 21.38 19.28 18.60 18.17 12.79 15.56 10.14 15.18 20.28 22.46 19.12 17.64 16.49 21.20 24.95 18.45 14.31 14.93 14.05 11.27 10.84 12.70 9.08 6.99 11.44 14.47 10.79 12.61 11.26 5.10 2.51 3.65 7.52 6.45 5.31 4.49 5.68 7.48 4.57 4.60 6.09 5.17 7.26 8.27 5.44 3.64 2.91 3.07 1.95 2.89 2.09 2.12 2.94 3.75 4.29 3.32 4.51 5.54 3.85 1.85 6.69 12.42 10.68 21.91 22.19 19.58 20.54 17.73 12.64
29.28 22.79 20.38 19.30 17.78 13.57 15.06 15.91 9.27 7.34 15.78 21.79 28.20 32.03 28.44 27.01 25.96 27.43 24.51 17.95 12.25 10.25 16.36 21.32 23.27 17.98 13.10 9.78 8.99 11.08 11.97 13.28 13.17 11.17 6.26 7.42 11.60 12.72 15.26 11.27 6.52 8.31 8.53 10.77 15.61 18.61 13.59 9.52 8.81 7.02 6.93 4.41 2.62 3.97 2.28 2.57 5.02 5.16 9.27 10.05 7.83 15.20 24.45 10.31 7.17 7.49 9.64 20.11 24.21 27.81 26.41 32.38 17.11
18.98 14.98 12.98 10.99 10.99 12.00 15.01 17.02 17.03 13.03 12.00 21.00 19.99 29.00 29.00 28.00 28.01 23.99 15.99 14.00 13.01 17.02 24.01 25.99 22.99 24.00 15.00 10.00 10.00 14.01 23.02 16.01 11.00 6.00 5.00 9.99 19.00 24.00 23.00 16.01 13.01 14.01 14.01 14.00 15.99 17.97 18.99 16.01 12.01 11.01 9.01 6.01 7.01 6.01 5.01 8.01 11.01 12.01 11.02 9.01 7.01 10.00 17.98 11.98 5.00 4.00 6.99 17.98 19.01 23.98 24.97 23.95 25.99
13.98 8.29 7.47 11.68 13.75 17.68 21.48 23.43 24.07 19.78 14.35 21.88 31.08 36.89 32.06 35.40 35.56 24.49 15.58 15.18 18.72 24.13 23.17 16.58 18.53 20.03 14.71 9.99 8.67 15.13 26.85 18.78 13.79 12.07 10.56 7.11 10.49 19.76 26.09 22.14 16.89 16.84 17.82 17.25 15.29 12.89 13.47 16.13 13.46 13.23 13.95 12.97 10.76 11.01 14.20 15.88 10.44 10.81 12.60 14.46 14.17 10.49 9.13 5.56 4.91 5.25 4.13 9.00 21.13 17.99 15.32 10.89 16.51
12.90 11.13 12.50 22.71 31.71 29.59 23.50 21.31 20.36 18.51 25.47 31.89 31.82 33.34 34.37 28.34 24.35 17.93 15.97 19.85 22.58 21.65 19.54 15.43 19.76 20.00 20.18 14.46 7.26 9.74 21.23 22.33 11.65 10.77 17.21 20.31 11.35 10.59 14.16 21.97 23.78 23.80 25.14 26.49 18.20 15.62 18.95 21.03 18.09 16.11 17.16 16.75 17.00 17.90 16.35 18.43 15.95 15.91 18.93 37.32 24.33 11.90 16.18 16.87 18.98 9.09 6.63 5.93 9.63 18.70 7.63 8.33 13.83
18.20 13.80 16.51 28.95 31.10 24.43 23.17 24.77 21.10 23.24 27.05 28.65 30.94 33.40 26.34 21.87 19.92 15.72 17.43 23.46 34.29 30.22 24.26 27.85 26.82 29.18 24.12 17.53 13.24 9.87 12.73 20.22 26.51 22.23 19.67 23.19 17.20 14.36 13.20 20.76 31.55 30.00 24.97 22.80 19.67 21.35 26.40 24.30 24.01 22.96 20.71 18.58 18.87 16.19 14.57 24.93 27.11 20.10 29.35 24.14 24.87 15.36 12.49 26.11 28.70 33.13 34.30 17.95 8.17 13.66 29.35 15.01 7.13
20.43 29.85 34.82 47.76 43.37 33.19 30.93 29.27 29.04 35.82 37.53 32.16 34.43 39.41 31.21 23.48 17.84 17.39 23.54 32.11 40.86 40.01 41.50 42.24 42.30 35.13 28.09 22.33 17.26 12.28 15.76 26.51 29.58 20.66 15.91 20.26 18.88 17.70 11.55 11.75 24.10 36.53 37.85 33.52 24.79 28.28 29.69 23.06 23.71 23.83 36.33 36.50 28.23 23.62 32.12 30.93 19.86 12.93 17.07 18.15 18.40 14.61 13.07 11.28 15.60 17.87 17.58 21.52 26.86 28.33 18.08 4.14 5.62
21.01 29.05 38.02 42.03 40.02 40.99 39.99 43.97 42.98 43.02 38.02 35.99 34.00 32.05 31.02 25.99 29.97 27.93 30.95 35.96 49.95 58.97 50.01 49.03 42.05 31.02 29.03 24.01 16.00 17.96 23.95 29.99 27.00 17.97 14.98 16.02 22.98 19.95 19.94 19.96 15.98 18.05 27.06 33.00 33.95 36.97 37.99 28.97 32.98 31.99 28.06 36.05 35.03 24.99 42.01 27.03 16.98 9.94 7.96 5.97 13.98 20.00 20.02 31.97 31.00 12.97 15.97 24.97 35.02 17.09 4.02 4.96 8.00
29.06 22.92 29.71 40.29 42.05 40.93 38.30 46.63 45.37 39.01 36.11 35.43 30.86 26.43 27.10 27.82 38.59 43.52 44.06 46.89 53.77 53.77 44.79 36.70 32.77 25.61 19.42 21.18 20.48 27.22 35.98 33.62 33.86 30.72 19.45 13.91 27.71 36.60 29.31 23.70 22.99 15.86 18.54 34.62 45.03 44.91 37.27 34.67 31.09 30.70 26.48 26.28 25.05 24.49 23.27 17.24 35.66 42.51 34.59 36.92 25.17 18.06 13.62 19.45 13.12 21.50 27.20 18.18 11.84 2.64 6.29 13.44 10.35
31.88 27.15 25.41 38.02 40.65 42.98 50.30 48.83 41.36 36.55 39.70 37.84 38.04 36.59 36.91 39.60 50.09 48.16 47.04 44.45 45.70 45.88 41.04 39.24 29.70 21.21 21.43 26.44 31.45 31.74 42.42 36.82 39.37 36.07 25.28 35.82 47.78 43.16 38.35 32.51 29.26 20.78 33.23 39.64 39.55 42.76 36.19 35.27 39.04 39.55 39.06 30.82 26.83 26.06 20.66 21.36 31.43 33.13 26.70 21.08 32.06 36.57 39.60 31.31 11.65 8.36 14.96 7.33 10.81 17.68 9.76 15.95 29.87
37.89 34.10 32.07 44.21 46.61 52.90 57.55 49.65 42.14 38.13 45.45 45.03 44.13 40.81 44.78 45.56 47.77 51.62 47.93 43.96 40.11 38.75 37.47 32.78 27.64 25.79 25.21 32.65 41.35 40.77 44.56 41.92 34.17 29.38 35.11 50.67 51.98 47.74 43.24 33.25 28.20 31.44 34.29 39.89 38.98 36.78 35.97 43.06 45.73 43.90 42.53 37.87 31.12 25.93 27.92 55.91 47.23 42.44 33.38 40.20 38.85 24.67 29.74 22.49 8.74 4.08 3.15 4.81 28.79 50.24 41.35 26.64 17.55
55.95 48.42 41.76 44.95 53.03 61.73 59.16 51.74 47.64 58.14 62.97 54.84 53.80 52.66 52.06 52.03 51.17 51.54 47.58 42.56 36.23 32.66 29.78 25.27 23.01 25.59 34.39 42.13 44.94 49.69 48.49 42.54 35.98 45.70 56.72 48.14 53.39 51.96 38.77 30.03 31.99 41.61 50.52 44.58 37.98 39.17 40.92 41.72 42.11 35.93 31.82 27.10 28.48 28.64 24.06 39.09 47.57 23.41 18.00 38.05 45.05 33.52 28.82 43.07 32.20 17.58 11.65 5.80 2.58 19.68 28.34 20.11 19.24
63.96 54.95 45.92 45.96 54.95 58.02 56.99 55.96 54.92 65.90 64.99 60.96 58.95 56.94 55.01 52.02 52.03 48.12 43.10 37.09 33.01 33.99 35.97 37.90 35.87 36.83 43.94 46.96 52.97 49.09 44.09 39.03 46.94 60.03 59.05 51.03 44.14 38.18 25.03 34.92 47.92 54.92 60.06 38.99 34.90 39.90 39.99 40.96 46.90 46.93 23.06 16.98 15.99 27.96 35.93 44.99 35.97 21.91 14.91 25.95 21.08 22.81 51.80 74.34 45.12 42.01 42.00 9.85 22.73 31.98 36.15 26.07 17.04
66.18 60.33 55.37 54.57 60.43 61.68 62.69 63.65 57.74 65.82 66.16 67.15 65.33 59.69 48.50 45.64 45.41 38.26 35.88 32.97 36.16 36.71 37.80 41.54 43.68 49.24 50.22 52.76 48.58 42.55 39.90 45.08 50.90 52.24 54.68 48.27 35.45 27.84 33.59 41.56 51.73 54.78 48.75 46.35 53.67 54.77 39.93 45.61 51.67 31.02 18.44 32.42 37.87 45.00 37.94 43.34 48.96 30.98 28.11 34.73 27.25 56.25 42.90 27.02 28.02 23.53 24.12 34.06 34.49 26.70 31.79 17.84 8.95
68.16 61.85 58.97 64.42 68.45 63.69 62.22 69.26 75.01 79.23 77.20 71.33 57.58 53.75 51.85 46.95 46.38 42.46 38.95 40.20 42.06 43.59 40.06 46.34 55.14 50.80 50.50 50.92 48.98 45.84 48.83 53.63 52.38 63.33 59.22 40.85 38.25 42.87 47.21 50.66 48.17 51.48 51.11 54.92 55.01 54.83 43.87 37.28 31.98 20.46 22.09 36.96 61.87 45.51 40.14 52.85 50.11 46.57 40.63 44.30 39.93 40.48 26.47 31.30 19.69 24.23 59.87 49.26 36.70 56.11 63.93 30.22 15.39
70.80 65.98 64.75 69.47 72.35 68.99 68.07 78.69 83.20 78.86 70.65 67.04 60.18 54.96 52.64 52.15 47.45 36.34 34.71 40.28 44.20 48.39 54.75 53.91 58.28 58.13 51.16 53.73 53.59 54.20 58.85 60.05 55.95 51.98 39.54 46.01 47.92 50.48 53.63 52.66 48.97 53.06 51.48 57.68 51.05 43.87 36.28 25.72 21.70 26.20 36.63 51.47 43.83 36.81 39.59 50.26 60.15 61.35 57.00 67.01 31.49 18.97 15.50 17.25 35.64 67.89 74.67 74.02 61.72 39.16 35.93 31.19 40.08
69.36 63.70 63.99 65.05 65.82 70.82 77.34 82.98 82.88 76.03 69.02 60.57 54.80 49.22 61.25 60.69 51.84 45.20 45.85 46.88 46.50 51.23 56.04 57.39 59.19 60.26 53.75 54.03 60.58 57.37 54.99 54.86 50.88 48.46 46.27 51.01 58.48 56.53 56.33 60.44 64.83 67.46 61.80 49.96 42.63 36.14 29.05 22.54 32.40 49.37 54.59 47.62 53.31 52.89 48.94 50.84 46.78 59.07 50.86 62.29 53.30 39.78 41.65 31.10 41.85 50.61 40.99 32.33 26.05 19.33 27.15 42.23 25.55
74.92 72.68 67.69 72.82 80.77 80.93 85.96 83.07 77.13 71.16 66.09 59.97 59.90 65.55 67.88 62.94 51.91 44.83 51.90 51.92 53.91 57.86 63.76 69.74 65.89 61.87 63.82 62.84 63.98 59.90 53.87 43.92 41.83 50.72 54.79 58.98 63.04 60.99 63.07 65.18 58.15 59.25 61.34 47.14 38.10 36.99 24.98 30.70 41.86 60.55 68.90 70.91 63.23 47.96 47.77 50.01 59.90 66.22 44.29 46.48 43.42 36.86 56.56 54.87 50.15 43.35 29.31 9.08 8.97 18.65 44.98 21.88 25.31
76.12 84.14 80.88 79.50 85.31 81.88 86.43 83.18 74.35 65.44 65.82 67.33 68.52 73.96 72.15 66.34 58.87 55.26 55.13 55.31 55.64 59.72 71.78 70.74 70.69 70.38 67.81 67.93 61.31 60.16 59.02 57.98 59.38 63.14 66.31 66.08 61.55 54.99 52.37 52.20 51.37 48.81 47.30 44.66 37.50 29.50 28.46 46.72 51.44 29.57 69.27 69.81 50.95 60.78 69.28 57.89 53.14 43.79 38.58 43.47 48.66 61.86 71.66 63.30 39.89 22.27 22.60 13.63 12.83 23.45 22.03 44.10 54.38
74.76 81.37 86.37 79.40 81.27 87.37 83.42 82.73 76.10 66.31 72.25 83.23 82.64 79.53 78.03 66.96 62.52 58.90 57.87 57.76 61.54 76.17 72.68 73.73 75.75 69.50 67.23 65.79 61.00 62.30 60.54 58.13 70.23 66.01 58.03 53.45 47.83 41.52 38.27 43.91 41.35 43.23 47.23 38.18 28.42 31.90 45.79 42.89 49.38 61.52 76.02 81.34 69.48 71.39 69.27 52.34 37.87 42.14 24.65 45.83 69.61 74.12 66.22 44.73 35.23 55.44 42.10 24.46 16.54 17.38 20.61 50.65 58.85
70.01 73.42 79.97 84.17 86.77 86.13 83.39 89.37 82.60 77.20 81.09 89.09 87.34 81.12 74.02 68.42 60.90 53.77 56.21 59.82 71.65 85.40 83.50 79.38 80.04 76.68 74.49 72.91 70.89 71.65 66.92 63.82 64.09 54.77 48.98 47.85 40.92 37.80 39.56 41.39 41.36 41.52 37.14 29.97 28.37 29.59 35.92 43.74 63.83 72.09 60.18 68.74 80.71 59.23 36.84 50.66 47.43 47.82 42.63 69.03 78.31 68.51 39.10 38.38 53.41 43.40 27.81 19.93 22.32 20.93 25.16 50.48 67.57
60.36 61.88 69.47 78.14 85.04 89.37 91.82 87.84 83.70 81.39 85.90 88.88 86.24 82.70 63.79 55.22 64.89 66.38 69.62 78.36 84.65 89.39 89.05 85.73 82.00 79.12 82.53 79.12 70.95 63.04 56.08 52.87 46.20 47.83 51.69 49.12 52.08 52.95 52.44 50.84 44.38 41.11 43.83 41.51 36.77 30.44 34.72 56.55 83.77 74.42 56.20 53.87 46.02 39.51 34.20 29.08 24.12 52.97 58.72 49.42 49.67 40.82 32.60 31.78 39.94 49.87 33.30 5.42 6.78 14.29 14.26 40.47 63.14
38.33 41.34 52.58 65.41 72.38 77.33 83.15 86.97 91.70 92.60 93.72 88.92 85.93 84.85 71.51 65.56 65.99 75.79 81.69 87.53 94.62 91.95 86.05 85.09 85.21 79.25 71.36 66.33 61.17 47.00 45.77 55.61 57.44 60.72 64.69 64.53 67.78 61.09 51.31 42.26 39.19 45.90 42.93 39.08 37.94 39.52 51.17 86.08 90.34 83.99 54.21 42.07 33.78 28.19 22.49 27.22 45.78 53.06 54.25 23.85 25.05 21.23 28.81 35.06 39.31 50.93 25.29 7.72 4.70 5.04 7.86 45.50 49.96
41.02 38.88 38.97 52.54 64.26 72.76 78.56 84.74 91.64 99.61 100.24 94.61 88.13 85.04 83.83 78.53 77.96 90.97 100.41 105.64 99.57 90.03 81.51 77.21 74.30 72.03 69.38 63.05 61.29 59.03 57.00 66.08 74.53 69.73 67.48 66.70 62.66 51.81 43.83 39.89 28.47 36.25 49.62 42.89 44.71 70.29 81.04 67.25 77.33 71.07 49.90 42.48 43.91 35.31 14.15 23.85 48.60 74.33 64.66 32.18 31.05 31.67 47.89 69.32 62.19 59.50 51.27 24.30 16.12 10.84 19.33 63.23 55.70
51.10 42.82 35.39 42.18 57.02 62.99 68.36 73.40 85.11 94.40 97.65 97.32 97.92 98.38 91.69 87.09 92.71 99.39 104.97 97.93 91.55 83.54 77.95 76.08 78.74 78.60 74.55 71.23 70.18 69.76 67.71 76.02 77.88 75.56 62.72 53.46 57.72 60.98 54.99 40.46 29.14 39.58 63.08 67.80 64.06 81.85 82.83 88.24 73.59 46.17 35.79 34.38 38.20 47.26 36.96 78.32 86.01 47.71 37.38 33.94 44.58 31.73 46.27 51.59 26.88 44.27 53.84 28.33 14.82 16.41 34.30 62.58 58.10
50.03 47.62 35.42 43.54 52.24 55.56 62.77 69.73 76.39 89.54 100.48 104.54 103.41 106.18 97.90 103.10 107.18 98.68 97.33 95.72 92.98 85.61 81.87 78.08 76.26 72.92 68.50 68.41 70.71 78.72 76.37 72.67 73.80 68.33 62.39 57.71 63.14 65.27 59.57 49.06 41.12 55.62 72.84 85.48 101.30 84.55 69.70 57.25 45.39 41.69 22.80 36.47 34.82 44.29 70.75 85.36 59.69 50.06 37.95 33.81 33.28 46.57 70.66 48.07 56.62 57.75 39.59 34.11 26.02 29.32 31.07 51.23 58.50
57.39 57.05 44.88 37.01 43.93 53.21 61.81 69.12 79.00 85.55 92.65 96.93 93.48 98.61 104.63 104.32 98.12 96.26 97.21 100.39 97.60 89.03 83.32 85.11 81.54 73.70 76.52 84.97 95.65 94.55 81.90 64.73 68.31 75.20 79.66 75.36 69.90 64.48 56.08 49.62 48.45 65.29 89.60 102.09 88.63 76.47 57.29 43.75 39.89 40.55 24.30 50.30 65.62 83.04 78.95 60.29 52.47 36.18 30.27 30.23 53.44 63.05 52.07 43.86 46.18 55.98 34.93 42.67 34.22 25.59 22.74 45.59 62.99
51.41 66.30 58.34 44.54 38.86 46.33 58.34 70.54 71.61 74.61 76.50 75.50 86.07 97.98 106.19 105.06 99.78 98.59 100.74 98.08 92.17 87.80 85.73 88.87 89.70 87.61 88.83 96.29 89.51 87.39 76.26 68.80 63.91 74.93 86.07 85.12 75.26 65.24 56.94 50.69 60.54 76.60 76.47 59.06 52.97 52.50 52.05 54.24 43.80 41.52 47.11 77.65 84.39 67.92 49.80 43.79 55.90 41.15 44.10 42.19 46.69 43.16 45.78 52.99 71.15 62.52 52.02 41.92 37.08 30.86 28.78 50.81 70.77
86.59 88.08 75.78 60.34 50.33 42.32 48.93 55.31 62.84 63.93 68.92 76.19 86.12 94.86 97.61 99.25 104.75 108.71 102.17 94.76 89.48 92.97 97.04 99.47 95.58 89.78 84.81 77.85 75.35 75.22 71.92 77.78 75.38 74.17 80.40 83.50 73.04 64.60 60.53 62.24 71.24 82.28 67.64 60.66 76.77 73.34 62.68 51.84 48.88 62.35 73.68 73.90 67.95 57.37 46.15 43.51 54.21 58.25 63.27 63.99 51.25 38.62 37.38 50.51 62.10 54.37 72.12 57.68 40.25 33.21 37.96 54.66 66.97
