Instances/EnglishChannel/GMRTv3_3_20170610topo.asc
ncols 622
nrows 391
xllcorner 0.826171875
yllcorner 50.63761674541395
cellsize 0.002197265625
nodata_value -2147483648
[rows 0 to 32 of 391, columns 146 to 218 of 622]
-7.41 -7.56 -7.63 -7.58 -7.45 -7.30 -7.16 -7.03 -6.90 -6.78 -6.70 -6.69 -6.72 -6.77 -6.81 -6.83 -6.83 -6.85 -6.91 -7.04 -7.23 -7.40 -7.48 -7.40 -7.21 -7.05 -7.04 -7.28 -7.67 -8.09 -8.40 -8.55 -8.63 -8.66 -8.69 -8.72 -8.73 -8.75 -8.77 -8.80 -8.82 -8.87 -8.99 -9.21 -9.49 -9.80 -10.06 -10.30 -10.53 -10.71 -10.81 -10.82 -10.74 -10.61 -10.45 -10.24 -9.97 -9.71 -9.48 -9.32 -9.18 -9.07 -8.99 -8.96 -8.97 -8.99 -9.01 -9.02 -9.02 -9.04 -9.06 -9.08 -9.10
-7.34 -7.56 -7.69 -7.70 -7.63 -7.53 -7.45 -7.36 -7.27 -7.18 -7.13 -7.11 -7.12 -7.14 -7.16 -7.15 -7.13 -7.13 -7.19 -7.37 -7.61 -7.85 -7.98 -7.93 -7.77 -7.62 -7.61 -7.83 -8.19 -8.56 -8.83 -8.95 -9.00 -9.00 -9.01 -9.01 -9.00 -8.99 -8.99 -9.01 -9.04 -9.09 -9.20 -9.38 -9.63 -9.90 -10.14 -10.37 -10.60 -10.80 -10.91 -10.91 -10.84 -10.71 -10.55 -10.33 -10.06 -9.78 -9.54 -9.35 -9.19 -9.05 -8.97 -8.95 -8.99 -9.05 -9.09 -9.10 -9.11 -9.12 -9.13 -9.15 -9.18
-7.29 -7.54 -7.71 -7.77 -7.77 -7.73 -7.69 -7.64 -7.59 -7.53 -7.49 -7.47 -7.46 -7.47 -7.47 -7.45 -7.41 -7.41 -7.47 -7.66 -7.94 -8.21 -8.37 -8.36 -8.24 -8.12 -8.11 -8.29 -8.58 -8.87 -9.08 -9.17 -9.19 -9.18 -9.17 -9.16 -9.13 -9.11 -9.11 -9.12 -9.14 -9.18 -9.27 -9.42 -9.62 -9.84 -10.05 -10.27 -10.50 -10.70 -10.82 -10.84 -10.78 -10.67 -10.52 -10.32 -10.07 -9.80 -9.58 -9.38 -9.19 -9.04 -8.95 -8.95 -9.03 -9.13 -9.20 -9.23 -9.25 -9.27 -9.30 -9.35 -9.40
-7.26 -7.51 -7.70 -7.79 -7.84 -7.86 -7.86 -7.85 -7.82 -7.78 -7.75 -7.74 -7.73 -7.72 -7.72 -7.70 -7.67 -7.67 -7.74 -7.93 -8.20 -8.47 -8.65 -8.68 -8.62 -8.55 -8.55 -8.66 -8.83 -9.00 -9.13 -9.18 -9.19 -9.17 -9.16 -9.15 -9.13 -9.12 -9.11 -9.11 -9.11 -9.14 -9.20 -9.30 -9.45 -9.61 -9.78 -9.98 -10.20 -10.41 -10.53 -10.57 -10.54 -10.46 -10.35 -10.20 -10.00 -9.78 -9.58 -9.39 -9.19 -9.02 -8.94 -8.97 -9.09 -9.23 -9.34 -9.41 -9.46 -9.52 -9.58 -9.67 -9.78
-7.23 -7.46 -7.64 -7.76 -7.86 -7.93 -7.98 -7.99 -7.98 -7.95 -7.93 -7.93 -7.92 -7.92 -7.92 -7.92 -7.90 -7.92 -7.99 -8.16 -8.41 -8.65 -8.82 -8.89 -8.90 -8.89 -8.89 -8.93 -8.98 -9.03 -9.06 -9.08 -9.07 -9.06 -9.05 -9.05 -9.04 -9.04 -9.03 -9.02 -9.00 -8.99 -9.02 -9.07 -9.15 -9.26 -9.39 -9.56 -9.77 -9.96 -10.10 -10.16 -10.18 -10.15 -10.10 -10.01 -9.87 -9.72 -9.57 -9.39 -9.18 -9.01 -8.93 -9.00 -9.15 -9.34 -9.50 -9.62 -9.72 -9.83 -9.94 -10.09 -10.26
-7.18 -7.36 -7.52 -7.66 -7.79 -7.91 -7.99 -8.03 -8.04 -8.03 -8.02 -8.02 -8.02 -8.01 -8.03 -8.05 -8.09 -8.14 -8.23 -8.39 -8.59 -8.79 -8.94 -9.01 -9.05 -9.06 -9.07 -9.10 -9.12 -9.14 -9.14 -9.12 -9.09 -9.05 -9.02 -9.01 -9.01 -9.00 -8.99 -8.94 -8.88 -8.83 -8.81 -8.83 -8.87 -8.94 -9.03 -9.16 -9.33 -9.50 -9.64 -9.74 -9.81 -9.86 -9.87 -9.84 -9.77 -9.67 -9.56 -9.39 -9.18 -9.00 -8.93 -9.02 -9.22 -9.46 -9.67 -9.84 -10.01 -10.17 -10.33 -10.52 -10.71
-7.09 -7.20 -7.32 -7.46 -7.63 -7.78 -7.90 -7.96 -7.99 -7.99 -8.00 -8.01 -8.00 -8.00 -8.03 -8.11 -8.22 -8.35 -8.47 -8.60 -8.75 -8.88 -8.98 -9.03 -9.04 -9.05 -9.07 -9.14 -9.23 -9.31 -9.34 -9.30 -9.21 -9.11 -9.04 -9.01 -9.01 -9.00 -8.97 -8.88 -8.76 -8.65 -8.58 -8.56 -8.58 -8.63 -8.69 -8.77 -8.88 -8.99 -9.11 -9.25 -9.41 -9.56 -9.65 -9.68 -9.67 -9.62 -9.54 -9.39 -9.18 -9.00 -8.95 -9.07 -9.30 -9.58 -9.84 -10.08 -10.33 -10.57 -10.77 -10.96 -11.13
-7.02 -7.06 -7.15 -7.29 -7.47 -7.66 -7.81 -7.89 -7.95 -7.98 -8.01 -8.02 -8.00 -7.99 -8.03 -8.16 -8.33 -8.52 -8.67 -8.78 -8.87 -8.94 -9.00 -9.03 -9.03 -9.04 -9.09 -9.21 -9.37 -9.52 -9.58 -9.51 -9.36 -9.19 -9.06 -9.00 -8.98 -8.96 -8.89 -8.76 -8.58 -8.41 -8.30 -8.26 -8.26 -8.28 -8.33 -8.38 -8.45 -8.55 -8.68 -8.87 -9.12 -9.36 -9.52 -9.60 -9.64 -9.62 -9.56 -9.41 -9.18 -8.98 -8.93 -9.06 -9.32 -9.64 -9.96 -10.28 -10.62 -10.96 -11.22 -11.41 -11.55
-6.99 -7.00 -7.06 -7.20 -7.39 -7.60 -7.77 -7.89 -8.00 -8.08 -8.14 -8.14 -8.09 -8.05 -8.08 -8.22 -8.43 -8.64 -8.81 -8.90 -8.96 -9.00 -9.04 -9.08 -9.11 -9.15 -9.23 -9.39 -9.61 -9.79 -9.86 -9.75 -9.52 -9.26 -9.05 -8.95 -8.88 -8.82 -8.71 -8.53 -8.31 -8.10 -7.95 -7.87 -7.84 -7.84 -7.89 -7.96 -8.08 -8.22 -8.41 -8.68 -9.01 -9.33 -9.55 -9.67 -9.72 -9.71 -9.65 -9.46 -9.18 -8.93 -8.84 -8.97 -9.24 -9.59 -9.96 -10.38 -10.87 -11.34 -11.69 -11.89 -11.99
-6.98 -6.96 -7.01 -7.14 -7.34 -7.55 -7.74 -7.91 -8.08 -8.22 -8.31 -8.30 -8.21 -8.13 -8.14 -8.28 -8.50 -8.72 -8.89 -8.98 -9.01 -9.03 -9.07 -9.14 -9.21 -9.29 -9.41 -9.61 -9.88 -10.09 -10.16 -10.00 -9.68 -9.32 -9.04 -8.87 -8.75 -8.64 -8.48 -8.26 -8.00 -7.75 -7.57 -7.46 -7.39 -7.38 -7.44 -7.56 -7.76 -8.01 -8.28 -8.63 -9.04 -9.42 -9.69 -9.83 -9.89 -9.86 -9.77 -9.53 -9.17 -8.85 -8.71 -8.83 -9.10 -9.48 -9.90 -10.43 -11.07 -11.69 -12.13 -12.34 -12.41
-6.96 -6.94 -6.97 -7.10 -7.29 -7.51 -7.72 -7.93 -8.15 -8.35 -8.46 -8.44 -8.32 -8.21 -8.18 -8.31 -8.52 -8.75 -8.91 -8.99 -9.01 -9.03 -9.08 -9.18 -9.31 -9.45 -9.61 -9.84 -10.12 -10.34 -10.39 -10.19 -9.80 -9.37 -9.02 -8.79 -8.62 -8.46 -8.26 -8.01 -7.72 -7.45 -7.24 -7.11 -7.01 -6.99 -7.06 -7.26 -7.57 -7.93 -8.30 -8.72 -9.19 -9.62 -9.91 -10.06 -10.09 -10.04 -9.90 -9.61 -9.17 -8.77 -8.59 -8.68 -8.94 -9.32 -9.79 -10.42 -11.20 -11.95 -12.47 -12.71 -12.75
-6.95 -6.93 -6.97 -7.10 -7.28 -7.49 -7.71 -7.96 -8.25 -8.50 -8.64 -8.61 -8.45 -8.28 -8.22 -8.32 -8.51 -8.71 -8.87 -8.94 -8.97 -9.00 -9.08 -9.23 -9.43 -9.64 -9.84 -10.08 -10.36 -10.57 -10.59 -10.34 -9.90 -9.40 -8.99 -8.71 -8.47 -8.26 -8.02 -7.74 -7.43 -7.15 -6.94 -6.78 -6.66 -6.62 -6.73 -7.03 -7.48 -8.00 -8.48 -8.96 -9.48 -9.93 -10.23 -10.36 -10.36 -10.25 -10.07 -9.70 -9.17 -8.69 -8.44 -8.49 -8.73 -9.12 -9.62 -10.34 -11.26 -12.14 -12.75 -13.00 -13.02
-6.87 -6.85 -6.90 -7.02 -7.20 -7.42 -7.64 -7.90 -8.21 -8.49 -8.64 -8.60 -8.43 -8.24 -8.16 -8.24 -8.41 -8.60 -8.75 -8.82 -8.85 -8.90 -9.00 -9.19 -9.44 -9.70 -9.93 -10.17 -10.42 -10.60 -10.60 -10.34 -9.89 -9.40 -8.98 -8.67 -8.42 -8.17 -7.92 -7.62 -7.31 -7.02 -6.81 -6.65 -6.53 -6.51 -6.65 -7.03 -7.59 -8.20 -8.76 -9.28 -9.80 -10.24 -10.53 -10.62 -10.57 -10.41 -10.17 -9.76 -9.18 -8.65 -8.37 -8.39 -8.61 -8.98 -9.48 -10.24 -11.22 -12.17 -12.81 -13.07 -13.09
-6.63 -6.61 -6.66 -6.79 -7.00 -7.23 -7.45 -7.69 -7.95 -8.18 -8.31 -8.27 -8.13 -7.97 -7.91 -8.01 -8.19 -8.39 -8.54 -8.62 -8.65 -8.70 -8.80 -9.00 -9.26 -9.53 -9.75 -9.95 -10.15 -10.28 -10.27 -10.07 -9.73 -9.35 -9.01 -8.76 -8.54 -8.32 -8.09 -7.80 -7.49 -7.20 -7.00 -6.88 -6.81 -6.83 -7.01 -7.41 -7.98 -8.61 -9.15 -9.63 -10.11 -10.49 -10.72 -10.75 -10.63 -10.41 -10.13 -9.71 -9.16 -8.67 -8.40 -8.42 -8.62 -8.97 -9.44 -10.14 -11.04 -11.92 -12.52 -12.77 -12.81
-6.33 -6.31 -6.36 -6.51 -6.73 -6.97 -7.19 -7.38 -7.57 -7.72 -7.82 -7.79 -7.69 -7.59 -7.57 -7.69 -7.89 -8.11 -8.27 -8.35 -8.39 -8.43 -8.53 -8.73 -8.98 -9.24 -9.44 -9.59 -9.71 -9.78 -9.78 -9.67 -9.48 -9.25 -9.05 -8.89 -8.73 -8.57 -8.38 -8.12 -7.81 -7.53 -7.36 -7.29 -7.29 -7.38 -7.59 -7.99 -8.54 -9.12 -9.62 -10.04 -10.43 -10.73 -10.88 -10.84 -10.65 -10.37 -10.07 -9.68 -9.19 -8.76 -8.53 -8.55 -8.73 -9.04 -9.44 -10.03 -10.80 -11.53 -12.05 -12.28 -12.35
-6.13 -6.12 -6.17 -6.30 -6.49 -6.70 -6.88 -7.03 -7.17 -7.29 -7.36 -7.35 -7.28 -7.23 -7.25 -7.39 -7.60 -7.83 -8.00 -8.09 -8.12 -8.16 -8.25 -8.45 -8.70 -8.95 -9.14 -9.25 -9.32 -9.34 -9.34 -9.30 -9.21 -9.11 -9.01 -8.92 -8.85 -8.75 -8.62 -8.39 -8.11 -7.84 -7.70 -7.67 -7.73 -7.88 -8.13 -8.54 -9.08 -9.64 -10.10 -10.45 -10.76 -10.97 -11.06 -10.99 -10.78 -10.50 -10.21 -9.85 -9.42 -9.04 -8.83 -8.82 -8.94 -9.18 -9.50 -9.98 -10.60 -11.20 -11.63 -11.83 -11.91
-6.00 -6.01 -6.06 -6.15 -6.27 -6.40 -6.52 -6.63 -6.74 -6.83 -6.90 -6.91 -6.88 -6.86 -6.91 -7.07 -7.30 -7.54 -7.72 -7.81 -7.84 -7.87 -7.96 -8.15 -8.40 -8.64 -8.82 -8.90 -8.92 -8.92 -8.92 -8.92 -8.91 -8.90 -8.89 -8.90 -8.91 -8.91 -8.84 -8.66 -8.40 -8.16 -8.04 -8.07 -8.18 -8.38 -8.66 -9.09 -9.64 -10.19 -10.62 -10.91 -11.11 -11.23 -11.26 -11.19 -11.02 -10.79 -10.54 -10.23 -9.86 -9.51 -9.30 -9.24 -9.29 -9.42 -9.63 -9.97 -10.44 -10.90 -11.23 -11.40 -11.47
-5.91 -5.95 -5.99 -6.03 -6.06 -6.10 -6.15 -6.23 -6.32 -6.41 -6.49 -6.51 -6.52 -6.54 -6.61 -6.78 -7.02 -7.26 -7.44 -7.53 -7.56 -7.59 -7.67 -7.86 -8.11 -8.35 -8.52 -8.58 -8.58 -8.55 -8.55 -8.59 -8.63 -8.67 -8.73 -8.80 -8.91 -8.98 -8.99 -8.86 -8.64 -8.44 -8.36 -8.43 -8.59 -8.83 -9.13 -9.57 -10.12 -10.66 -11.05 -11.27 -11.37 -11.40 -11.39 -11.33 -11.22 -11.06 -10.86 -10.60 -10.27 -9.95 -9.72 -9.61 -9.55 -9.57 -9.66 -9.88 -10.21 -10.54 -10.78 -10.90 -10.96
-5.90 -5.97 -6.01 -5.97 -5.89 -5.81 -5.78 -5.83 -5.93 -6.04 -6.14 -6.19 -6.21 -6.26 -6.35 -6.53 -6.76 -7.00 -7.18 -7.26 -7.29 -7.32 -7.41 -7.59 -7.84 -8.08 -8.25 -8.31 -8.31 -8.28 -8.28 -8.32 -8.36 -8.42 -8.50 -8.63 -8.80 -8.96 -9.03 -8.97 -8.81 -8.66 -8.63 -8.73 -8.92 -9.18 -9.50 -9.94 -10.50 -11.03 -11.40 -11.55 -11.57 -11.51 -11.47 -11.45 -11.43 -11.38 -11.25 -11.03 -10.72 -10.41 -10.15 -9.95 -9.78 -9.67 -9.64 -9.74 -9.95 -10.18 -10.33 -10.40 -10.44
-5.90 -6.00 -6.02 -5.92 -5.73 -5.53 -5.43 -5.47 -5.58 -5.72 -5.84 -5.91 -5.96 -6.03 -6.13 -6.31 -6.53 -6.75 -6.92 -7.01 -7.05 -7.08 -7.17 -7.36 -7.60 -7.83 -8.00 -8.07 -8.08 -8.07 -8.08 -8.11 -8.13 -8.17 -8.25 -8.41 -8.63 -8.84 -8.97 -8.98 -8.90 -8.83 -8.85 -8.99 -9.19 -9.46 -9.77 -10.21 -10.74 -11.24 -11.58 -11.66 -11.59 -11.46 -11.38 -11.41 -11.48 -11.53 -11.47 -11.27 -10.97 -10.64 -10.35 -10.07 -9.79 -9.55 -9.41 -9.41 -9.52 -9.66 -9.74 -9.77 -9.78
-5.76 -5.86 -5.88 -5.77 -5.55 -5.34 -5.22 -5.24 -5.33 -5.46 -5.58 -5.67 -5.76 -5.87 -5.99 -6.15 -6.34 -6.53 -6.68 -6.78 -6.85 -6.91 -7.02 -7.18 -7.39 -7.59 -7.75 -7.85 -7.91 -7.95 -7.98 -8.00 -8.00 -8.02 -8.08 -8.20 -8.38 -8.56 -8.71 -8.81 -8.87 -8.94 -9.06 -9.23 -9.45 -9.69 -9.96 -10.31 -10.71 -11.08 -11.30 -11.30 -11.16 -10.98 -10.87 -10.88 -10.95 -10.99 -10.93 -10.72 -10.40 -10.05 -9.72 -9.40 -9.06 -8.76 -8.56 -8.50 -8.55 -8.63 -8.67 -8.67 -8.67
-5.50 -5.57 -5.59 -5.51 -5.37 -5.22 -5.14 -5.14 -5.19 -5.27 -5.36 -5.48 -5.63 -5.78 -5.93 -6.07 -6.20 -6.33 -6.45 -6.57 -6.69 -6.81 -6.93 -7.07 -7.22 -7.37 -7.51 -7.65 -7.78 -7.90 -7.98 -8.01 -7.98 -7.95 -7.96 -7.99 -8.04 -8.12 -8.25 -8.45 -8.72 -9.00 -9.25 -9.48 -9.69 -9.89 -10.07 -10.25 -10.42 -10.55 -10.59 -10.50 -10.31 -10.10 -9.94 -9.87 -9.85 -9.81 -9.68 -9.41 -9.05 -8.67 -8.31 -7.97 -7.63 -7.32 -7.11 -7.03 -7.04 -7.08 -7.10 -7.11 -7.12
-5.26 -5.30 -5.31 -5.27 -5.19 -5.11 -5.07 -5.06 -5.07 -5.10 -5.18 -5.32 -5.51 -5.70 -5.86 -5.98 -6.06 -6.15 -6.26 -6.40 -6.57 -6.74 -6.89 -7.00 -7.10 -7.19 -7.31 -7.47 -7.67 -7.85 -7.97 -8.00 -7.97 -7.92 -7.88 -7.83 -7.77 -7.75 -7.84 -8.12 -8.52 -8.95 -9.29 -9.54 -9.75 -9.90 -9.99 -10.02 -9.98 -9.89 -9.77 -9.59 -9.37 -9.13 -8.92 -8.77 -8.66 -8.53 -8.32 -8.00 -7.61 -7.20 -6.83 -6.49 -6.15 -5.86 -5.66 -5.58 -5.59 -5.63 -5.66 -5.67 -5.69
-5.10 -5.12 -5.11 -5.08 -5.03 -4.98 -4.95 -4.94 -4.94 -4.97 -5.05 -5.19 -5.39 -5.60 -5.76 -5.87 -5.93 -6.00 -6.11 -6.28 -6.50 -6.71 -6.88 -6.97 -7.02 -7.07 -7.16 -7.33 -7.54 -7.74 -7.88 -7.93 -7.93 -7.90 -7.87 -7.78 -7.65 -7.56 -7.61 -7.89 -8.31 -8.75 -9.10 -9.34 -9.52 -9.64 -9.67 -9.58 -9.40 -9.17 -8.94 -8.69 -8.43 -8.16 -7.90 -7.69 -7.50 -7.29 -7.03 -6.69 -6.28 -5.87 -5.50 -5.17 -4.85 -4.58 -4.40 -4.35 -4.40 -4.48 -4.53 -4.55 -4.57
-5.00 -4.99 -4.97 -4.93 -4.88 -4.84 -4.82 -4.82 -4.83 -4.87 -4.94 -5.09 -5.28 -5.48 -5.64 -5.74 -5.81 -5.88 -6.00 -6.20 -6.46 -6.70 -6.89 -6.97 -6.99 -7.00 -7.06 -7.21 -7.41 -7.61 -7.75 -7.84 -7.88 -7.90 -7.88 -7.78 -7.61 -7.48 -7.49 -7.71 -8.07 -8.46 -8.76 -8.95 -9.10 -9.18 -9.15 -8.99 -8.71 -8.38 -8.06 -7.77 -7.47 -7.16 -6.87 -6.59 -6.34 -6.07 -5.77 -5.41 -3.87 -3.59 -3.38 -3.12 -2.85 -3.48 -3.27 -3.27 -3.39 -3.53 -3.62 -3.65 -3.67
-5.00 -4.95 -4.91 -4.84 -4.76 -4.69 -4.66 -4.67 -4.70 -4.77 -4.86 -4.98 -5.15 -5.32 -5.47 -5.58 -5.68 -5.78 -5.93 -6.16 -6.43 -6.70 -6.89 -6.97 -6.97 -6.96 -7.01 -7.12 -7.28 -7.44 -7.57 -7.69 -7.80 -7.88 -7.91 -7.83 -7.68 -7.54 -7.50 -7.63 -7.85 -8.09 -8.27 -8.40 -8.49 -8.53 -8.47 -8.26 -7.95 -7.59 -7.24 -6.92 -6.58 -6.24 -5.91 -5.61 -5.31 -5.01 -4.70 -4.35 -0.43 -0.39 -0.43 -0.45 -0.41 -0.38 -2.50 -2.50 -2.69 -2.91 -3.05 -3.09 -3.09
-5.08 -5.02 -4.93 -4.81 -4.66 -4.53 -4.46 -4.48 -4.57 -4.68 -4.79 -4.89 -5.00 -5.12 -5.25 -5.39 -5.54 -5.71 -5.90 -6.15 -6.44 -6.71 -6.90 -6.99 -6.99 -6.98 -7.04 -7.09 -7.16 -7.24 -7.35 -7.50 -7.69 -7.87 -7.96 -7.92 -7.81 -7.69 -7.60 -7.57 -7.56 -7.54 -7.53 -7.53 -7.55 -7.54 -7.44 -7.23 -6.95 -6.63 -6.32 -6.01 -5.67 -5.36 -5.08 -4.80 -4.52 -4.24 -3.93 -3.61 -0.73 -0.59 -0.50 -0.65 -0.78 -0.63 -0.24 -1.20 -1.18 -2.77 -2.82 -2.87 -2.85
-5.21 -5.11 -4.99 -4.81 -4.60 -4.41 -4.31 -4.33 -4.44 -4.58 -4.69 -4.77 -4.82 -4.90 -5.01 -5.19 -5.41 -5.64 -5.88 -6.14 -6.41 -6.67 -6.86 -6.95 -6.98 -6.99 -6.42 -6.57 -6.68 -6.79 -6.93 -7.17 -7.44 -7.68 -7.95 -8.34 -8.71 -8.91 -8.98 -8.88 -8.74 -8.71 -8.75 -8.86 -9.00 -9.16 -9.26 -9.21 -9.01 -8.59 -7.98 -7.20 -6.19 -4.79 -3.38 -2.36 -1.59 -1.11 -0.83 -0.67 -0.69 -0.67 -0.70 -0.83 -0.96 -1.01 -0.97 -0.77 -0.48 -0.00 -2.44 -2.69 -2.64
-5.38 -5.21 -5.03 -4.82 -4.58 -4.37 -4.24 -4.24 -4.32 -4.44 -4.53 -4.57 -4.58 -4.62 -4.74 -4.97 -5.27 -5.60 -5.88 -6.12 -6.35 -6.55 -6.72 -6.83 -6.91 -6.96 -6.44 -6.56 -6.70 -6.81 -6.95 -7.18 -7.45 -7.72 -7.96 -8.12 -8.26 -8.40 -8.51 -8.51 -8.48 -8.49 -8.50 -8.51 -8.53 -8.58 -8.57 -8.41 -8.09 -7.54 -6.85 -6.14 -5.33 -4.28 -3.23 -2.38 -1.69 -1.23 -0.93 -0.76 -0.68 -0.64 -0.69 -0.92 -1.16 -1.21 -1.17 -1.06 -0.88 -0.64 -0.25 -0.60 -2.45
-5.57 -5.34 -5.11 -4.87 -4.61 -4.38 -4.23 -4.18 -4.30 -4.35 -4.39 -4.38 -4.38 -4.42 -4.55 -4.85 -5.23 -5.60 -5.89 -6.09 -6.25 -6.39 -6.52 -6.62 -6.71 -6.83 -6.61 -6.65 -6.70 -6.79 -6.95 -7.20 -7.46 -7.65 -7.79 -7.91 -8.02 -8.17 -8.29 -8.32 -8.30 -8.21 -8.13 -8.14 -8.13 -7.99 -7.78 -7.58 -7.29 -6.80 -6.19 -5.49 -4.71 -3.87 -3.05 -2.30 -1.70 -1.34 -1.12 -0.95 -0.85 -0.80 -0.85 -1.12 -1.38 -1.40 -1.34 -1.32 -1.26 -1.13 -0.94 -0.65 -0.15
-5.79 -5.51 -5.25 -4.98 -4.69 -4.43 -4.25 -4.14 -4.33 -4.33 -4.35 -4.39 -4.46 -4.54 -4.70 -5.06 -5.46 -5.75 -5.96 -6.09 -6.20 -6.35 -6.48 -6.46 -6.45 -6.59 -6.73 -6.71 -6.70 -6.80 -6.96 -7.16 -7.35 -7.48 -7.60 -7.73 -7.85 -7.94 -8.00 -8.02 -8.00 -7.88 -7.75 -7.71 -7.63 -7.41 -7.12 -6.83 -6.49 -6.05 -5.50 -4.76 -3.99 -3.33 -2.73 -2.18 -1.71 -1.40 -1.20 -1.11 -1.08 -1.05 -1.08 -1.26 -1.46 -1.59 -1.69 -1.78 -1.81 -1.71 -1.56 -1.38 -1.17
-6.03 -5.73 -5.45 -5.15 -4.83 -4.53 -4.19 -4.15 -4.12 -4.10 -4.12 -4.24 -4.40 -4.53 -4.71 -5.04 -5.40 -5.67 -5.90 -6.08 -6.22 -6.32 -6.40 -6.43 -6.46 -6.55 -6.64 -6.67 -6.71 -6.79 -6.90 -7.01 -7.13 -7.23 -7.33 -7.48 -7.59 -7.57 -7.51 -7.53 -7.52 -7.39 -7.21 -7.11 -6.97 -6.71 -6.40 -6.08 -5.70 -5.25 -4.70 -3.97 -3.24 -2.73 -2.31 -1.94 -1.64 -1.41 -1.26 -1.21 -1.20 -1.18 -1.20 -1.29 -1.45 -1.71 -1.99 -2.20 -2.31 -2.24 -2.10 -2.01 -1.92
-6.26 -5.97 -5.68 -5.36 -5.00 -4.65 -4.19 -4.07 -3.94 -3.91 -3.94 -4.03 -4.18 -4.42 -4.69 -4.93 -5.18 -5.43 -5.68 -5.96 -6.18 -6.19 -6.18 -6.31 -6.44 -6.44 -6.44 -6.56 -6.69 -6.68 -6.68 -6.81 -6.93 -6.92 -6.91 -7.05 -7.15 -7.04 -6.90 -6.91 -6.89 -6.65 -6.38 -6.26 -6.11 -5.75 -5.36 -5.13 -4.86 -4.40 -3.86 -3.23 -2.63 -2.23 -1.91 -1.63 -1.44 -1.43 -1.46 -1.33 -1.21 -1.18 -1.21 -1.29 -1.45 -1.67 -1.93 -2.22 -2.44 -2.49 -2.47 -2.48 -2.49
