Instances/EnglishChannel/GMRTv3_3_20170610topo.asc
ncols 622
nrows 391
xllcorner 0.826171875
yllcorner 50.63761674541395
cellsize 0.002197265625
nodata_value -2147483648
[rows 198 to 230 of 391, columns 219 to 291 of 622]
-23.69 -23.84 -24.00 -24.15 -24.31 -24.42 -24.39 -24.32 -24.25 -24.23 -24.31 -24.42 -24.50 -24.58 -24.70 -24.83 -24.96 -25.08 -25.23 -25.35 -25.34 -25.33 -25.42 -25.58 -25.83 -26.11 -26.33 -26.60 -27.02 -27.47 -27.82 -28.13 -28.42 -28.72 -29.07 -29.41 -29.67 -29.97 -30.43 -30.88 -31.15 -31.29 -31.29 -31.12 -30.67 -30.19 -29.91 -29.69 -29.41 -29.17 -29.11 -29.10 -29.07 -29.03 -28.95 -28.93 -29.09 -29.35 -29.64 -30.08 -30.69 -31.70 -33.44 -35.61 -38.19 -40.74 -42.74 -44.33 -45.41 -46.12 -46.49 -46.79 -47.39
-23.46 -23.57 -23.69 -23.80 -23.86 -23.91 -23.97 -24.04 -24.15 -24.28 -24.39 -24.53 -24.72 -24.91 -25.04 -25.16 -25.29 -25.41 -25.47 -25.53 -25.58 -25.66 -25.77 -25.92 -26.10 -26.31 -26.55 -26.82 -27.12 -27.45 -27.85 -28.23 -28.48 -28.71 -29.02 -29.35 -29.62 -29.95 -30.49 -30.98 -31.17 -31.20 -31.09 -30.82 -30.32 -29.79 -29.44 -29.18 -28.94 -28.79 -28.76 -28.80 -28.86 -28.93 -28.96 -29.04 -29.25 -29.54 -29.86 -30.37 -31.20 -32.43 -34.28 -36.53 -39.23 -41.84 -43.79 -45.26 -46.17 -46.72 -46.97 -47.19 -47.72
-23.25 -23.38 -23.51 -23.62 -23.67 -23.72 -23.82 -23.98 -24.24 -24.51 -24.66 -24.81 -25.07 -25.33 -25.47 -25.57 -25.71 -25.82 -25.84 -25.86 -25.95 -26.07 -26.17 -26.27 -26.37 -26.51 -26.71 -26.95 -27.18 -27.44 -27.78 -28.13 -28.40 -28.64 -28.90 -29.19 -29.55 -29.96 -30.46 -30.90 -31.12 -31.15 -30.96 -30.63 -30.17 -29.68 -29.26 -28.92 -28.75 -28.68 -28.65 -28.68 -28.79 -28.94 -29.08 -29.25 -29.47 -29.79 -30.22 -30.91 -32.05 -33.60 -35.62 -37.95 -40.61 -43.12 -44.94 -46.22 -46.79 -47.02 -47.26 -47.52 -47.98
-23.05 -23.19 -23.30 -23.45 -23.70 -23.95 -24.08 -24.21 -24.44 -24.71 -24.96 -25.21 -25.48 -25.71 -25.85 -25.97 -26.09 -26.22 -26.36 -26.47 -26.49 -26.47 -26.45 -26.46 -26.57 -26.71 -26.82 -26.96 -27.19 -27.45 -27.70 -27.95 -28.18 -28.44 -28.80 -29.19 -29.57 -29.94 -30.34 -30.69 -30.89 -30.94 -30.75 -30.44 -30.09 -29.70 -29.29 -28.95 -28.77 -28.70 -28.66 -28.70 -28.79 -28.95 -29.18 -29.46 -29.78 -30.22 -30.82 -31.74 -33.17 -35.02 -37.31 -39.79 -42.29 -44.51 -46.02 -46.98 -47.21 -47.21 -47.41 -47.71 -48.18
-23.04 -23.18 -23.42 -23.66 -23.80 -23.94 -24.16 -24.41 -24.65 -24.91 -25.16 -25.41 -25.66 -25.91 -26.16 -26.38 -26.51 -26.61 -26.76 -26.87 -26.88 -26.86 -26.86 -26.86 -26.84 -26.89 -27.11 -27.37 -27.50 -27.64 -27.89 -28.15 -28.28 -28.43 -28.67 -28.98 -29.35 -29.74 -30.15 -30.49 -30.68 -30.74 -30.66 -30.45 -30.11 -29.70 -29.28 -28.93 -28.76 -28.68 -28.64 -28.68 -28.87 -29.15 -29.48 -29.86 -30.27 -30.81 -31.47 -32.49 -34.22 -36.38 -38.96 -41.57 -43.86 -45.72 -46.81 -47.39 -47.47 -47.41 -47.57 -47.89 -48.49
-23.23 -23.36 -23.52 -23.69 -23.88 -24.09 -24.34 -24.60 -24.85 -25.10 -25.35 -25.60 -25.85 -26.10 -26.37 -26.62 -26.84 -27.03 -27.18 -27.28 -27.29 -27.28 -27.28 -27.28 -27.25 -27.26 -27.42 -27.62 -27.82 -28.01 -28.19 -28.35 -28.48 -28.61 -28.75 -28.93 -29.21 -29.54 -29.94 -30.30 -30.49 -30.55 -30.48 -30.30 -30.02 -29.70 -29.38 -29.11 -28.95 -28.86 -28.80 -28.84 -29.03 -29.34 -29.74 -30.25 -30.81 -31.53 -32.44 -33.73 -35.69 -38.06 -40.79 -43.40 -45.37 -46.78 -47.41 -47.62 -47.62 -47.60 -47.87 -48.27 -48.80
-23.32 -23.45 -23.60 -23.79 -24.04 -24.30 -24.55 -24.80 -25.06 -25.32 -25.57 -25.82 -26.08 -26.33 -26.58 -26.83 -27.11 -27.35 -27.50 -27.58 -27.60 -27.58 -27.58 -27.58 -27.56 -27.57 -27.64 -27.79 -28.05 -28.32 -28.46 -28.55 -28.63 -28.71 -28.83 -28.98 -29.14 -29.35 -29.69 -30.01 -30.19 -30.26 -30.22 -30.10 -29.93 -29.71 -29.45 -29.20 -29.03 -28.95 -28.95 -29.05 -29.29 -29.64 -30.11 -30.72 -31.52 -32.54 -33.78 -35.39 -37.63 -40.13 -42.70 -45.00 -46.57 -47.56 -47.85 -47.82 -47.78 -47.80 -48.11 -48.55 -49.11
-23.35 -23.49 -23.73 -24.00 -24.25 -24.50 -24.76 -25.01 -25.24 -25.46 -25.72 -25.97 -26.20 -26.42 -26.67 -26.92 -27.18 -27.42 -27.60 -27.72 -27.73 -27.71 -27.71 -27.71 -27.72 -27.76 -27.88 -28.06 -28.29 -28.51 -28.67 -28.77 -28.74 -28.70 -28.77 -28.87 -28.97 -29.11 -29.33 -29.54 -29.69 -29.79 -29.85 -29.85 -29.78 -29.66 -29.46 -29.25 -29.08 -28.99 -29.05 -29.24 -29.57 -30.04 -30.64 -31.44 -32.52 -33.83 -35.33 -37.16 -39.64 -42.21 -44.44 -46.27 -47.45 -48.09 -48.14 -47.96 -47.92 -47.99 -48.31 -48.78 -49.42
-23.56 -23.70 -23.94 -24.20 -24.45 -24.70 -24.97 -25.20 -25.32 -25.45 -25.70 -25.94 -26.07 -26.19 -26.43 -26.69 -26.94 -27.19 -27.47 -27.69 -27.73 -27.70 -27.68 -27.70 -27.79 -27.95 -28.20 -28.45 -28.59 -28.70 -28.85 -28.95 -28.85 -28.70 -28.54 -28.44 -28.53 -28.69 -28.81 -28.93 -29.06 -29.18 -29.33 -29.44 -29.46 -29.44 -29.46 -29.45 -29.31 -29.20 -29.25 -29.45 -29.85 -30.46 -31.35 -32.47 -33.75 -35.22 -36.84 -38.73 -41.23 -43.72 -45.70 -47.21 -48.08 -48.45 -48.26 -47.95 -47.98 -48.20 -48.66 -49.21 -49.74
-23.64 -23.90 -24.15 -24.40 -24.67 -24.91 -25.07 -25.19 -25.32 -25.45 -25.59 -25.74 -25.85 -25.98 -26.21 -26.48 -26.73 -26.98 -27.26 -27.50 -27.64 -27.71 -27.70 -27.70 -27.78 -27.94 -28.20 -28.47 -28.63 -28.73 -28.78 -28.77 -28.68 -28.53 -28.27 -28.04 -28.01 -28.08 -28.20 -28.34 -28.45 -28.59 -28.83 -29.06 -29.19 -29.26 -29.25 -29.24 -29.29 -29.40 -29.54 -29.83 -30.43 -31.25 -32.26 -33.46 -34.84 -36.42 -38.17 -40.13 -42.50 -44.77 -46.48 -47.68 -48.18 -48.27 -48.11 -47.96 -48.19 -48.61 -49.20 -49.81 -50.25
-23.81 -24.10 -24.36 -24.60 -24.78 -24.94 -25.16 -25.35 -25.40 -25.43 -25.54 -25.67 -25.78 -25.92 -26.15 -26.42 -26.68 -26.93 -27.12 -27.28 -27.42 -27.54 -27.61 -27.70 -27.90 -28.12 -28.23 -28.31 -28.37 -28.40 -28.44 -28.41 -28.23 -28.00 -27.80 -27.64 -27.61 -27.63 -27.66 -27.73 -27.82 -27.98 -28.22 -28.49 -28.70 -28.89 -29.04 -29.18 -29.35 -29.58 -29.91 -30.39 -31.12 -32.05 -33.17 -34.47 -35.98 -37.66 -39.49 -41.42 -43.48 -45.34 -46.61 -47.45 -47.83 -47.92 -47.83 -47.81 -48.25 -48.88 -49.60 -50.28 -50.70
-24.02 -24.30 -24.57 -24.81 -24.92 -25.02 -25.23 -25.43 -25.49 -25.52 -25.63 -25.77 -25.88 -26.02 -26.26 -26.53 -26.75 -26.93 -27.07 -27.18 -27.30 -27.43 -27.55 -27.70 -27.93 -28.13 -28.15 -28.11 -28.11 -28.11 -28.09 -28.01 -27.75 -27.46 -27.31 -27.22 -27.20 -27.22 -27.20 -27.22 -27.31 -27.47 -27.69 -27.96 -28.27 -28.58 -28.88 -29.18 -29.50 -29.88 -30.36 -30.98 -31.83 -32.85 -34.03 -35.38 -36.89 -38.56 -40.47 -42.37 -44.03 -45.42 -46.39 -47.02 -47.30 -47.40 -47.43 -47.60 -48.20 -48.98 -49.81 -50.58 -51.09
-24.23 -24.50 -24.73 -24.95 -25.13 -25.28 -25.40 -25.52 -25.65 -25.78 -25.91 -26.03 -26.14 -26.28 -26.52 -26.75 -26.88 -26.99 -27.09 -27.20 -27.32 -27.45 -27.58 -27.70 -27.82 -27.90 -27.89 -27.86 -27.85 -27.82 -27.70 -27.54 -27.33 -27.13 -27.00 -26.92 -26.91 -26.92 -26.89 -26.88 -26.97 -27.13 -27.35 -27.63 -27.98 -28.38 -28.78 -29.22 -29.72 -30.28 -30.89 -31.63 -32.57 -33.64 -34.82 -36.11 -37.51 -39.06 -40.90 -42.66 -44.00 -45.07 -45.93 -46.52 -46.74 -46.84 -47.04 -47.40 -48.07 -48.90 -49.84 -50.72 -51.34
-24.44 -24.69 -24.80 -24.94 -25.32 -25.69 -25.85 -25.94 -26.07 -26.19 -26.32 -26.44 -26.57 -26.69 -26.82 -26.94 -27.09 -27.20 -27.20 -27.20 -27.31 -27.45 -27.59 -27.70 -27.73 -27.70 -27.59 -27.45 -27.33 -27.20 -27.06 -26.95 -26.93 -26.95 -26.95 -26.95 -26.96 -26.95 -26.81 -26.70 -26.78 -26.95 -27.17 -27.45 -27.78 -28.20 -28.79 -29.44 -30.04 -30.69 -31.52 -32.44 -33.41 -34.44 -35.52 -36.69 -38.04 -39.44 -40.85 -42.20 -43.42 -44.45 -45.17 -45.70 -46.11 -46.45 -46.78 -47.20 -47.87 -48.70 -49.73 -50.70 -51.32
-24.63 -24.89 -25.09 -25.33 -25.72 -26.09 -26.24 -26.32 -26.45 -26.57 -26.71 -26.84 -26.99 -27.10 -27.14 -27.16 -27.19 -27.22 -27.21 -27.21 -27.22 -27.26 -27.38 -27.50 -27.53 -27.50 -27.38 -27.23 -27.08 -26.97 -26.93 -26.93 -26.93 -26.94 -26.96 -26.95 -26.85 -26.74 -26.69 -26.69 -26.78 -26.94 -27.12 -27.41 -27.92 -28.55 -29.25 -30.01 -30.83 -31.67 -32.42 -33.22 -34.20 -35.25 -36.25 -37.29 -38.45 -39.65 -40.84 -41.99 -43.10 -44.05 -44.65 -45.09 -45.45 -45.83 -46.36 -47.00 -47.81 -48.69 -49.63 -50.49 -51.11
-24.82 -25.09 -25.41 -25.75 -26.15 -26.50 -26.72 -26.88 -27.04 -27.15 -27.21 -27.25 -27.33 -27.37 -27.32 -27.23 -27.15 -27.08 -27.07 -27.08 -27.06 -27.07 -27.20 -27.33 -27.35 -27.32 -27.27 -27.20 -27.06 -26.93 -26.92 -26.95 -26.95 -26.95 -26.97 -26.96 -26.83 -26.70 -26.67 -26.71 -26.77 -26.93 -27.24 -27.71 -28.36 -29.12 -29.93 -30.78 -31.68 -32.58 -33.40 -34.21 -35.03 -35.90 -36.88 -37.90 -38.87 -39.84 -40.82 -41.78 -42.77 -43.64 -44.19 -44.62 -45.06 -45.52 -46.09 -46.79 -47.71 -48.70 -49.64 -50.45 -50.97
-25.00 -25.29 -25.66 -26.06 -26.43 -26.79 -27.14 -27.42 -27.53 -27.57 -27.59 -27.57 -27.54 -27.48 -27.32 -27.13 -26.92 -26.76 -26.74 -26.77 -26.77 -26.77 -26.84 -26.92 -26.97 -27.01 -27.08 -27.12 -27.05 -26.96 -26.95 -26.96 -26.97 -26.97 -26.94 -26.88 -26.75 -26.63 -26.58 -26.62 -26.76 -27.04 -27.52 -28.15 -28.91 -29.76 -30.64 -31.54 -32.37 -33.19 -34.08 -34.96 -35.72 -36.51 -37.46 -38.43 -39.27 -40.08 -40.90 -41.71 -42.57 -43.35 -43.88 -44.32 -44.80 -45.33 -45.94 -46.68 -47.67 -48.70 -49.59 -50.34 -50.85
-25.19 -25.49 -25.85 -26.24 -26.63 -27.02 -27.44 -27.75 -27.79 -27.74 -27.75 -27.72 -27.60 -27.42 -27.16 -26.87 -26.60 -26.39 -26.34 -26.35 -26.35 -26.35 -26.35 -26.37 -26.49 -26.64 -26.79 -26.90 -26.93 -26.92 -26.92 -26.92 -26.92 -26.89 -26.77 -26.62 -26.48 -26.37 -26.32 -26.40 -26.73 -27.21 -27.80 -28.51 -29.37 -30.28 -31.15 -31.99 -32.74 -33.48 -34.33 -35.23 -36.13 -37.03 -37.91 -38.73 -39.46 -40.16 -40.90 -41.65 -42.41 -43.12 -43.68 -44.18 -44.67 -45.21 -45.89 -46.69 -47.69 -48.70 -49.52 -50.21 -50.78
-25.39 -25.69 -26.03 -26.44 -26.95 -27.43 -27.75 -27.94 -27.99 -27.94 -27.85 -27.71 -27.49 -27.21 -26.82 -26.46 -26.30 -26.21 -26.07 -25.96 -25.93 -25.96 -26.07 -26.20 -26.33 -26.45 -26.60 -26.70 -26.72 -26.71 -26.72 -26.71 -26.60 -26.46 -26.34 -26.21 -26.06 -25.96 -26.01 -26.20 -26.62 -27.20 -27.90 -28.69 -29.57 -30.45 -31.22 -31.95 -32.69 -33.46 -34.30 -35.20 -36.22 -37.20 -38.01 -38.70 -39.21 -39.72 -40.44 -41.22 -41.97 -42.71 -43.47 -44.19 -44.83 -45.44 -46.02 -46.69 -47.67 -48.70 -49.65 -50.44 -50.91
-25.59 -25.89 -26.23 -26.64 -27.16 -27.64 -27.97 -28.15 -28.13 -27.97 -27.66 -27.32 -27.06 -26.81 -26.52 -26.25 -26.00 -25.81 -25.75 -25.75 -25.72 -25.73 -25.84 -25.99 -26.11 -26.24 -26.39 -26.51 -26.53 -26.50 -26.44 -26.34 -26.22 -26.10 -25.97 -25.85 -25.66 -25.57 -25.69 -26.01 -26.54 -27.21 -27.94 -28.71 -29.47 -30.24 -31.01 -31.75 -32.37 -33.05 -34.00 -35.01 -35.95 -36.84 -37.69 -38.38 -38.67 -38.97 -39.63 -40.48 -41.48 -42.53 -43.51 -44.38 -45.02 -45.59 -46.18 -46.83 -47.70 -48.65 -49.71 -50.64 -51.13
-25.77 -26.07 -26.41 -26.82 -27.36 -27.85 -28.12 -28.21 -28.09 -27.82 -27.43 -27.03 -26.76 -26.54 -26.30 -26.06 -25.76 -25.53 -25.49 -25.54 -25.60 -25.68 -25.81 -25.95 -26.08 -26.20 -26.27 -26.31 -26.36 -26.34 -26.10 -25.81 -25.60 -25.42 -25.26 -25.15 -25.10 -25.15 -25.39 -25.79 -26.35 -27.04 -27.83 -28.67 -29.50 -30.31 -31.00 -31.65 -32.23 -32.88 -33.82 -34.81 -35.67 -36.43 -37.06 -37.55 -37.77 -38.03 -38.58 -39.41 -40.67 -42.07 -43.40 -44.59 -45.47 -46.19 -46.82 -47.44 -48.22 -49.07 -50.01 -50.84 -51.34
-26.08 -26.37 -26.73 -27.13 -27.58 -27.96 -28.18 -28.22 -27.97 -27.61 -27.27 -26.94 -26.63 -26.35 -26.08 -25.85 -25.61 -25.43 -25.39 -25.43 -25.55 -25.70 -25.78 -25.86 -26.00 -26.11 -26.13 -26.10 -26.08 -25.95 -25.55 -25.11 -24.82 -24.61 -24.45 -24.42 -24.57 -24.84 -25.20 -25.67 -26.26 -26.98 -27.87 -28.80 -29.67 -30.47 -31.17 -31.83 -32.46 -33.10 -33.85 -34.61 -35.34 -35.96 -36.30 -36.52 -36.70 -36.96 -37.36 -38.11 -39.59 -41.36 -43.12 -44.77 -46.08 -47.11 -47.79 -48.36 -49.04 -49.72 -50.43 -51.05 -51.47
-26.47 -26.75 -27.12 -27.48 -27.75 -27.95 -28.13 -28.15 -27.82 -27.41 -27.17 -26.93 -26.56 -26.19 -25.91 -25.68 -25.53 -25.45 -25.42 -25.45 -25.57 -25.70 -25.69 -25.68 -25.81 -25.93 -25.99 -25.94 -25.72 -25.37 -24.84 -24.31 -23.97 -23.77 -23.72 -23.83 -24.18 -24.65 -25.13 -25.71 -26.43 -27.27 -28.31 -29.34 -30.13 -30.85 -31.59 -32.29 -32.93 -33.50 -33.98 -34.42 -34.91 -35.32 -35.45 -35.49 -35.53 -35.68 -35.94 -36.66 -38.38 -40.54 -42.82 -45.01 -46.79 -48.16 -48.93 -49.42 -49.88 -50.29 -50.78 -51.21 -51.51
-26.67 -26.94 -27.20 -27.45 -27.75 -27.96 -27.91 -27.73 -27.49 -27.22 -26.97 -26.72 -26.46 -26.20 -25.93 -25.70 -25.54 -25.45 -25.42 -25.45 -25.57 -25.70 -25.70 -25.70 -25.82 -25.94 -26.03 -25.96 -25.57 -24.99 -24.24 -23.52 -23.02 -22.77 -22.88 -23.24 -23.78 -24.45 -25.13 -25.91 -26.83 -27.88 -29.13 -30.36 -31.33 -32.10 -32.56 -32.89 -33.31 -33.69 -33.99 -34.22 -34.42 -34.51 -34.43 -34.29 -34.10 -34.07 -34.26 -35.06 -37.11 -39.75 -42.63 -45.42 -47.67 -49.36 -50.24 -50.62 -50.70 -50.68 -50.92 -51.20 -51.48
-26.81 -26.97 -27.13 -27.29 -27.49 -27.61 -27.53 -27.34 -27.11 -26.85 -26.59 -26.34 -26.17 -26.02 -25.86 -25.70 -25.54 -25.43 -25.40 -25.43 -25.56 -25.70 -25.70 -25.70 -25.86 -25.98 -25.92 -25.63 -24.93 -24.07 -23.14 -22.36 -21.99 -21.94 -22.22 -22.77 -23.60 -24.58 -25.57 -26.62 -27.77 -28.99 -30.40 -31.72 -32.66 -33.31 -33.61 -33.70 -33.74 -33.72 -33.70 -33.67 -33.62 -33.52 -33.34 -33.08 -32.66 -32.44 -32.63 -33.59 -36.01 -39.11 -42.42 -45.64 -48.37 -50.40 -51.19 -51.31 -51.06 -50.73 -50.80 -51.02 -51.39
-26.73 -26.86 -26.92 -26.96 -27.04 -27.08 -27.00 -26.83 -26.57 -26.30 -26.08 -25.92 -25.84 -25.80 -25.74 -25.68 -25.61 -25.56 -25.56 -25.58 -25.64 -25.70 -25.71 -25.71 -25.77 -25.73 -25.50 -25.01 -24.05 -22.95 -21.91 -21.14 -20.99 -21.25 -21.86 -22.74 -23.79 -25.00 -26.31 -27.68 -29.08 -30.48 -31.90 -33.13 -33.94 -34.41 -34.46 -34.27 -33.95 -33.58 -33.27 -33.00 -32.79 -32.57 -32.26 -31.89 -31.34 -31.06 -31.40 -32.60 -35.31 -38.72 -42.31 -45.81 -48.91 -51.17 -51.80 -51.63 -51.13 -50.61 -50.60 -50.81 -51.19
-26.42 -26.47 -26.48 -26.47 -26.44 -26.38 -26.26 -26.11 -25.94 -25.77 -25.65 -25.59 -25.61 -25.67 -25.72 -25.76 -25.78 -25.78 -25.74 -25.70 -25.70 -25.70 -25.70 -25.66 -25.55 -25.27 -24.68 -23.86 -22.72 -21.57 -20.58 -19.99 -20.14 -20.79 -21.87 -23.20 -24.53 -25.94 -27.48 -29.07 -30.63 -32.11 -33.48 -34.55 -35.10 -35.26 -34.99 -34.50 -33.93 -33.36 -32.96 -32.64 -32.39 -32.16 -31.84 -31.50 -31.08 -30.96 -31.44 -32.74 -35.45 -38.84 -42.51 -46.09 -49.24 -51.52 -52.07 -51.76 -50.98 -50.22 -50.27 -50.60 -51.01
-25.99 -25.87 -25.86 -25.85 -25.73 -25.59 -25.45 -25.36 -25.35 -25.37 -25.39 -25.43 -25.56 -25.71 -25.86 -25.97 -26.01 -25.98 -25.85 -25.71 -25.71 -25.71 -25.60 -25.40 -25.10 -24.55 -23.47 -22.21 -21.00 -19.96 -19.28 -19.08 -19.64 -20.73 -22.31 -24.10 -25.77 -27.43 -29.08 -30.69 -32.25 -33.67 -34.96 -35.86 -36.01 -35.73 -35.14 -34.41 -33.73 -33.17 -32.88 -32.72 -32.60 -32.53 -32.44 -32.39 -32.31 -32.46 -33.00 -34.21 -36.58 -39.59 -43.08 -46.51 -49.38 -51.41 -51.95 -51.63 -50.59 -49.62 -49.83 -50.43 -50.98
-25.60 -25.49 -25.37 -25.26 -25.11 -24.99 -24.97 -24.97 -24.93 -24.96 -25.16 -25.43 -25.68 -25.91 -26.07 -26.17 -26.20 -26.17 -26.06 -25.92 -25.86 -25.72 -25.36 -24.82 -24.09 -23.16 -21.93 -20.65 -19.44 -18.56 -18.33 -18.68 -19.77 -21.33 -23.24 -25.29 -27.20 -29.02 -30.71 -32.27 -33.77 -35.05 -36.07 -36.63 -36.38 -35.71 -34.86 -33.99 -33.38 -32.97 -32.85 -32.92 -33.08 -33.33 -33.66 -34.01 -34.17 -34.46 -35.08 -36.21 -38.24 -40.80 -43.89 -46.91 -49.35 -51.01 -51.28 -50.83 -49.94 -49.23 -49.64 -50.44 -51.20
-25.27 -25.06 -24.90 -24.78 -24.72 -24.72 -24.78 -24.89 -25.06 -25.26 -25.51 -25.78 -26.05 -26.29 -26.47 -26.56 -26.50 -26.39 -26.34 -26.20 -25.86 -25.27 -24.33 -23.18 -21.93 -20.66 -19.43 -18.44 -17.89 -17.81 -18.31 -19.31 -20.88 -22.78 -24.88 -26.99 -28.86 -30.61 -32.33 -33.89 -35.27 -36.33 -36.99 -37.14 -36.52 -35.56 -34.53 -33.59 -33.01 -32.74 -32.86 -33.27 -33.95 -34.69 -35.27 -35.79 -36.20 -36.68 -37.38 -38.43 -40.11 -42.19 -44.71 -47.15 -49.09 -50.27 -49.98 -49.26 -48.95 -48.98 -49.67 -50.60 -51.49
-25.07 -24.90 -24.81 -24.76 -24.73 -24.76 -24.92 -25.15 -25.41 -25.68 -25.94 -26.20 -26.48 -26.71 -26.84 -26.85 -26.73 -26.51 -26.25 -25.82 -25.08 -24.06 -22.70 -21.20 -19.68 -18.33 -17.38 -16.90 -17.03 -17.68 -18.80 -20.36 -22.42 -24.69 -26.91 -28.99 -30.69 -32.23 -33.86 -35.30 -36.36 -37.04 -37.25 -37.01 -36.17 -35.10 -34.04 -33.18 -32.81 -32.81 -33.16 -33.81 -34.80 -35.87 -36.76 -37.52 -38.01 -38.52 -39.26 -40.28 -41.78 -43.51 -45.44 -47.23 -48.60 -49.35 -48.78 -48.07 -48.35 -49.03 -49.90 -50.90 -51.90
-25.08 -25.00 -25.01 -25.07 -25.08 -25.14 -25.37 -25.66 -25.92 -26.16 -26.38 -26.60 -26.85 -27.05 -27.09 -26.99 -26.75 -26.31 -25.66 -24.76 -23.56 -22.17 -20.67 -19.18 -17.74 -16.63 -16.19 -16.32 -17.05 -18.27 -19.89 -21.87 -24.22 -26.65 -28.84 -30.81 -32.38 -33.73 -35.07 -36.17 -36.90 -37.24 -37.09 -36.56 -35.57 -34.46 -33.52 -32.86 -32.72 -32.96 -33.56 -34.44 -35.57 -36.78 -37.91 -38.90 -39.49 -40.04 -40.77 -41.72 -43.05 -44.50 -45.93 -47.15 -47.89 -48.22 -47.88 -47.61 -48.29 -49.32 -50.38 -51.47 -52.50
-25.34 -25.23 -25.34 -25.51 -25.62 -25.77 -26.00 -26.27 -26.53 -26.75 -26.89 -27.00 -27.14 -27.21 -27.16 -26.91 -26.37 -25.58 -24.52 -23.23 -21.60 -19.94 -18.48 -17.23 -16.20 -15.62 -15.77 -16.51 -17.87 -19.65 -21.72 -23.95 -26.22 -28.40 -30.33 -32.05 -33.53 -34.77 -35.75 -36.48 -37.00 -37.18 -36.84 -36.13 -35.02 -33.89 -33.12 -32.67 -32.60 -32.94 -33.82 -34.98 -36.23 -37.51 -38.70 -39.76 -40.57 -41.28 -41.99 -42.77 -43.84 -44.97 -46.06 -46.91 -47.09 -47.11 -47.30 -47.73 -48.62 -49.76 -51.03 -52.27 -53.23
