Instances/Ruegen/GMRTv3_3_20170610topo.asc
ncols 619
nrows 286
xllcorner 13.273681640625
yllcorner 54.06583577161279
cellsize 0.0010986328125
nodata_value -2147483648
[rows 204 to 237 of 286, columns 0 to 76 of 619]
2.08 2.07 3.00 3.91 3.95 2.07 1.99 2.00 2.92 2.87 3.00 2.00 2.00 1.95 3.01 3.01 2.92 2.87 2.83 1.95 2.00 2.00 2.00 1.91 1.91 1.95 2.92 3.00 3.03 2.95 3.00 3.00 3.00 4.08 6.26 5.17 4.13 3.12 2.95 3.03 3.21 4.04 4.00 4.93 4.92 4.00 4.97 4.97 4.08 4.00 3.03 4.91 4.91 4.97 4.97 4.97 3.95 3.99 3.99 4.08 3.95 3.11 3.98 3.16 3.16 3.16 2.99 3.08 3.09 4.13 6.01 7.05 5.02 5.07 3.16 1.95 2.82
3.07 3.89 2.94 3.92 4.06 3.95 3.81 1.88 1.99 1.99 3.00 2.00 2.00 2.00 2.13 2.13 1.99 1.99 1.93 2.00 2.00 2.00 2.00 2.00 2.00 2.00 1.99 3.06 4.95 3.00 3.00 3.00 2.94 5.01 7.15 6.13 5.07 4.89 4.61 4.75 5.02 4.82 3.88 3.00 3.99 4.00 3.99 3.99 5.01 3.94 3.95 4.86 4.86 3.93 3.99 3.99 4.93 4.93 4.93 5.07 4.00 5.08 6.62 4.91 5.02 5.02 4.69 4.07 3.14 4.20 4.31 6.18 7.88 6.95 5.08 2.82 2.86
1.94 2.91 3.58 2.94 2.33 2.40 2.40 3.03 2.54 2.54 2.39 2.54 1.93 1.93 1.93 1.93 1.87 3.63 4.76 3.09 2.48 1.93 2.00 2.00 2.00 2.00 2.00 1.94 2.79 3.00 3.61 3.61 4.12 5.68 6.46 3.82 3.94 5.07 5.61 5.00 4.46 6.19 6.18 4.57 4.07 3.46 4.07 4.00 5.13 4.58 4.51 4.46 4.46 4.51 3.39 3.46 3.40 3.88 4.49 4.96 4.41 3.88 5.98 6.70 5.68 5.74 6.19 3.49 2.93 3.49 4.03 4.46 4.93 5.94 4.90 5.49 4.50
2.00 2.00 1.93 2.80 3.09 2.20 1.98 2.00 2.78 3.00 3.07 2.80 3.07 3.07 3.09 2.87 3.97 4.63 4.56 4.04 4.09 3.29 2.22 2.00 2.00 2.22 2.00 2.00 3.09 3.00 2.93 2.93 2.95 3.66 6.02 5.51 3.98 3.93 4.73 4.80 4.00 3.86 4.73 4.00 2.89 2.96 3.10 4.00 2.86 2.93 3.80 4.00 4.00 4.00 4.07 2.98 2.98 4.90 5.04 7.14 7.21 5.29 4.13 3.86 3.86 2.77 3.88 3.80 4.07 4.00 4.83 3.13 2.25 6.00 8.16 10.06 8.40
2.00 2.00 2.00 2.00 2.03 3.00 2.97 2.00 2.95 2.98 2.98 1.98 3.02 3.00 2.03 2.00 2.03 2.03 2.03 2.06 3.05 3.05 2.03 2.00 2.00 2.01 1.98 1.98 2.03 3.00 3.00 3.00 2.01 3.00 5.03 5.06 5.02 4.00 4.00 4.00 4.00 4.00 4.00 4.00 4.94 4.94 4.95 4.00 3.00 3.00 3.00 4.00 3.98 3.98 3.98 3.97 3.97 3.03 3.06 4.08 4.11 5.07 5.02 4.00 4.00 3.99 3.03 3.00 4.00 4.00 3.03 4.00 4.00 6.02 7.05 7.10 6.11
2.00 1.85 1.85 2.00 2.00 3.00 3.00 2.69 4.04 3.96 3.96 2.96 1.81 2.23 2.00 2.00 2.00 2.00 2.00 2.00 1.96 1.96 2.00 2.00 2.69 2.34 3.04 3.73 2.00 3.00 3.00 3.00 3.81 3.69 4.23 5.00 2.85 2.61 4.00 3.93 4.69 3.93 3.93 3.93 5.00 5.00 6.11 4.69 3.62 2.93 3.00 3.31 4.34 5.04 4.34 4.00 4.00 2.93 2.93 3.23 2.89 2.92 3.27 3.23 3.16 3.58 2.93 3.00 3.23 4.00 3.77 4.15 4.07 5.11 5.49 3.54 4.34
2.00 4.19 4.48 2.29 2.00 3.33 3.00 3.04 3.67 4.74 4.40 3.74 4.15 2.99 2.00 2.00 2.00 2.00 2.00 2.00 2.33 2.00 2.00 2.00 3.00 2.00 2.67 3.33 1.96 3.00 3.00 2.62 2.93 4.00 5.07 5.00 4.41 2.67 3.67 4.78 5.04 5.41 5.07 5.07 5.00 5.33 5.26 5.04 5.12 3.74 3.00 3.00 3.67 5.04 3.96 3.96 4.29 5.04 4.70 4.49 4.45 4.00 3.92 4.79 5.48 5.74 3.99 3.29 3.74 3.67 2.93 1.81 2.84 2.81 1.74 3.00 2.93
2.00 2.97 4.96 4.03 2.09 3.96 3.00 2.01 2.95 3.96 3.00 2.95 4.05 5.11 2.04 2.00 2.00 2.00 2.00 2.00 2.96 2.00 2.00 2.00 2.96 2.00 2.00 2.00 2.99 3.00 2.95 3.03 3.00 3.96 4.96 4.96 4.96 4.00 3.05 2.97 3.92 5.91 4.96 5.00 5.00 5.96 5.95 3.96 3.92 3.00 3.00 3.00 3.00 3.97 5.04 5.03 5.99 7.94 7.03 2.98 3.92 5.96 7.94 4.97 6.00 7.00 6.02 5.04 3.00 3.00 3.00 3.03 5.02 3.99 3.03 3.00 3.00
1.93 2.93 3.98 3.17 3.21 2.91 3.76 3.98 3.71 2.91 2.10 2.81 4.19 5.26 2.95 2.00 2.00 2.00 2.00 2.00 1.98 2.00 2.00 2.00 1.98 2.00 2.00 2.00 1.98 3.07 2.88 3.07 3.00 2.98 3.15 3.22 3.22 3.17 3.19 3.00 2.98 3.13 3.15 3.34 4.24 5.11 5.94 5.66 3.74 3.76 2.93 3.00 3.90 4.07 3.34 4.17 5.11 6.10 7.07 5.68 3.81 3.32 3.35 4.31 5.31 6.37 5.05 3.34 3.90 3.00 2.87 2.87 3.91 2.91 3.00 3.00 3.00
3.12 4.19 4.12 3.06 2.52 3.64 4.64 1.75 2.45 3.09 3.67 2.39 3.58 4.00 4.12 2.48 2.42 2.42 2.36 2.97 2.36 1.94 2.00 2.00 2.00 2.00 2.00 2.00 2.00 1.94 1.94 1.88 2.94 2.94 3.00 1.94 2.42 3.00 3.00 3.00 3.00 3.55 3.55 2.94 2.88 2.81 3.39 5.09 5.19 5.67 4.55 3.97 3.36 2.81 3.48 4.55 3.30 4.42 6.60 5.58 4.06 3.00 1.94 1.81 2.93 2.81 3.45 3.00 2.94 4.03 6.22 5.73 5.12 4.12 3.00 3.00 3.00
1.94 1.87 1.87 1.94 2.00 1.94 2.79 3.98 2.31 2.13 1.99 4.29 2.07 2.94 2.94 3.00 3.75 3.93 4.82 3.84 4.95 3.03 1.97 1.98 2.00 2.00 2.00 2.00 2.00 2.00 2.00 3.06 3.92 3.92 3.00 1.98 3.00 3.00 3.00 3.00 3.00 2.94 2.92 3.92 4.08 4.06 3.15 2.94 2.87 3.73 4.87 5.00 5.20 5.42 4.02 3.79 4.77 3.79 3.81 3.92 2.91 2.97 2.12 3.23 2.08 3.00 3.00 3.00 2.98 3.79 4.58 3.87 3.79 2.94 3.00 3.00 3.00
2.00 2.00 2.00 2.00 2.00 2.00 2.00 3.04 3.03 3.94 4.96 4.15 3.94 3.04 3.04 3.00 2.93 2.06 3.93 3.93 5.87 4.84 3.84 2.90 1.96 2.00 1.96 1.96 1.96 2.00 1.96 3.00 3.00 3.00 3.04 2.94 3.00 3.00 3.00 3.00 3.00 3.00 3.94 2.96 3.06 4.00 4.00 3.00 3.00 3.00 3.06 5.04 7.06 7.17 3.02 2.92 2.95 2.92 3.96 4.94 4.92 4.92 4.84 3.03 2.92 2.92 2.96 3.00 3.94 3.00 2.99 4.00 3.00 3.00 3.00 3.00 3.00
2.00 2.00 2.00 2.00 2.00 2.00 2.00 1.95 4.75 4.64 3.54 3.25 3.36 1.88 1.95 2.36 2.36 2.71 3.36 4.07 5.51 4.92 3.14 3.48 3.83 2.56 3.05 3.12 3.05 1.93 3.12 3.07 3.07 3.00 1.88 3.00 3.00 3.00 3.00 3.64 3.64 3.00 3.36 4.12 3.00 4.07 4.00 3.71 3.00 3.00 3.00 3.32 3.22 2.74 4.68 5.95 4.12 3.82 4.41 4.36 3.95 4.52 6.05 4.61 4.53 4.46 4.61 2.85 3.29 2.85 2.85 4.00 3.56 2.78 2.78 2.78 3.35
2.00 2.00 2.00 2.00 2.00 2.00 1.97 1.97 3.65 4.72 3.93 3.07 3.11 3.21 2.49 2.52 2.24 2.20 3.00 2.93 2.85 2.13 1.97 1.93 1.82 4.04 3.00 2.20 3.03 3.07 2.20 2.20 2.17 2.90 2.97 2.90 2.93 3.24 2.97 3.72 3.72 3.00 3.00 2.93 2.97 3.24 3.72 2.93 3.00 2.97 2.97 3.28 3.55 4.39 5.31 3.02 2.93 3.28 4.00 4.00 3.97 5.73 5.72 6.14 3.79 4.55 6.11 5.74 4.90 5.70 5.94 4.49 5.59 7.02 6.74 6.46 8.26
2.00 2.00 2.00 2.00 2.00 2.00 3.01 3.01 3.03 4.03 6.04 8.07 9.07 8.03 6.01 5.00 4.00 3.00 2.99 2.99 3.00 3.00 3.01 2.00 3.01 5.00 3.00 2.99 1.99 3.00 3.00 3.01 4.02 6.05 6.06 6.05 5.04 5.04 4.02 3.00 3.00 3.01 3.01 3.00 4.01 2.99 3.00 3.00 3.01 4.01 4.01 4.01 5.00 3.98 4.98 5.01 3.00 4.00 4.00 4.00 5.00 7.02 5.00 3.98 4.99 6.00 4.99 5.99 7.01 7.01 9.04 8.04 8.01 9.97 9.04 8.05 9.02
2.78 2.78 2.63 2.63 2.70 2.70 3.70 3.78 5.20 5.35 5.47 7.80 7.70 5.49 4.20 3.13 2.97 3.07 1.90 1.90 2.22 2.22 3.07 2.00 2.22 3.27 3.07 2.75 2.78 2.93 3.85 4.17 5.17 4.77 5.02 4.77 4.47 5.57 4.18 3.78 4.55 4.80 3.95 3.70 3.08 2.86 2.86 3.63 4.66 5.55 5.55 5.80 4.93 2.83 4.68 5.00 3.70 3.22 3.15 3.86 3.90 5.45 5.07 4.85 4.30 4.52 5.07 7.62 8.80 8.80 11.20 9.10 6.45 6.22 9.57 11.86 10.80
3.37 3.79 5.93 5.93 4.49 4.07 4.65 4.00 2.86 3.93 4.95 6.30 7.37 5.14 4.42 4.07 2.95 1.88 3.07 3.07 2.00 2.00 1.93 2.00 2.00 1.88 1.93 2.58 2.52 3.59 2.93 1.81 2.39 2.45 2.93 2.93 3.58 3.51 4.22 3.58 4.15 4.58 4.65 4.65 5.19 4.72 4.72 5.29 6.82 6.05 5.58 6.05 6.65 5.67 5.75 4.15 5.18 3.00 4.02 5.72 5.07 4.63 3.98 3.51 2.93 2.93 3.88 7.35 8.52 8.52 8.33 8.30 6.37 4.88 7.98 12.16 10.69
4.94 6.06 8.08 7.98 4.91 4.00 4.00 3.89 2.99 4.09 6.05 7.76 8.77 7.75 4.90 3.99 4.25 3.36 3.10 3.00 2.00 2.00 2.00 2.00 2.00 3.06 2.10 2.10 3.05 4.16 3.31 3.15 3.16 3.17 3.01 3.01 3.00 2.99 2.99 2.97 2.96 3.99 4.00 4.00 3.94 3.99 3.99 3.99 3.89 4.85 5.02 4.86 3.84 3.89 2.99 2.99 2.89 3.09 5.04 4.99 5.09 3.15 3.05 3.20 3.19 2.96 4.94 7.80 8.96 9.07 10.03 9.98 7.96 5.95 6.75 8.55 7.59
4.89 5.21 5.42 4.41 3.09 4.00 4.00 3.89 3.79 5.85 6.05 4.13 4.23 5.03 3.94 4.90 7.02 6.14 4.12 3.05 2.00 2.00 2.00 2.00 2.00 2.10 3.01 3.01 3.05 4.22 5.29 4.12 3.17 2.22 2.10 2.05 2.95 3.73 3.68 5.53 6.48 4.84 4.00 4.00 4.90 4.90 4.90 4.95 4.00 3.99 3.15 3.09 4.00 4.00 4.06 3.95 3.00 4.91 5.90 5.84 7.01 4.96 3.96 5.02 5.91 6.64 4.89 5.98 7.09 7.32 6.41 6.41 6.15 4.94 4.93 4.97 4.81
5.50 3.26 2.68 2.33 2.93 3.86 3.86 4.00 5.60 5.98 4.37 2.88 2.30 3.88 4.99 4.43 4.39 3.32 1.89 1.95 1.93 1.86 1.93 2.00 2.00 2.00 2.43 2.43 1.95 1.82 1.77 1.89 1.95 1.93 3.72 4.13 5.27 7.16 8.29 8.15 7.53 4.98 3.36 4.07 5.07 5.07 5.00 3.95 4.00 4.00 3.48 3.00 4.00 4.00 3.45 2.81 3.50 4.43 6.00 7.05 4.89 5.48 5.70 5.50 4.79 4.80 4.43 4.85 5.99 5.60 4.46 3.89 4.95 5.48 5.48 7.75 8.87
7.54 7.90 6.90 5.78 4.51 6.19 6.69 4.25 3.68 3.66 3.75 3.85 3.07 4.85 5.85 3.97 3.12 3.17 2.17 1.97 3.07 4.17 3.51 2.36 1.90 1.95 1.97 2.00 2.00 3.10 3.32 2.44 1.95 2.83 4.78 5.63 4.98 7.05 6.95 5.10 3.83 2.90 4.07 3.15 3.71 3.93 5.00 4.19 4.19 4.19 3.14 3.17 3.78 3.78 4.90 5.17 4.85 3.97 6.19 6.78 5.00 5.00 4.95 6.88 5.02 3.97 4.00 3.78 2.86 3.64 5.03 4.00 5.00 5.68 5.47 6.73 6.69
8.06 9.07 8.06 9.01 6.00 4.04 4.09 4.04 3.98 4.97 3.98 3.01 3.01 4.00 5.00 4.98 4.97 5.94 4.92 2.93 2.97 3.00 5.00 6.92 5.86 3.89 2.92 1.95 1.97 2.00 3.02 3.99 3.96 2.97 4.00 4.01 3.03 5.06 6.04 5.03 4.98 3.98 4.00 4.00 2.99 4.00 5.01 6.00 5.99 5.99 6.96 5.96 3.00 3.00 2.02 4.00 4.00 4.98 8.00 6.00 5.00 5.01 4.02 5.03 6.97 4.98 4.00 3.00 3.00 3.00 4.02 4.00 5.01 7.04 6.03 5.01 4.02
3.53 3.50 4.18 5.49 5.21 5.19 3.29 1.86 3.36 4.36 4.15 1.96 2.61 3.85 4.85 6.44 7.47 9.43 11.29 9.94 7.79 6.46 8.94 12.98 12.58 9.94 9.26 7.87 5.65 3.68 3.72 5.26 5.18 5.47 5.51 3.68 3.00 2.93 3.21 3.25 4.28 4.00 4.07 4.07 4.11 3.28 3.25 4.32 5.36 5.36 6.36 6.39 3.64 3.64 5.26 5.83 4.07 4.28 5.68 4.64 4.36 3.25 4.79 3.96 6.28 4.13 4.00 3.64 3.57 3.57 3.85 3.93 3.96 4.21 5.04 5.07 5.90
2.33 2.29 4.00 4.60 6.07 4.93 4.62 3.07 1.93 2.57 1.85 2.00 4.12 6.19 7.24 7.05 7.69 10.13 11.06 11.54 11.28 14.62 16.14 13.73 6.28 2.20 3.28 2.99 3.54 4.40 3.28 1.78 2.50 5.33 5.02 3.64 3.00 3.00 3.00 3.00 3.64 4.05 3.29 2.93 2.93 3.00 3.00 2.93 3.93 3.93 4.97 4.48 5.48 4.71 4.57 4.16 2.88 3.60 2.85 2.93 2.93 3.36 3.93 4.40 6.00 6.19 5.08 5.70 6.77 6.41 6.37 5.29 3.91 4.00 4.24 4.29 4.17
1.96 2.94 3.88 5.04 5.94 5.05 6.14 3.06 2.00 2.00 2.06 2.06 2.90 4.78 4.86 5.96 5.97 4.94 5.88 5.73 7.71 9.62 11.67 10.76 6.00 2.10 3.05 2.10 2.02 1.96 2.00 2.00 2.00 2.90 2.87 2.94 3.00 2.99 2.99 3.00 2.99 3.02 4.05 3.12 3.00 3.00 3.00 3.06 4.00 4.00 4.02 6.02 4.90 4.00 4.06 4.04 4.15 4.15 3.05 3.00 3.00 3.94 3.94 3.90 5.95 4.96 7.00 9.13 10.19 9.19 10.18 9.23 6.25 4.06 5.98 5.00 6.04
2.00 1.98 2.88 4.22 5.89 6.93 5.26 4.02 2.85 1.94 2.17 3.08 2.77 3.58 5.55 6.78 5.09 6.86 6.85 4.69 4.82 4.11 4.48 6.26 5.94 6.44 6.36 6.38 3.61 1.87 2.00 2.00 1.94 1.92 1.92 2.83 2.94 4.63 4.57 3.65 4.63 4.73 5.73 4.90 3.72 2.87 2.87 4.02 4.00 3.94 5.93 4.14 3.98 4.85 5.02 3.94 6.03 6.75 5.39 3.53 2.74 2.86 2.92 2.92 4.07 5.00 7.78 9.89 11.97 11.81 10.11 11.03 9.05 4.95 4.07 5.85 6.06
2.57 2.51 1.88 2.88 4.37 4.92 5.62 3.56 3.06 2.56 1.94 2.32 4.12 3.92 8.63 8.95 7.33 7.82 7.38 8.64 9.09 8.09 6.52 6.51 7.63 8.62 10.25 11.26 10.21 5.96 3.39 2.89 4.52 4.39 4.96 4.46 4.12 5.68 7.25 7.25 6.69 7.19 8.69 7.69 6.19 5.19 4.55 3.94 3.37 5.38 4.94 4.51 4.51 5.00 5.57 5.63 6.00 9.63 13.34 11.78 9.65 7.34 5.71 5.33 5.32 5.38 8.56 11.68 12.62 13.00 12.90 12.27 10.90 7.96 6.46 6.44 4.88
2.10 2.84 3.08 4.26 5.10 4.04 3.79 1.93 1.92 2.16 3.41 5.13 2.95 4.97 8.67 11.80 13.48 12.56 10.49 9.84 11.90 11.05 9.03 7.13 7.08 8.16 9.28 10.97 12.94 11.36 7.39 6.55 7.32 9.34 9.11 6.90 2.92 2.70 4.54 5.43 4.70 5.59 7.61 7.12 5.08 3.90 5.19 5.36 5.28 9.03 5.16 5.00 5.00 5.00 4.95 4.79 5.85 9.71 14.58 14.79 13.84 15.24 14.45 11.63 10.63 8.28 8.15 9.92 11.04 14.52 18.71 18.44 15.30 12.30 10.30 8.21 6.56
3.00 2.00 2.02 3.14 3.14 2.10 2.01 2.00 2.98 3.04 4.09 5.00 2.02 3.96 6.96 9.92 11.15 12.14 10.14 9.00 11.00 11.95 10.93 9.97 9.02 9.11 10.19 9.17 10.20 12.07 12.84 12.77 12.74 10.85 9.92 5.93 3.92 1.96 2.99 3.94 4.00 4.94 5.92 6.98 6.95 5.90 7.90 8.94 6.92 8.03 6.00 4.97 5.00 5.03 4.05 3.05 4.08 6.20 8.33 10.28 10.23 10.30 11.29 11.24 10.21 9.99 9.92 10.88 14.75 18.87 20.13 18.12 16.04 13.04 10.97 9.92 8.97
2.35 2.00 2.39 2.68 1.96 3.31 4.79 4.47 2.54 2.61 2.96 4.42 4.50 4.39 7.39 12.23 11.73 11.61 10.04 10.74 12.02 11.78 8.50 6.53 6.26 5.14 5.02 6.18 7.52 9.84 12.61 13.97 15.01 14.71 12.28 9.90 6.21 4.13 3.43 4.43 4.43 6.23 8.67 9.74 7.00 6.00 8.07 8.10 7.68 7.18 5.42 5.54 4.42 4.68 4.65 2.85 2.88 2.87 3.17 3.86 4.59 4.98 4.94 4.94 4.91 7.21 10.68 14.69 18.42 19.68 17.55 15.40 13.14 11.30 12.70 13.01 11.35
2.29 1.96 1.96 2.18 2.00 3.74 8.45 7.67 4.11 3.00 3.04 2.96 3.18 4.33 7.40 10.22 11.59 12.37 14.30 15.63 17.74 15.63 10.44 7.26 6.48 6.55 7.70 7.33 8.29 11.07 13.00 14.71 16.15 16.15 14.15 13.26 9.48 8.52 7.88 8.55 8.81 8.62 10.33 9.96 6.89 5.96 6.34 4.93 2.41 3.15 3.89 2.78 3.18 3.56 4.38 4.85 4.07 3.29 3.04 2.96 3.11 3.40 3.15 3.18 4.26 3.33 5.45 8.68 11.79 12.79 11.31 11.46 9.37 10.52 12.52 13.52 11.45
3.00 3.02 3.02 4.00 2.02 1.98 2.93 2.93 2.98 2.98 2.00 2.00 2.98 3.96 4.91 8.86 10.86 10.86 11.84 12.81 13.79 12.87 11.02 11.11 11.09 11.07 10.04 9.02 8.98 11.00 13.04 16.02 13.92 13.88 11.90 9.95 8.98 9.00 6.97 7.94 9.96 11.00 12.02 11.04 10.09 7.08 5.02 4.04 2.06 3.06 5.06 5.08 5.04 5.06 4.04 4.00 4.02 4.00 2.00 4.06 7.09 8.07 6.04 5.00 6.00 6.02 3.98 2.98 2.93 3.93 5.92 5.97 4.93 5.89 7.87 8.87 8.94
3.00 3.00 3.00 2.19 3.02 2.79 1.98 1.98 2.21 2.77 3.81 3.89 3.86 3.05 3.02 2.30 2.72 3.58 3.55 2.67 3.74 6.74 10.73 13.50 13.19 11.31 10.31 8.21 7.19 9.42 13.61 13.54 11.16 8.97 9.65 10.72 10.58 8.93 6.86 6.67 7.95 9.98 11.21 11.38 11.47 11.01 8.39 5.67 6.58 6.63 7.12 7.91 6.10 5.31 4.31 3.93 5.02 4.00 2.95 5.33 8.47 7.59 4.49 2.40 4.19 6.07 3.21 2.14 3.00 3.93 3.88 4.49 3.98 2.86 3.04 3.25 5.44
3.00 3.00 3.00 2.44 3.00 2.56 2.00 2.00 2.00 3.06 4.11 2.99 2.44 1.88 1.93 2.00 2.00 1.93 1.93 2.00 1.93 2.36 4.96 7.72 8.84 8.35 8.22 7.67 7.60 8.73 9.77 9.72 10.84 10.98 11.35 11.85 11.22 10.73 9.69 8.56 8.11 9.73 10.40 7.72 6.16 7.28 7.42 6.93 6.87 6.24 5.61 6.11 4.44 3.44 2.93 5.12 4.56 3.94 4.01 3.44 4.36 4.81 3.31 2.44 4.00 4.55 3.55 3.51 3.93 4.69 4.63 3.81 3.83 4.45 5.00 4.62 4.43
