Instances/Ruegen/GMRTv3_3_20170610topo.asc
ncols 619
nrows 286
xllcorner 13.273681640625
yllcorner 54.06583577161279
cellsize 0.0010986328125
nodata_value -2147483648
[rows 68 to 101 of 286, columns 77 to 153 of 619]
5.49 4.55 3.49 4.44 7.24 4.86 4.38 3.38 3.00 4.07 3.44 3.32 4.94 4.89 6.62 7.11 7.48 7.68 6.75 5.99 5.92 6.55 6.19 4.93 5.00 5.44 4.32 4.44 4.44 5.00 4.44 3.94 3.88 4.49 4.93 4.81 7.19 6.08 7.19 7.70 7.26 5.00 4.43 4.36 4.92 7.55 8.11 5.48 4.86 3.86 4.99 5.11 4.06 4.01 4.05 3.50 2.41 1.87 1.39 5.06 6.18 6.68 -0.31 -0.67 -1.01 -1.31 -1.57 -1.77 -1.93 -2.07 -2.21 -2.36 -2.55 -2.78 -3.09 -3.44 -3.83
4.88 3.05 3.11 5.19 4.93 5.13 6.06 5.06 3.12 3.88 3.88 4.95 5.95 7.07 4.90 4.88 5.76 5.82 4.94 4.95 4.95 5.06 5.00 4.87 4.88 5.89 5.95 5.01 5.12 4.99 4.88 4.94 4.94 4.00 5.00 6.07 5.95 6.95 5.95 6.88 5.94 4.99 3.94 3.94 4.00 5.82 5.81 3.98 5.12 4.01 3.69 2.75 2.81 3.69 2.99 2.37 1.72 1.25 0.79 4.03 3.88 5.01 -0.79 -1.13 -1.44 -1.74 -1.99 -2.20 -2.38 -2.53 -2.69 -2.86 -3.05 -3.29 -3.58 -3.92 -4.28
3.90 4.88 4.97 5.13 5.97 5.13 6.09 5.05 4.05 2.99 2.99 3.07 4.03 6.08 4.08 5.00 5.09 5.09 4.95 4.03 4.03 6.05 5.00 4.91 3.95 4.07 4.12 4.13 6.10 5.97 3.95 3.99 3.90 3.91 5.00 5.08 5.13 5.12 5.08 5.99 6.00 5.92 4.00 4.00 4.00 5.04 6.01 5.89 6.05 3.03 2.91 2.96 2.91 3.03 2.32 1.58 4.72 0.68 0.25 3.33 4.22 -0.41 -1.19 -1.49 -1.78 -2.06 -2.31 -2.53 -2.73 -2.91 -3.09 -3.27 -3.48 -3.72 -4.00 -4.32 -4.65
6.71 7.21 4.97 3.81 4.19 3.33 3.90 3.88 3.57 3.62 3.62 3.62 5.67 4.77 4.69 4.31 2.76 3.45 6.12 4.98 4.29 4.95 5.69 5.00 4.43 3.38 2.95 2.95 3.29 4.33 4.98 4.62 6.10 6.10 5.00 4.93 3.95 3.88 5.00 6.69 6.76 6.62 4.47 3.93 4.00 3.33 3.29 3.79 3.72 3.50 2.38 1.81 2.93 2.86 4.12 5.71 6.03 0.16 -0.23 -0.75 -1.14 -1.22 -1.50 -1.78 -2.04 -2.30 -2.56 -2.79 -3.00 -3.21 -3.41 -3.62 -3.84 -4.08 -4.35 -4.65 -4.96
6.77 8.91 9.55 7.18 6.58 3.97 4.20 5.07 3.97 4.23 3.97 4.23 6.00 4.00 3.93 4.81 4.88 5.11 5.49 6.67 6.48 5.00 4.66 4.73 4.00 2.97 3.23 3.50 3.23 3.97 5.81 4.73 5.73 5.73 5.03 5.84 4.27 5.07 5.27 5.93 4.59 5.93 6.32 5.34 4.00 3.00 2.73 1.93 2.73 1.89 2.30 3.91 4.31 6.01 7.21 5.34 -0.26 -0.29 -0.65 -0.97 -1.26 -1.52 -1.76 -2.00 -2.23 -2.48 -2.73 -2.98 -3.21 -3.44 -3.67 -3.91 -4.15 -4.39 -4.65 -4.92 -5.21
4.99 4.96 7.96 11.02 11.05 10.04 7.04 5.02 5.02 6.01 5.02 6.03 6.02 4.03 4.02 4.01 4.00 3.99 5.97 5.96 4.97 4.99 3.99 3.98 3.99 4.00 5.01 6.00 4.98 4.99 4.99 3.98 4.99 5.00 4.00 4.00 5.00 5.00 5.99 6.00 4.00 3.03 5.02 5.99 4.00 3.01 2.01 2.01 2.00 3.11 1.99 2.00 6.01 5.97 4.97 0.17 -0.30 -0.69 -1.02 -1.29 -1.53 -1.74 -1.93 -2.13 -2.33 -2.56 -2.81 -3.07 -3.33 -3.59 -3.85 -4.11 -4.37 -4.62 -4.87 -5.12 -5.37
4.15 3.90 5.88 11.32 13.12 11.10 6.71 5.56 6.17 6.14 7.02 7.34 7.41 6.37 6.05 6.59 3.79 4.00 3.95 3.88 4.61 3.90 2.90 1.81 2.90 2.97 3.44 4.12 2.56 2.17 3.19 2.66 3.05 3.37 4.25 5.81 5.78 3.44 3.48 4.58 4.92 6.22 6.03 4.05 4.71 4.73 4.59 3.82 2.78 3.00 2.09 3.81 4.67 1.57 0.97 -0.27 -0.69 -1.05 -1.33 -1.55 -1.73 -1.88 -2.02 -2.17 -2.34 -2.55 -2.80 -3.07 -3.35 -3.65 -3.95 -4.24 -4.51 -4.77 -5.01 -5.24 -5.46
5.34 5.88 7.50 9.06 11.12 9.93 6.32 4.26 4.30 3.75 4.18 5.93 5.13 5.69 6.44 7.00 7.20 4.76 4.32 6.26 7.95 5.01 4.07 4.14 4.07 2.94 3.49 4.63 5.57 2.82 3.44 4.12 4.32 3.69 4.49 6.00 6.06 3.49 2.42 1.86 1.94 3.48 5.18 5.76 5.20 5.25 4.15 3.75 2.08 2.31 2.54 2.69 0.48 0.22 -0.23 -0.65 -1.02 -1.33 -1.57 -1.74 -1.87 -1.96 -2.06 -2.16 -2.30 -2.49 -2.73 -3.02 -3.33 -3.66 -3.99 -4.31 -4.61 -4.87 -5.10 -5.31 -5.51
9.17 8.05 7.87 7.88 8.72 9.88 9.23 7.24 5.12 6.10 6.17 6.13 9.08 9.03 7.02 7.12 7.13 8.01 7.12 10.02 9.96 6.06 4.00 4.01 4.00 4.16 3.14 4.20 5.97 5.38 4.21 2.92 1.92 1.92 3.81 5.87 4.94 2.92 1.91 1.97 2.27 2.05 2.94 3.94 3.88 2.93 2.59 2.26 1.83 3.82 1.01 0.70 0.28 -0.14 -0.55 -0.93 -1.26 -1.54 -1.74 -1.87 -1.96 -2.01 -2.07 -2.14 -2.25 -2.43 -2.67 -2.97 -3.31 -3.67 -4.03 -4.37 -4.69 -4.95 -5.18 -5.37 -5.54
8.90 8.92 7.86 6.90 5.93 8.99 10.10 7.14 6.01 6.92 7.10 6.14 6.21 5.29 5.22 8.10 7.14 6.08 6.08 7.16 7.16 6.05 4.00 3.04 3.95 5.88 7.67 8.71 8.70 9.90 7.80 4.74 3.74 3.78 4.78 5.96 5.05 4.83 4.75 4.65 5.89 3.88 3.00 4.00 2.99 2.80 2.37 1.97 1.51 2.03 0.82 0.43 0.03 -0.36 -0.74 -1.08 -1.39 -1.64 -1.82 -1.93 -1.99 -2.03 -2.07 -2.12 -2.22 -2.39 -2.64 -2.95 -3.31 -3.68 -4.06 -4.43 -4.75 -5.02 -5.24 -5.42 -5.58
13.14 11.44 10.88 9.57 9.69 8.46 6.00 5.74 7.29 7.68 5.30 4.81 4.88 4.49 3.88 5.83 5.74 5.86 6.54 6.86 6.32 4.27 4.00 4.05 3.76 6.51 9.02 8.97 8.29 8.48 8.58 6.56 4.95 5.12 4.90 4.34 3.88 5.61 5.40 7.64 4.81 5.12 4.22 4.00 3.07 2.59 2.27 2.56 1.46 1.04 0.71 0.33 -0.05 -0.41 -0.76 -1.08 -1.37 -1.61 -1.78 -1.89 -1.94 -1.98 -2.02 -2.07 -2.18 -2.35 -2.61 -2.93 -3.29 -3.68 -4.07 -4.45 -4.78 -5.06 -5.27 -5.45 -5.59
9.93 12.45 12.23 12.60 11.59 7.19 6.33 9.81 6.89 6.63 9.06 6.95 5.84 6.11 5.33 7.07 9.54 8.44 8.63 9.41 7.33 5.07 3.97 4.26 4.30 4.89 5.82 5.50 5.63 5.33 5.66 4.96 2.89 3.63 3.45 4.26 5.07 5.77 9.02 9.14 6.89 3.89 5.00 4.26 1.86 2.42 2.21 2.38 1.44 1.07 0.71 0.34 -0.01 -0.36 -0.69 -0.99 -1.26 -1.50 -1.67 -1.78 -1.84 -1.89 -1.94 -2.01 -2.12 -2.31 -2.57 -2.90 -3.27 -3.67 -4.07 -4.45 -4.79 -5.06 -5.28 -5.45 -5.59
10.01 12.01 13.99 15.98 12.97 7.98 6.98 8.97 8.00 7.02 4.99 3.99 4.00 5.00 6.00 6.98 7.96 7.96 8.98 9.98 7.99 4.99 5.00 5.00 6.00 6.01 7.01 8.02 6.02 4.00 2.98 3.98 4.01 4.01 4.99 5.00 4.99 3.98 5.96 6.97 5.99 5.01 5.00 5.01 4.03 4.02 4.02 4.01 1.47 1.10 0.75 0.40 0.06 -0.27 -0.58 -0.87 -1.13 -1.36 -1.54 -1.65 -1.73 -1.80 -1.86 -1.95 -2.08 -2.27 -2.54 -2.88 -3.26 -3.66 -4.06 -4.44 -4.78 -5.06 -5.27 -5.44 -5.58
10.59 12.22 12.86 11.89 8.12 5.10 4.95 5.40 6.27 6.55 5.32 5.17 5.94 6.94 5.30 4.87 4.07 3.82 6.57 6.54 4.65 3.97 4.05 4.23 4.13 5.15 6.30 6.60 5.55 4.85 2.93 3.75 4.00 4.77 4.75 4.93 4.68 2.90 2.85 4.10 4.97 5.07 5.85 6.10 6.20 5.10 4.32 3.82 1.46 1.10 0.75 0.42 0.09 -0.22 -0.51 -0.79 -1.04 -1.27 -1.44 -1.57 -1.66 -1.74 -1.82 -1.92 -2.06 -2.27 -2.54 -2.88 -3.26 -3.67 -4.07 -4.45 -4.79 -3.61 -3.90 -4.25 -4.62
9.34 8.68 10.43 11.68 8.96 6.44 5.86 5.37 5.84 5.41 3.88 2.81 3.86 4.43 4.30 6.50 5.55 4.96 3.75 3.33 3.95 3.95 2.93 4.05 5.61 6.12 4.99 3.86 3.93 3.93 4.07 4.00 3.52 4.52 4.95 5.59 6.07 4.50 4.01 4.64 4.63 3.99 4.03 3.57 3.46 3.35 2.60 2.42 1.42 1.06 0.73 0.41 0.10 -0.20 -0.48 -0.75 -0.99 -1.21 -1.39 -1.53 -1.63 -1.72 -1.82 -1.93 -2.08 -2.29 -2.57 -2.91 -3.29 -3.70 -4.10 -4.48 -4.81 -3.42 -3.73 -4.12 -4.55
12.20 11.11 10.10 8.65 7.78 7.95 6.99 6.94 5.82 4.83 4.95 4.17 4.11 4.00 6.07 7.12 5.15 7.23 6.23 5.23 5.16 5.18 3.22 3.04 3.89 4.83 3.94 3.88 3.88 4.00 4.10 4.08 4.37 5.27 6.27 6.28 6.00 4.99 5.05 4.00 3.05 2.94 3.59 3.48 3.01 2.61 2.19 1.78 1.40 1.05 0.73 0.42 0.12 -0.17 -0.44 -0.70 -0.94 -1.16 -1.34 -1.49 -1.61 -1.71 -1.82 -1.95 -2.12 -2.33 -2.62 -2.96 -3.34 -3.73 -4.13 -4.50 -4.83 -3.96 -4.27 -4.62 -5.00
9.32 11.10 11.92 8.66 6.94 6.99 7.96 6.90 5.90 3.99 4.04 5.06 5.06 4.00 5.14 7.20 8.02 7.15 6.15 5.10 6.97 5.15 5.06 4.92 4.05 3.99 4.00 3.90 3.90 4.00 5.92 7.69 8.84 7.88 9.07 8.11 6.05 5.96 5.96 3.95 3.96 2.90 2.85 3.03 3.00 2.00 2.14 1.74 1.37 1.03 0.72 0.42 0.13 -0.15 -0.41 -0.67 -0.90 -1.13 -1.32 -1.47 -1.61 -1.73 -1.86 -2.00 -2.18 -2.40 -2.69 -3.02 -3.40 -3.78 -4.17 -4.53 -4.85 -4.63 -4.93 -5.23 -5.54
7.95 7.77 11.01 12.36 8.65 7.46 6.81 6.19 5.93 4.00 2.95 3.95 3.88 3.33 3.35 4.30 5.97 6.02 4.21 4.93 5.95 5.22 5.15 4.40 2.95 4.07 4.00 4.00 5.20 4.46 6.53 9.12 9.21 8.06 4.71 4.77 5.02 4.21 4.88 5.65 5.05 4.57 4.12 3.07 3.07 3.05 2.56 2.94 1.29 0.97 0.67 0.37 0.09 -0.18 -0.44 -0.69 -0.92 -1.15 -1.34 -1.51 -1.66 -1.79 -1.94 -2.09 -2.28 -2.52 -2.80 -3.13 -3.49 -3.86 -4.23 -4.58 -4.88 -5.21 -5.49 -5.75 -5.99
7.78 6.21 6.59 8.56 8.78 10.49 9.71 9.79 7.64 4.53 3.00 4.00 5.10 4.04 2.94 3.75 4.67 5.18 6.96 6.64 6.03 4.93 5.47 4.00 3.22 3.37 4.47 4.53 6.03 7.21 7.85 7.48 5.56 3.50 2.93 2.90 4.15 5.83 5.51 5.50 4.72 2.83 2.87 2.15 2.15 3.16 3.51 4.99 1.14 0.83 0.54 0.25 -0.02 -0.29 -0.55 -0.79 -1.03 -1.25 -1.45 -1.62 -1.78 -1.92 -2.07 -2.24 -2.43 -2.40 -2.72 -3.10 -3.52 -3.96 -4.40 -4.82 -5.20 -5.51 -5.76 -5.98 -6.17
6.00 6.00 4.00 6.99 6.99 7.98 8.98 8.98 6.98 4.99 3.00 4.00 4.00 5.01 5.01 3.01 4.00 6.00 6.98 5.98 4.99 5.00 5.00 4.01 5.01 7.01 7.00 4.99 4.99 4.99 5.99 3.99 3.99 4.00 3.00 4.00 6.00 7.01 6.02 4.00 5.00 6.01 5.01 4.00 4.00 7.01 1.60 1.24 0.91 0.60 0.32 0.04 -0.23 -0.50 -0.75 -1.00 -1.23 -1.45 -1.65 -1.82 -1.98 -2.13 -2.28 -2.45 -2.64 -2.59 -2.88 -3.23 -3.62 -4.03 -4.43 -4.81 -5.16 -5.44 -5.66 -5.83 -5.98
6.00 6.69 6.68 6.59 6.66 4.84 4.39 4.39 4.25 4.04 4.60 5.20 5.46 6.79 6.03 5.75 4.26 5.04 4.94 3.18 3.21 3.97 4.23 5.36 5.60 6.38 5.21 3.97 3.97 3.97 4.28 2.90 3.74 3.85 5.56 5.53 5.23 6.57 8.20 6.56 5.50 5.74 5.00 3.93 5.85 2.84 1.27 0.93 0.61 0.31 0.04 -0.24 -0.51 -0.77 -1.03 -1.27 -1.51 -1.73 -1.93 -2.10 -2.25 -2.40 -2.55 -2.71 -2.89 -2.78 -3.03 -3.33 -3.65 -3.99 -4.33 -4.65 -4.93 -5.16 -5.34 -5.47 -5.56
6.05 8.02 9.97 9.56 8.90 6.54 4.00 3.53 2.88 2.88 3.88 6.71 7.12 6.22 5.64 6.65 3.95 3.93 4.58 3.42 3.42 4.05 4.00 3.46 3.93 3.86 5.05 4.42 3.95 4.00 2.93 3.60 4.42 5.98 6.36 5.95 4.58 4.10 4.61 5.80 5.22 5.64 4.11 4.23 1.24 1.22 0.90 0.58 0.28 -0.01 -0.28 -0.55 -0.82 -1.08 -1.34 -1.59 -1.82 -2.04 -2.24 -2.41 -2.56 -2.70 -2.85 -3.00 -3.17 -3.00 -3.21 -3.44 -3.69 -3.96 -4.22 -4.46 -4.68 -4.86 -4.99 -5.08 -5.13
5.06 9.08 11.02 10.01 9.92 5.96 3.99 4.05 4.07 3.96 4.85 4.84 5.85 3.94 4.05 5.79 4.95 4.11 4.00 3.90 3.90 3.06 4.01 4.04 4.00 4.00 3.95 4.90 4.95 4.10 3.21 4.05 5.11 9.28 8.28 7.17 4.11 2.90 2.90 3.05 3.05 3.74 3.97 2.81 1.11 0.83 0.53 0.23 -0.06 -0.33 -0.59 -0.86 -1.13 -1.40 -1.66 -1.91 -2.15 -2.37 -2.56 -2.73 -2.88 -3.02 -3.16 -3.32 -3.48 -3.27 -3.43 -3.62 -3.81 -4.01 -4.21 -4.40 -4.56 -4.70 -4.80 -4.85 -4.88
5.11 6.39 9.40 9.30 7.34 5.15 4.95 4.05 2.19 1.98 2.93 3.99 4.09 4.95 5.01 3.98 3.99 4.11 4.00 2.94 2.94 3.11 3.10 4.90 3.95 3.95 4.00 3.99 3.99 5.11 5.07 4.00 5.16 8.36 8.37 6.31 4.11 1.99 1.99 4.06 4.06 1.98 1.27 0.91 0.69 0.44 0.17 -0.11 -0.38 -0.64 -0.89 -1.15 -1.42 -1.69 -1.96 -2.21 -2.45 -2.67 -2.87 -3.04 -3.20 -3.34 -3.49 -3.64 -3.81 -3.59 -3.74 -3.91 -4.08 -4.26 -4.43 -4.60 -4.74 -4.86 -4.94 -4.98 -4.99
5.00 3.83 3.61 4.20 3.70 3.81 3.95 3.54 2.59 4.17 4.71 3.93 4.66 4.61 5.00 3.93 3.93 4.66 4.00 4.05 3.39 2.93 3.66 4.34 6.30 4.98 3.72 4.10 3.58 3.28 3.81 3.93 4.54 5.50 4.18 3.83 4.00 1.93 2.00 1.60 1.58 2.00 4.43 0.42 0.23 0.01 -0.23 -0.47 -0.72 -0.95 -1.20 -1.45 -1.72 -1.99 -2.26 -2.52 -2.77 -2.99 -3.19 -3.38 -3.54 -3.70 -3.85 -4.01 -4.17 -4.00 -4.16 -4.33 -4.51 -4.70 -4.88 -5.05 -5.19 -5.31 -5.39 -5.44 -5.46
4.76 4.83 3.24 4.24 6.20 6.17 4.24 3.97 3.24 2.90 4.17 4.83 3.93 3.93 4.73 5.31 5.04 3.90 4.21 4.18 4.26 4.26 3.29 4.77 5.69 5.83 9.04 13.53 11.22 7.76 6.17 5.10 4.79 4.71 4.86 4.83 4.03 3.10 2.07 0.75 0.64 2.61 7.22 -0.10 -0.26 -0.44 -0.63 -0.84 -1.06 -1.28 -1.51 -1.76 -2.03 -2.30 -2.58 -2.84 -3.10 -3.33 -3.53 -3.72 -3.90 -4.07 -4.24 -4.40 -4.57 -4.45 -4.62 -4.82 -5.02 -5.23 -5.43 -5.62 -5.78 -5.91 -6.01 -6.06 -6.10
4.00 4.00 4.00 5.00 4.00 5.00 5.00 5.00 4.00 4.00 5.00 4.00 4.00 4.00 5.00 6.00 6.00 5.00 6.00 6.99 6.99 7.00 8.99 5.99 5.00 5.00 10.00 14.01 11.01 7.00 5.00 4.00 3.00 3.00 3.00 4.00 3.00 2.00 -0.50 -0.43 3.00 -0.43 -0.49 -0.60 -0.72 -0.86 -1.03 -1.20 -1.39 -1.59 -1.81 -2.05 -2.32 -2.60 -2.88 -3.16 -3.41 -3.65 -3.86 -4.07 -4.26 -4.44 -4.62 -4.79 -4.95 -4.90 -5.09 -5.30 -5.53 -5.76 -5.98 -6.18 -6.36 -6.51 -6.61 -6.69 -6.74
4.00 4.00 4.00 4.65 6.46 5.68 5.15 4.32 4.00 4.68 5.00 4.00 3.93 4.61 4.85 5.93 6.96 8.61 12.35 15.37 11.82 8.86 8.94 11.29 8.77 6.78 8.22 6.66 5.45 5.57 4.32 3.52 4.38 4.86 4.78 2.97 1.90 2.26 -1.06 -0.97 -1.02 -0.91 -0.96 -1.03 -1.13 -1.24 -1.38 -1.53 -1.70 -1.88 -2.09 -2.33 -2.60 -2.88 -3.16 -3.44 -3.70 -3.94 -4.16 -4.38 -4.58 -4.78 -4.96 -5.14 -5.31 -5.30 -5.50 -5.72 -5.95 -6.18 -6.40 -6.61 -6.79 -6.94 -7.05 -7.13 -7.19
3.95 3.95 4.35 6.47 8.07 7.12 3.16 3.18 3.95 5.72 5.46 4.40 5.47 7.65 7.55 7.02 8.78 16.07 18.71 14.17 8.03 7.63 5.45 8.51 10.47 7.40 8.05 5.33 3.93 3.98 2.88 3.00 2.88 3.93 4.60 2.95 3.42 -2.24 -1.56 -1.64 -1.56 -1.53 -1.37 -1.42 -1.49 -1.58 -1.69 -1.83 -1.98 -2.15 -2.35 -2.59 -2.85 -3.13 -3.42 -3.70 -3.97 -4.21 -4.44 -4.66 -4.88 -5.09 -5.29 -5.48 -5.65 -5.65 -5.84 -6.04 -6.25 -6.45 -6.65 -6.83 -6.99 -7.12 -7.23 -7.30 -7.36
5.04 5.05 6.06 6.91 7.82 5.97 6.21 7.06 5.04 3.83 4.94 4.90 5.91 5.91 8.00 8.42 12.12 13.76 12.86 9.99 5.95 4.90 5.10 6.86 10.82 8.00 6.76 5.81 4.00 2.94 4.06 3.09 4.05 4.00 4.02 4.06 4.96 4.38 -2.06 2.17 2.19 2.31 -1.77 -1.79 -1.84 -1.91 -2.00 -2.12 -2.25 -2.41 -2.61 -2.84 -3.10 -3.38 -3.67 -3.95 -4.23 -4.48 -4.71 -4.95 -5.18 -5.41 -5.62 -5.82 -5.99 -5.99 -6.16 -6.33 -6.49 -6.65 -6.80 -6.94 -7.06 -7.16 -7.24 -7.31 -7.36
6.00 5.05 5.11 5.10 5.14 4.27 5.33 6.10 6.00 5.72 5.89 4.88 4.04 5.11 8.00 13.15 10.27 12.09 12.15 10.95 5.95 5.05 5.23 5.94 8.14 8.05 4.98 4.93 4.00 3.89 3.05 4.01 4.00 4.39 2.50 3.44 4.04 6.07 -2.47 4.14 1.00 -1.56 -2.10 -2.11 -2.14 -2.20 -2.28 -2.38 -2.50 -2.65 -2.84 -3.07 -3.33 -3.61 -3.90 -4.18 -4.46 -4.71 -4.95 -5.20 -5.45 -5.69 -5.92 -6.13 -6.31 -6.30 -6.44 -6.57 -6.68 -6.79 -6.88 -6.97 -7.04 -7.11 -7.17 -7.22 -7.26
4.54 4.52 4.22 4.79 4.89 3.25 2.68 3.18 3.18 3.59 5.35 4.79 5.49 6.15 8.07 8.28 9.15 10.03 8.33 8.29 6.55 4.45 2.75 6.98 6.37 7.02 5.00 3.95 4.07 4.07 4.63 5.36 3.42 -0.66 -3.94 -0.52 3.52 3.99 -3.16 -2.86 -0.50 -2.73 -2.29 -2.30 -2.33 -2.39 -2.48 -2.58 -2.71 -2.86 -3.05 -3.27 -3.53 -3.80 -4.08 -4.37 -4.64 -4.89 -5.14 -5.40 -5.66 -5.91 -6.15 -6.37 -6.56 -6.53 -6.64 -6.74 -6.81 -6.87 -6.92 -6.96 -7.00 -7.04 -7.09 -7.12 -7.15
3.82 5.32 8.08 8.08 8.88 8.52 6.70 5.37 5.37 6.67 6.73 8.47 8.23 7.05 6.98 6.95 5.56 7.68 6.93 5.70 5.18 6.35 5.60 8.30 6.20 5.90 5.20 3.95 3.16 3.18 4.54 2.76 3.17 3.50 2.59 2.23 2.25 5.00 4.46 -0.99 5.79 3.04 -2.27 -2.30 -2.37 -2.46 -2.58 -2.71 -2.86 -3.03 -3.22 -3.44 -3.69 -3.95 -4.22 -4.49 -4.75 -5.00 -5.25 -5.51 -5.78 -6.04 -6.29 -6.51 -6.70 -6.65 -6.75 -6.83 -6.88 -6.92 -6.94 -6.97 -6.99 -7.01 -7.04 -7.07 -7.09
7.92 11.96 12.97 12.93 11.96 8.99 7.01 6.00 6.00 7.99 10.01 8.01 5.03 5.02 5.01 6.01 5.00 5.01 7.01 5.00 5.00 5.01 7.01 9.02 8.00 6.99 7.00 5.99 4.00 3.00 2.99 3.99 5.98 5.99 3.98 2.99 2.94 5.01 5.04 3.04 5.01 -1.97 -2.01 -2.10 -2.24 -2.41 -2.61 -2.81 -3.02 -3.22 -3.42 -3.63 -3.86 -4.09 -4.33 -4.57 -4.81 -5.04 -5.28 -5.54 -5.80 -6.06 -6.31 -6.53 -6.73 -6.65 -6.75 -6.82 -6.87 -6.91 -6.94 -6.96 -6.98 -7.01 -7.04 -7.06 -7.08
