Instances/Ruegen/GMRTv3_3_20170610topo.asc
ncols 619
nrows 286
xllcorner 13.273681640625
yllcorner 54.06583577161279
cellsize 0.0010986328125
nodata_value -2147483648
[rows 0 to 33 of 286, columns 308 to 384 of 619]
34.87 41.36 43.39 43.95 45.29 46.41 49.34 55.18 62.83 68.28 73.18 81.95 93.19 100.01 99.67 94.64 86.41 77.41 68.68 62.66 56.84 51.38 45.00 41.33 35.26 31.03 24.99 21.77 23.44 25.48 20.24 15.23 13.37 13.20 11.53 9.41 6.96 7.04 7.20 5.83 5.63 9.89 13.69 12.59 7.74 5.79 4.86 5.77 6.80 9.75 13.75 18.81 21.30 22.74 17.94 12.86 11.27 11.72 14.07 16.64 19.02 22.10 22.19 22.02 22.65 24.22 27.23 32.81 39.04 37.23 34.65 33.92 29.56 25.61 23.55 19.44 18.42
30.17 32.99 35.32 39.95 45.92 52.29 54.23 57.06 65.27 70.27 70.50 71.17 77.23 86.13 89.97 85.42 79.30 72.20 63.04 55.99 48.47 41.27 35.19 32.72 30.43 25.63 22.13 20.78 21.48 19.92 18.10 16.33 13.19 10.49 8.49 9.13 8.60 7.54 6.53 5.94 7.19 7.49 9.87 10.58 8.81 6.08 5.59 6.08 7.14 8.56 12.04 16.50 23.33 28.56 26.46 18.91 13.82 13.30 14.36 14.44 13.40 13.82 14.43 14.43 15.51 16.52 19.65 18.72 19.64 18.23 18.48 21.26 21.42 20.05 19.11 17.68 17.13
32.26 35.68 42.28 48.22 49.22 52.63 54.48 56.73 60.52 65.32 66.53 64.81 62.87 65.44 66.80 64.12 61.82 60.09 55.24 47.22 38.09 34.19 31.66 29.18 27.72 28.76 28.71 26.50 20.18 14.81 12.23 10.12 9.59 7.45 5.86 6.68 7.42 6.83 5.95 6.90 4.68 4.86 5.76 4.61 2.91 3.93 4.56 3.76 3.68 4.90 7.51 11.99 17.06 21.80 26.64 30.27 33.29 32.83 31.09 27.32 23.18 22.11 20.88 20.71 19.62 18.68 19.50 19.43 15.03 12.30 10.39 10.03 11.76 11.78 10.76 11.85 12.92
35.81 48.64 55.70 57.75 54.76 50.91 50.05 50.22 54.27 59.17 63.01 63.92 61.88 57.93 54.07 49.24 46.41 41.56 35.59 28.49 22.35 20.29 21.22 23.16 25.16 28.24 27.26 22.29 18.21 14.09 9.97 9.96 9.99 7.96 6.00 6.00 5.99 5.03 5.03 5.03 3.98 5.02 4.00 3.98 4.00 4.02 3.00 2.03 3.00 3.08 5.05 5.08 10.17 14.17 21.22 28.27 34.31 37.29 35.17 29.14 25.18 24.23 21.21 19.19 19.08 21.91 24.83 24.81 19.78 9.89 7.01 8.04 6.07 5.10 5.07 5.08 6.10
44.57 55.75 60.93 63.26 61.30 57.60 50.89 45.33 48.04 57.15 66.41 70.60 67.56 62.22 54.55 44.22 33.99 25.02 19.51 16.32 14.92 13.55 15.59 18.44 17.29 17.58 14.62 11.21 11.07 10.18 8.92 7.62 7.70 6.41 5.29 5.37 4.26 4.29 4.29 5.07 4.40 3.96 4.33 4.40 4.07 2.18 3.00 2.71 3.00 2.60 3.26 4.29 5.48 8.85 13.14 17.21 19.54 22.69 24.58 19.47 12.46 9.24 9.02 10.58 17.00 25.00 28.33 28.40 24.36 15.55 8.44 6.00 4.18 3.96 3.96 4.29 3.55
48.63 60.49 66.74 68.07 66.43 64.77 60.85 56.24 56.78 60.86 68.48 71.14 67.56 59.45 49.40 35.54 23.24 17.06 14.78 12.45 10.42 10.09 11.69 12.99 11.75 10.32 10.63 9.69 10.33 9.73 7.73 5.61 4.85 4.57 5.00 3.52 3.95 4.00 4.00 3.52 3.29 4.00 4.00 3.19 3.15 3.29 2.91 2.95 3.00 3.71 3.00 4.00 5.40 7.06 8.92 8.29 7.74 8.64 8.85 6.67 4.32 3.42 3.83 4.40 7.86 12.33 15.01 14.35 11.69 8.25 6.26 4.57 4.71 4.00 4.00 3.64 3.00
55.78 63.27 64.91 63.80 62.86 63.94 65.14 64.19 61.23 62.09 67.74 67.54 59.23 47.92 35.89 23.13 16.52 12.68 12.81 12.85 10.00 10.10 12.21 12.00 11.02 9.02 6.94 8.03 7.97 6.86 4.86 3.96 5.00 5.93 4.94 4.05 4.97 4.06 4.07 4.11 4.07 4.07 4.07 6.09 7.21 7.07 5.02 3.98 3.00 3.00 2.99 4.00 4.83 3.81 3.81 3.85 3.96 3.92 2.85 2.96 3.02 3.06 2.95 2.95 2.91 3.79 4.76 3.72 3.81 4.83 3.89 4.00 4.07 4.07 4.00 3.00 3.00
67.53 67.71 66.67 65.53 65.42 66.48 66.88 64.33 60.73 59.17 56.88 51.81 38.85 24.30 16.54 11.74 9.39 9.09 8.23 8.23 9.94 11.82 14.09 12.99 13.06 11.06 8.07 8.33 5.52 4.31 3.12 4.00 4.94 5.05 3.06 3.07 4.85 5.94 5.07 4.21 4.21 4.21 4.21 4.27 4.61 3.39 4.05 2.93 3.87 3.87 4.79 4.00 2.97 2.93 2.99 2.93 3.07 4.00 2.79 2.07 4.07 4.94 4.79 3.75 4.49 6.33 4.61 3.73 2.80 2.85 2.93 4.00 5.01 5.07 4.87 2.94 2.94
67.82 67.82 67.30 66.65 69.24 68.70 64.61 57.61 50.68 43.93 34.87 22.83 14.85 10.27 8.59 7.83 8.42 10.09 10.11 9.98 12.01 13.54 12.40 9.32 8.26 6.19 5.85 4.28 2.88 3.49 3.54 5.16 5.58 4.55 4.60 4.60 4.46 3.72 3.33 2.26 2.88 4.03 4.10 4.61 4.03 3.54 3.49 4.67 3.46 4.00 3.94 4.00 3.00 3.45 3.00 4.06 4.60 4.07 3.51 3.06 3.49 3.88 3.26 6.05 10.32 9.73 9.84 6.73 6.78 6.75 5.01 3.93 4.46 3.94 4.52 4.12 4.12
58.94 58.96 60.47 63.93 67.87 65.43 56.04 43.30 30.90 21.91 15.31 10.23 9.61 10.86 9.86 8.00 9.86 10.98 13.05 15.24 14.98 14.94 11.89 7.39 6.39 5.41 5.21 4.21 3.44 4.00 4.23 4.72 3.93 3.93 4.79 4.82 3.79 4.96 4.09 4.39 4.07 5.02 3.72 3.70 4.59 3.77 4.00 3.93 2.98 3.79 3.98 4.21 3.16 3.82 3.16 3.95 4.93 3.29 2.95 3.18 4.00 4.86 5.39 7.48 10.79 8.54 8.75 6.09 5.70 7.79 8.35 5.41 3.95 3.77 2.93 2.93 2.93
57.97 57.01 59.07 61.18 61.30 55.34 44.32 32.22 25.05 21.93 16.87 12.88 10.91 9.97 9.01 8.01 9.03 12.00 13.95 14.00 12.05 11.06 7.08 7.08 6.06 7.03 6.03 5.02 4.02 4.00 4.02 4.01 4.00 4.00 4.00 3.02 3.00 3.02 3.02 3.03 4.01 4.03 2.98 3.98 2.98 3.95 3.97 4.00 3.98 2.98 5.00 4.99 5.97 4.97 5.97 5.95 7.95 6.98 4.95 4.98 4.00 4.00 4.05 9.02 10.01 6.02 6.99 8.94 5.94 6.98 9.00 9.94 5.94 3.98 3.00 3.00 3.00
57.52 53.00 49.87 43.73 37.68 32.19 25.94 21.93 21.14 21.08 19.83 18.32 15.21 10.62 7.89 6.82 8.24 13.14 17.74 15.26 11.11 9.46 6.11 3.90 3.86 4.21 3.93 3.97 3.27 3.27 3.20 3.69 4.00 3.93 3.93 3.65 3.58 3.65 3.65 3.73 2.97 2.97 4.11 4.00 4.69 6.94 6.79 4.65 4.80 3.89 3.09 5.23 6.00 4.93 6.07 7.18 7.50 6.11 5.38 4.27 4.80 3.93 3.69 7.24 8.97 8.90 11.24 11.79 8.38 8.69 8.13 10.31 7.42 4.00 3.00 3.00 3.80
42.58 37.91 32.42 27.16 24.06 23.03 21.95 20.40 18.55 16.26 16.38 15.00 13.17 10.10 9.12 9.67 10.53 12.68 12.66 10.37 7.77 5.03 3.43 3.95 5.07 4.43 4.00 4.00 3.71 3.76 4.07 3.62 4.00 5.07 5.45 5.50 6.19 5.07 4.69 3.57 2.95 2.52 2.93 4.76 6.40 5.56 7.38 6.02 4.26 6.10 5.10 6.55 6.85 6.55 4.93 4.43 3.31 3.43 3.93 3.57 3.93 4.69 4.00 6.77 8.29 9.24 11.29 12.05 8.71 11.21 10.90 10.33 5.88 3.57 3.00 3.00 2.93
27.40 24.37 22.54 20.79 18.78 18.80 19.84 18.93 18.09 19.16 18.06 15.81 11.79 7.85 7.80 6.71 5.79 5.74 5.80 5.76 4.88 4.00 4.12 4.97 5.08 4.12 4.01 4.00 5.89 4.93 4.01 2.99 4.00 4.92 5.93 4.88 4.88 4.92 4.09 3.97 3.97 4.10 3.08 5.93 8.06 8.06 7.84 6.97 6.05 7.06 6.05 4.90 5.82 5.05 5.23 5.35 5.24 4.26 4.22 4.26 4.14 4.14 3.99 2.94 5.80 8.01 8.96 10.82 11.06 12.85 12.01 12.14 7.29 4.35 3.20 2.96 2.99
24.91 20.02 19.08 19.17 18.10 16.28 17.40 16.47 17.48 15.71 10.88 7.49 5.33 4.23 5.15 4.15 4.17 4.17 3.17 3.10 2.99 3.94 5.01 4.05 5.19 4.26 3.06 4.00 3.10 3.11 3.06 3.82 3.94 3.93 4.11 3.11 3.11 3.99 3.25 2.99 2.99 3.06 3.95 4.17 5.47 6.35 6.03 6.05 6.06 5.30 5.12 5.88 6.75 8.78 8.92 9.93 8.67 9.56 8.62 9.50 8.44 7.61 4.77 3.95 3.92 6.30 8.18 6.33 9.30 10.21 10.30 11.36 8.39 8.98 10.50 8.17 3.77
26.76 21.76 19.07 17.45 15.96 14.31 13.27 13.53 11.79 10.21 9.87 10.67 10.29 8.09 5.36 3.37 2.88 3.51 3.99 4.13 5.74 5.76 5.07 3.51 4.01 4.70 4.12 3.44 3.00 2.93 4.06 5.12 5.12 4.49 3.37 2.86 3.56 3.93 2.80 3.43 3.43 5.68 5.55 3.44 2.82 3.19 4.31 4.81 5.24 5.93 7.12 7.56 7.92 9.29 8.80 10.43 12.73 13.31 12.10 13.23 15.41 13.22 8.53 5.41 4.99 4.94 5.82 6.07 7.94 7.75 7.75 7.83 5.89 8.51 9.24 11.18 6.97
24.24 19.44 17.76 15.73 14.71 14.63 12.56 9.51 9.00 10.64 14.44 16.19 16.19 14.54 11.34 6.37 4.52 4.00 4.85 4.97 4.68 3.58 4.15 4.00 2.93 2.86 3.15 3.22 3.20 3.82 4.03 3.73 3.93 4.22 4.96 5.59 4.69 5.07 6.24 5.95 5.95 7.71 6.68 4.88 4.07 5.39 5.27 7.43 11.38 14.32 11.90 11.81 12.63 14.54 12.91 13.14 14.88 12.71 12.82 11.90 18.15 18.49 14.31 9.66 6.27 5.00 5.03 4.98 7.61 10.27 8.54 6.15 5.95 8.78 11.14 9.88 12.54
20.03 17.02 15.02 14.02 14.00 12.98 10.98 10.96 12.95 13.98 14.98 16.98 17.00 14.02 9.02 7.02 6.02 3.99 4.00 6.00 4.98 4.98 5.01 4.01 3.00 2.99 4.00 4.00 5.00 3.99 3.01 2.00 3.99 4.99 8.01 7.01 6.01 4.99 5.01 4.01 4.01 3.03 3.02 3.01 4.01 5.01 6.98 14.93 24.91 28.94 19.94 13.99 15.00 14.00 14.00 13.00 13.01 12.00 12.99 12.98 15.03 17.03 13.02 11.02 8.00 4.99 4.00 3.02 4.02 5.05 9.03 6.99 7.99 8.00 11.01 11.99 12.02
16.31 14.41 13.08 12.89 13.33 14.47 14.91 15.58 17.58 16.80 17.88 18.11 15.30 11.12 7.82 5.53 4.68 5.11 4.07 3.41 4.55 4.26 3.97 2.97 3.74 3.96 4.82 3.93 4.78 4.07 3.07 3.03 4.22 6.11 7.19 6.12 6.15 5.36 4.33 4.07 4.00 3.67 2.93 2.93 3.64 5.52 9.15 18.33 26.32 27.59 21.32 14.14 13.23 13.55 13.55 12.18 12.93 12.67 13.74 15.21 14.41 12.86 9.60 7.45 7.04 6.85 5.85 3.82 4.07 3.23 4.50 6.69 6.30 6.44 9.30 11.12 9.34
16.95 15.12 14.64 14.32 12.17 12.20 14.38 16.29 17.85 16.80 17.17 16.43 13.09 12.12 10.59 8.49 5.79 3.88 3.32 3.62 3.95 3.95 4.00 3.00 4.05 5.12 3.98 4.73 3.93 2.93 2.32 3.00 4.23 4.58 3.00 3.46 3.41 3.48 2.93 2.88 4.35 5.37 4.71 4.76 5.76 10.30 16.79 23.75 26.35 25.93 21.29 16.73 14.43 14.09 14.09 13.76 13.97 14.02 13.90 12.76 11.81 9.36 6.81 6.55 5.93 5.48 4.93 3.27 3.32 3.40 2.93 3.46 4.04 6.28 6.35 7.33 6.12
15.18 14.04 16.20 18.16 16.25 13.97 13.76 19.20 21.34 21.47 21.23 18.26 13.21 11.04 9.95 10.06 7.19 5.13 3.98 4.13 5.15 5.06 4.00 3.00 2.95 3.95 2.94 2.95 3.90 2.99 3.00 3.09 3.96 2.95 2.07 3.16 4.12 4.22 3.17 4.14 6.05 8.29 9.34 8.36 9.27 14.19 22.06 27.05 28.14 26.17 24.37 22.47 20.34 18.19 18.28 17.18 16.18 15.21 16.08 15.18 13.13 11.18 8.13 7.06 6.10 6.05 4.90 4.96 4.01 3.89 3.07 3.26 5.20 5.01 4.00 4.14 4.05
17.02 15.06 16.12 16.94 15.95 11.99 12.93 18.39 22.24 24.03 22.63 21.70 17.59 11.96 9.89 9.11 8.24 6.90 6.68 5.85 5.12 4.11 4.00 3.00 3.00 4.00 3.89 2.95 3.83 3.78 2.89 4.01 2.94 3.00 4.80 6.86 6.91 7.02 5.97 5.01 5.95 9.18 10.18 12.03 11.80 14.90 20.88 26.95 29.01 28.91 27.03 25.08 21.18 19.01 20.07 18.90 17.79 19.59 17.62 16.79 14.79 12.85 9.90 6.05 6.12 6.11 4.99 3.99 3.00 4.67 6.74 7.09 5.17 4.11 4.00 5.24 4.17
16.93 14.32 15.93 20.81 20.46 15.13 11.67 15.28 21.05 24.14 28.55 26.06 20.11 13.63 12.32 7.91 5.89 6.35 7.00 7.12 5.72 5.23 4.51 3.37 3.44 4.95 6.04 6.17 6.66 7.20 7.36 5.60 5.14 4.16 5.07 5.37 5.40 5.40 4.23 5.51 8.72 9.55 9.97 10.91 14.62 18.20 24.41 28.19 28.49 29.07 27.00 23.95 19.88 19.00 18.44 18.56 20.11 22.76 21.09 19.04 17.04 13.40 9.93 7.63 5.35 3.24 2.82 3.93 6.27 7.18 4.79 3.19 4.02 3.42 3.35 2.82 2.88
18.37 18.33 17.19 19.12 18.55 18.29 16.90 18.29 21.20 20.82 22.49 22.56 19.20 13.58 8.81 5.93 6.29 7.13 6.82 5.46 3.85 4.93 6.31 7.19 7.03 9.37 12.29 10.98 9.91 9.02 10.22 9.50 7.46 5.39 4.11 5.21 7.04 7.04 6.12 6.84 10.66 12.73 12.97 14.15 16.54 20.34 22.70 25.47 26.54 27.54 26.79 23.76 21.07 18.53 16.48 15.70 19.67 21.63 22.01 20.19 18.10 14.52 11.49 7.92 6.04 4.34 4.31 5.04 6.47 5.43 4.00 4.07 2.90 2.97 4.07 4.34 4.34
17.01 14.01 13.02 11.01 11.02 13.02 13.01 13.01 13.01 12.01 11.02 11.02 11.02 10.01 8.01 6.00 5.01 5.01 4.01 4.00 4.00 5.00 7.00 7.99 12.00 12.99 12.00 10.00 9.00 10.99 13.99 14.99 11.99 9.99 6.99 7.00 8.00 8.00 7.00 6.00 7.00 9.01 10.01 14.01 18.01 20.01 19.01 21.01 22.01 23.01 25.01 23.00 21.00 17.00 14.00 12.01 13.01 14.02 15.02 16.02 17.01 16.99 14.99 10.99 6.99 4.00 5.00 6.00 7.00 4.99 4.00 4.00 4.00 4.00 4.00 4.00 4.00
7.46 7.83 6.41 6.55 5.44 6.49 7.79 8.62 8.62 8.45 6.89 5.52 5.52 6.16 4.36 4.14 3.90 2.87 3.73 4.68 4.61 5.76 8.66 11.38 12.97 12.17 10.14 10.00 11.54 12.79 14.20 16.99 17.21 13.08 9.32 8.34 9.27 9.36 6.77 6.00 7.00 7.14 6.21 6.29 7.55 11.76 16.26 18.40 19.95 21.71 20.97 19.17 19.63 19.06 16.74 13.51 10.67 8.17 5.60 6.19 12.28 17.91 19.75 17.66 11.60 5.30 3.12 6.42 7.15 7.20 5.38 5.10 5.79 4.76 4.68 3.93 3.85
3.45 3.84 4.52 3.45 3.11 3.45 4.04 3.97 3.97 3.31 2.79 2.86 2.86 5.59 5.48 5.84 5.84 4.32 4.25 6.02 6.62 6.72 6.19 6.46 9.53 12.97 12.30 10.77 12.00 13.46 15.53 18.53 20.60 17.67 12.44 8.35 8.74 9.27 10.15 6.87 8.28 9.61 11.21 11.87 11.80 13.30 14.93 13.97 15.07 16.66 14.90 14.79 17.38 19.26 17.62 12.67 8.61 4.84 7.66 6.58 7.65 9.09 16.28 16.37 10.08 4.84 4.19 3.54 4.50 4.50 3.88 4.80 5.59 5.36 6.43 5.84 7.32
2.89 2.95 4.01 3.00 2.10 3.00 3.00 3.00 3.00 3.00 3.10 3.09 3.10 4.90 6.00 7.94 7.94 8.25 8.25 7.23 8.28 10.39 11.75 12.74 15.56 15.11 13.92 12.86 11.92 12.86 14.86 17.67 19.57 16.68 9.87 7.47 7.82 7.76 8.37 6.94 9.04 13.92 14.79 14.79 14.77 14.92 15.02 13.13 11.82 12.48 13.48 14.46 15.08 12.80 8.91 4.39 12.61 11.90 10.53 9.67 8.66 7.75 3.66 4.52 4.33 3.60 3.00 2.60 2.86 2.85 4.94 4.95 5.00 7.06 8.05 8.16 10.16
2.95 3.05 3.05 3.00 3.01 3.00 3.00 3.00 3.00 3.00 4.01 4.96 4.06 3.99 5.90 7.74 7.69 9.76 9.81 10.72 12.67 14.88 17.90 19.91 18.23 14.25 11.29 10.18 9.24 11.09 13.24 13.43 13.62 10.59 6.45 6.35 4.22 4.81 3.91 7.85 10.91 10.23 8.52 8.52 10.43 12.39 13.56 11.66 8.25 10.75 10.69 2.31 10.02 9.28 9.49 8.89 8.16 7.51 6.90 6.27 5.54 4.78 4.04 3.31 2.69 2.20 1.90 1.78 1.79 1.92 4.84 4.95 5.00 6.10 8.00 8.05 10.11
3.21 3.14 4.05 3.00 3.00 2.34 3.00 3.00 2.41 2.41 4.07 3.95 3.99 5.57 9.08 12.20 13.85 14.27 11.37 11.32 12.34 12.38 14.33 13.04 10.51 8.75 7.26 7.51 8.09 10.72 6.86 6.26 5.17 5.01 5.11 5.15 5.45 4.75 5.44 8.00 10.07 7.20 5.85 5.91 5.84 7.14 6.18 5.35 7.56 7.32 7.15 7.32 6.50 6.06 5.57 5.06 4.55 4.07 3.65 3.25 2.80 2.35 1.92 1.55 1.27 1.09 1.07 1.20 1.48 1.86 6.28 6.05 5.00 6.59 8.66 9.65 10.59
2.90 3.47 3.75 3.00 3.00 3.04 3.25 3.25 2.00 1.97 2.90 4.25 7.18 10.03 13.12 15.33 17.27 16.69 13.98 10.80 9.71 7.28 5.89 5.33 4.51 3.63 4.43 4.25 5.71 5.14 5.10 4.71 4.42 4.21 4.07 4.06 4.17 4.36 4.59 4.75 4.85 5.25 5.28 5.27 5.21 5.11 4.97 4.81 4.62 4.40 4.17 3.89 3.55 3.17 2.77 2.38 2.01 1.69 1.44 1.22 1.00 0.80 0.65 0.50 0.48 1.23 0.79 1.13 1.60 2.17 2.56 5.75 5.03 6.78 7.96 10.00 10.75
4.00 3.00 3.00 3.00 3.00 4.00 4.00 4.00 2.00 3.01 4.01 5.00 5.99 6.99 6.98 8.97 12.96 13.96 12.97 10.98 7.99 5.99 4.00 7.33 6.75 6.20 5.75 5.33 4.92 4.51 4.13 3.78 3.47 3.23 3.06 3.00 3.03 3.15 3.30 3.46 3.60 3.68 3.67 3.58 3.44 3.26 3.04 2.81 2.56 2.32 2.10 1.86 1.59 1.30 1.01 0.74 0.51 0.33 0.23 0.18 0.15 0.16 0.21 2.01 2.00 2.00 1.14 1.62 2.24 2.95 3.72 5.00 4.00 4.99 6.99 10.00 10.00
2.21 3.00 2.67 3.00 2.16 2.21 3.23 3.74 3.72 4.72 4.81 4.86 4.90 4.87 4.11 3.36 3.58 8.29 8.24 7.84 7.35 2.04 6.11 6.56 5.96 5.39 4.91 4.47 4.03 3.60 3.20 2.82 2.49 2.21 2.00 1.88 1.85 1.89 1.96 2.05 2.12 2.14 2.10 1.97 1.81 1.60 1.37 1.14 0.91 0.71 0.53 0.37 0.19 0.01 -0.15 -0.28 -0.37 -0.40 -0.35 -0.25 -0.11 0.08 0.32 1.50 5.39 3.53 2.52 3.62 3.23 4.05 3.42 3.21 3.23 3.97 5.21 8.97 11.79
2.42 3.00 3.59 3.37 3.28 3.05 3.26 4.79 5.44 6.86 9.37 7.93 6.86 7.28 6.34 3.84 2.35 8.56 8.12 7.85 7.44 7.32 6.36 5.75 5.15 4.58 4.09 3.64 3.18 2.73 2.29 1.89 1.52 1.21 0.96 0.79 0.70 0.67 0.68 0.70 0.71 0.70 0.63 0.52 0.36 0.18 -0.01 -0.19 -0.36 -0.50 -0.60 -0.67 -0.74 -0.80 -0.83 -0.82 -0.77 -0.66 -0.48 -0.24 0.05 0.39 0.78 1.01 1.14 4.37 5.14 2.88 3.15 3.72 2.35 3.00 3.00 4.00 5.00 8.63 12.00
