Instances/Ruegen/GMRTv3_3_20170610topo.asc
ncols 619
nrows 286
xllcorner 13.273681640625
yllcorner 54.06583577161279
cellsize 0.0010986328125
nodata_value -2147483648
[rows 102 to 135 of 286, columns 539 to 615 of 619]
-8.74 -8.89 -9.03 -9.17 -9.32 -9.49 -9.67 -9.85 -10.02 -10.17 -10.29 -10.37 -10.40 -10.38 -10.32 -10.25 -10.17 -10.11 -10.07 -10.06 -10.11 -10.18 -10.28 -10.39 -10.50 -10.61 -10.69 -10.73 -10.76 -10.76 -10.76 -10.74 -10.71 -10.66 -10.59 -10.52 -10.41 -10.27 -10.11 -9.93 -9.76 -9.59 -9.45 -9.33 -9.24 -9.16 -9.10 -9.04 -9.00 -8.97 -8.95 -8.93 -8.94 -8.96 -8.99 -9.04 -9.09 -9.13 -9.16 -9.18 -9.19 -9.19 -9.18 -9.17 -9.15 -9.14 -9.12 -9.10 -9.08 -9.04 -9.00 -8.96 -8.92 -8.90 -8.89 -8.90 -8.93
-8.78 -8.96 -9.13 -9.27 -9.42 -9.57 -9.72 -9.86 -10.00 -10.11 -10.19 -10.24 -10.24 -10.19 -10.11 -10.01 -9.91 -9.82 -9.76 -9.75 -9.79 -9.88 -9.99 -10.12 -10.26 -10.37 -10.46 -10.51 -10.52 -10.51 -10.48 -10.43 -10.36 -10.29 -10.20 -10.11 -9.99 -9.85 -9.68 -9.51 -9.34 -9.18 -9.04 -8.94 -8.86 -8.80 -8.76 -8.73 -8.71 -8.70 -8.70 -8.71 -8.74 -8.80 -8.86 -8.94 -9.02 -9.09 -9.14 -9.17 -9.18 -9.17 -9.16 -9.13 -9.10 -9.06 -9.03 -9.00 -8.97 -8.92 -8.87 -8.82 -8.78 -8.75 -8.73 -8.74 -8.77
-8.79 -8.99 -9.17 -9.32 -9.45 -9.59 -9.71 -9.83 -9.93 -10.00 -10.06 -10.08 -10.06 -9.99 -9.89 -9.77 -9.65 -9.54 -9.47 -9.46 -9.50 -9.59 -9.72 -9.86 -10.00 -10.13 -10.23 -10.27 -10.27 -10.24 -10.19 -10.11 -10.02 -9.92 -9.81 -9.71 -9.59 -9.45 -9.29 -9.13 -8.97 -8.83 -8.70 -8.61 -8.55 -8.51 -8.48 -8.47 -8.48 -8.49 -8.51 -8.55 -8.59 -8.67 -8.76 -8.85 -8.95 -9.04 -9.10 -9.14 -9.15 -9.14 -9.12 -9.08 -9.03 -8.99 -8.94 -8.91 -8.87 -8.82 -8.77 -8.72 -8.68 -8.65 -8.64 -8.65 -8.69
-8.71 -8.91 -9.09 -9.24 -9.36 -9.48 -9.59 -9.69 -9.77 -9.83 -9.86 -9.88 -9.85 -9.77 -9.66 -9.54 -9.42 -9.31 -9.24 -9.22 -9.26 -9.35 -9.47 -9.61 -9.75 -9.88 -9.97 -10.00 -9.99 -9.94 -9.87 -9.78 -9.67 -9.55 -9.44 -9.33 -9.22 -9.09 -8.96 -8.82 -8.69 -8.57 -8.47 -8.40 -8.36 -8.33 -8.33 -8.34 -8.36 -8.38 -8.42 -8.46 -8.52 -8.59 -8.68 -8.78 -8.88 -8.96 -9.03 -9.06 -9.07 -9.06 -9.03 -8.98 -8.94 -8.89 -8.84 -8.81 -8.78 -8.74 -8.70 -8.67 -8.64 -8.63 -8.63 -8.66 -8.70
-8.60 -8.77 -8.93 -9.06 -9.17 -9.27 -9.37 -9.45 -9.52 -9.57 -9.61 -9.62 -9.59 -9.52 -9.42 -9.30 -9.19 -9.10 -9.03 -9.01 -9.04 -9.12 -9.23 -9.36 -9.49 -9.59 -9.67 -9.69 -9.67 -9.60 -9.51 -9.40 -9.28 -9.15 -9.04 -8.94 -8.85 -8.76 -8.67 -8.58 -8.50 -8.43 -8.37 -8.33 -8.32 -8.32 -8.34 -8.36 -8.40 -8.44 -8.48 -8.52 -8.57 -8.63 -8.69 -8.76 -8.82 -8.88 -8.92 -8.94 -8.94 -8.92 -8.89 -8.84 -8.80 -8.75 -8.72 -8.70 -8.68 -8.67 -8.66 -8.66 -8.67 -8.68 -8.72 -8.76 -8.82
-8.46 -8.59 -8.72 -8.82 -8.92 -9.01 -9.09 -9.17 -9.23 -9.28 -9.31 -9.32 -9.30 -9.24 -9.16 -9.07 -8.98 -8.90 -8.84 -8.82 -8.85 -8.92 -9.01 -9.11 -9.21 -9.30 -9.35 -9.36 -9.32 -9.24 -9.14 -9.01 -8.88 -8.75 -8.64 -8.56 -8.50 -8.45 -8.41 -8.38 -8.36 -8.34 -8.34 -8.34 -8.35 -8.38 -8.42 -8.47 -8.51 -8.56 -8.61 -8.64 -8.67 -8.70 -8.73 -8.76 -8.78 -8.79 -8.80 -8.81 -8.79 -8.76 -8.73 -8.69 -8.64 -8.61 -8.59 -8.59 -8.60 -8.62 -8.65 -8.69 -8.74 -8.79 -8.86 -8.93 -9.02
-8.30 -8.40 -8.49 -8.57 -8.65 -8.72 -8.80 -8.87 -8.93 -8.98 -9.01 -9.03 -9.01 -8.97 -8.91 -8.84 -8.78 -8.71 -8.67 -8.66 -8.68 -8.73 -8.80 -8.88 -8.96 -9.02 -9.05 -9.05 -9.00 -8.91 -8.79 -8.65 -8.52 -8.39 -8.29 -8.22 -8.19 -8.18 -8.18 -8.20 -8.22 -8.26 -8.29 -8.32 -8.36 -8.41 -8.46 -8.52 -8.58 -8.63 -8.67 -8.70 -8.72 -8.73 -8.73 -8.73 -8.72 -8.70 -8.69 -8.68 -8.66 -8.63 -8.59 -8.55 -8.52 -8.50 -8.49 -8.51 -8.55 -8.60 -8.67 -8.75 -8.84 -8.93 -9.03 -9.14 -9.24
-8.13 -8.20 -8.27 -8.34 -8.40 -8.46 -8.53 -8.59 -8.65 -8.70 -8.73 -8.75 -8.75 -8.72 -8.68 -8.64 -8.59 -8.55 -8.52 -8.67 -8.67 -8.68 -8.70 -8.71 -8.72 -8.72 -8.70 -8.66 -8.58 -8.48 -8.36 -8.23 -8.10 -7.98 -7.89 -7.83 -7.81 -7.81 -7.83 -7.87 -7.92 -7.97 -8.03 -8.07 -8.12 -8.18 -8.25 -8.31 -8.38 -8.44 -8.49 -8.53 -8.56 -8.57 -8.58 -8.58 -8.58 -8.58 -8.59 -8.60 -8.62 -8.64 -8.66 -8.69 -8.71 -8.75 -8.78 -8.48 -8.54 -8.62 -8.72 -8.83 -8.95 -9.08 -9.20 -9.33 -9.44
-7.96 -8.02 -8.08 -8.13 -8.19 -8.24 -8.30 -8.36 -8.41 -8.45 -8.49 -8.51 -8.52 -8.51 -8.49 -8.47 -8.44 -8.42 -8.40 -8.59 -8.58 -8.58 -8.57 -8.56 -8.55 -8.52 -8.49 -8.43 -8.36 -8.25 -8.13 -8.00 -7.88 -7.76 -7.68 -7.62 -7.60 -7.61 -7.64 -7.68 -7.74 -7.79 -7.85 -7.89 -7.93 -7.97 -8.02 -8.06 -8.11 -8.15 -8.19 -8.23 -8.26 -8.28 -8.30 -8.32 -8.34 -8.36 -8.39 -8.43 -8.48 -8.54 -8.60 -8.67 -8.75 -8.82 -8.88 -8.55 -8.62 -8.72 -8.84 -8.97 -9.11 -9.25 -9.39 -9.52 -9.64
-7.75 -7.81 -7.87 -7.93 -7.98 -8.03 -8.08 -8.13 -8.18 -8.22 -8.26 -8.29 -8.31 -8.32 -8.33 -8.33 -8.33 -8.33 -8.33 -8.48 -8.47 -8.47 -8.46 -8.45 -8.43 -8.41 -8.37 -8.32 -8.24 -8.14 -8.02 -7.89 -7.77 -7.66 -7.57 -7.52 -7.51 -7.53 -7.57 -7.62 -7.68 -7.75 -7.80 -7.84 -7.86 -7.87 -7.88 -7.89 -7.90 -7.91 -7.92 -7.94 -7.97 -7.99 -8.02 -8.04 -8.08 -8.11 -8.16 -8.22 -8.29 -8.38 -8.48 -8.58 -8.69 -8.79 -8.87 -8.71 -8.79 -8.90 -9.03 -9.17 -9.32 -9.47 -9.62 -9.75 -9.87
-7.54 -7.61 -7.67 -7.73 -7.78 -7.83 -7.88 -7.92 -7.96 -8.00 -8.04 -8.08 -8.11 -8.14 -8.17 -8.20 -8.22 -8.24 -8.26 -8.37 -8.37 -8.37 -8.37 -8.36 -8.34 -8.32 -8.28 -8.23 -8.15 -8.05 -7.93 -7.81 -7.69 -7.58 -7.49 -7.44 -7.43 -7.45 -7.49 -7.55 -7.61 -7.67 -7.71 -7.73 -7.73 -7.72 -7.69 -7.65 -7.62 -7.60 -7.58 -7.59 -7.61 -7.64 -7.68 -7.72 -7.78 -7.84 -7.92 -8.00 -8.10 -8.22 -8.35 -8.49 -8.63 -8.76 -8.88 -8.90 -8.99 -9.11 -9.24 -9.39 -9.55 -9.70 -9.84 -9.97 -10.08
-7.35 -7.42 -7.49 -7.55 -7.60 -7.64 -7.68 -7.72 -7.75 -7.79 -7.82 -7.86 -7.91 -7.95 -8.00 -8.05 -8.10 -8.14 -8.17 -8.26 -8.26 -8.26 -8.26 -8.25 -8.24 -8.21 -8.18 -8.13 -8.06 -7.96 -7.84 -7.71 -7.59 -7.48 -7.39 -7.33 -7.31 -7.31 -7.33 -7.37 -7.41 -7.44 -7.46 -7.46 -7.43 -7.37 -7.31 -7.23 -7.16 -7.11 -7.08 -7.08 -7.11 -7.16 -7.23 -7.32 -7.42 -7.53 -7.64 -7.76 -7.90 -8.05 -8.22 -8.40 -8.57 -8.73 -8.87 -9.04 -9.14 -9.27 -9.41 -9.56 -9.72 -9.87 -10.02 -10.14 -10.25
-7.19 -7.27 -7.34 -7.40 -7.45 -7.48 -7.51 -7.53 -7.55 -7.58 -7.60 -7.64 -7.69 -7.74 -7.80 -7.86 -7.92 -7.98 -8.02 -8.09 -8.10 -8.10 -8.11 -8.11 -8.10 -8.07 -8.04 -7.99 -7.92 -7.82 -7.70 -7.58 -7.45 -7.33 -7.23 -7.14 -7.08 -7.04 -7.01 -6.99 -6.97 -6.95 -6.92 -6.87 -6.81 -6.72 -6.61 -6.51 -6.42 -6.35 -6.32 -6.33 -6.39 -6.50 -6.63 -6.79 -6.97 -7.16 -7.34 -7.51 -7.69 -7.88 -8.09 -8.29 -8.49 -8.67 -8.83 -9.07 -9.19 -9.32 -9.47 -9.62 -9.78 -9.94 -10.08 -10.20 -10.31
-7.09 -7.18 -7.26 -7.32 -7.36 -7.38 -7.38 -7.38 -7.38 -7.38 -7.39 -7.41 -7.45 -7.50 -7.56 -7.62 -7.69 -7.74 -7.79 -7.88 -7.89 -7.90 -7.92 -7.92 -7.92 -7.90 -7.87 -7.81 -7.74 -7.64 -7.53 -7.40 -7.27 -7.13 -7.00 -6.87 -6.75 -6.62 -6.49 -6.36 -6.23 -6.10 -5.98 -5.87 -5.76 -5.62 -5.49 -5.36 -5.26 -5.19 -5.17 -5.22 -5.35 -5.54 -5.79 -6.07 -6.38 -6.68 -6.97 -7.22 -7.45 -7.69 -7.93 -8.17 -8.39 -8.59 -8.76 -8.95 -9.08 -9.22 -9.38 -9.54 -9.70 -9.85 -10.00 -10.12 -10.24
-7.02 -7.13 -7.22 -7.28 -7.31 -7.31 -7.29 -7.26 -7.22 -7.19 -7.17 -7.17 -7.20 -7.24 -7.30 -7.35 -7.41 -7.47 -7.51 -7.63 -7.65 -7.68 -7.70 -7.72 -7.72 -7.71 -7.68 -7.62 -7.54 -7.45 -7.34 -7.21 -7.06 -6.91 -6.73 -6.55 -6.34 -6.09 -5.82 -5.54 -5.26 -5.00 -4.77 -4.58 -4.40 -4.22 -4.05 -3.90 -3.79 -3.74 -3.75 -3.85 -4.06 -4.37 -4.77 -5.21 -5.67 -6.13 -6.55 -6.90 -7.21 -7.50 -7.77 -8.03 -8.27 -8.48 -8.67 -8.73 -8.87 -9.03 -9.19 -9.35 -9.51 -9.67 -9.82 -9.95 -10.07
-6.95 -7.08 -7.18 -7.24 -7.25 -7.23 -7.18 -7.12 -7.06 -7.00 -6.95 -6.93 -6.95 -6.98 -7.02 -7.07 -7.12 -7.17 -7.21 -7.36 -7.40 -7.44 -7.47 -7.49 -7.50 -7.50 -7.47 -7.41 -7.33 -7.24 -7.13 -6.99 -6.84 -6.66 -6.44 -6.20 -5.89 -5.52 -5.10 -4.66 -4.22 -3.82 -3.46 -3.18 -2.94 -2.72 -2.51 -2.35 -2.24 -2.21 -2.26 -2.42 -2.72 -3.16 -3.71 -4.32 -4.95 -5.57 -6.13 -6.59 -6.96 -7.30 -7.61 -7.89 -8.14 -8.37 -8.57 -8.49 -8.65 -8.82 -8.98 -9.14 -9.30 -9.46 -9.60 -9.74 -9.87
-6.84 -6.97 -7.07 -7.12 -7.13 -7.09 -7.03 -6.94 -6.86 -6.78 -6.72 -6.68 -6.69 -6.71 -6.75 -6.79 -6.84 -6.88 -6.92 -7.09 -7.13 -7.18 -7.22 -7.25 -7.27 -7.27 -7.24 -7.18 -7.10 -7.00 -6.90 -6.76 -6.60 -6.39 -6.14 -5.84 -5.45 -4.96 -4.41 -3.82 -3.25 -2.71 -2.24 -1.88 -1.59 -1.33 -1.10 -0.93 -0.83 -0.82 -0.91 -1.12 -1.51 -2.07 -2.76 -3.52 -4.31 -5.07 -5.75 -6.31 -6.75 -7.13 -7.47 -7.77 -8.03 -8.26 -8.47 -8.31 -8.48 -8.65 -8.82 -8.98 -9.14 -9.29 -9.43 -9.57 -9.70
-6.64 -6.75 -6.84 -6.89 -6.88 -6.84 -6.77 -6.69 -6.60 -6.52 -6.45 -6.42 -6.42 -6.44 -6.48 -6.53 -6.58 -6.63 -6.66 -6.82 -6.87 -6.92 -6.96 -7.00 -7.02 -7.02 -6.99 -6.92 -6.84 -6.75 -6.64 -6.51 -6.34 -6.12 -5.85 -5.50 -5.04 -4.46 -3.80 -3.11 -2.42 -1.78 -1.22 -0.81 -0.48 -0.19 0.05 0.22 0.30 0.29 0.16 -0.10 -0.55 -1.21 -2.01 -2.89 -3.80 -4.68 -5.46 -6.09 -6.58 -7.00 -7.36 -7.66 -7.93 -8.16 -8.38 -8.27 -8.44 -8.61 -8.77 -8.93 -9.08 -9.22 -9.36 -9.49 -9.62
-6.35 -6.43 -6.48 -6.51 -6.51 -6.47 -6.41 -6.34 -6.27 -6.21 -6.16 -6.14 -6.15 -6.18 -6.23 -6.28 -6.34 -6.39 -6.43 -6.53 -6.58 -6.64 -6.69 -6.73 -6.75 -6.75 -6.71 -6.65 -6.56 -6.48 -6.37 -6.24 -6.07 -5.83 -5.53 -5.14 -4.62 -3.95 -3.19 -2.38 -1.58 -0.84 -0.20 0.27 0.63 0.94 1.18 1.35 1.41 1.37 1.20 0.89 0.37 -0.38 -1.29 -2.30 -3.33 -4.31 -5.19 -5.89 -6.43 -6.88 -7.25 -7.57 -7.83 -8.07 -8.28 -8.35 -8.52 -8.68 -8.83 -8.97 -9.11 -9.24 -9.37 -9.49 -9.62
-6.02 -6.04 -6.06 -6.07 -6.06 -6.03 -5.99 -5.95 -5.90 -5.87 -5.85 -5.85 -5.87 -5.91 -5.97 -6.04 -6.11 -6.16 -6.21 -6.23 -6.29 -6.35 -6.40 -6.44 -6.46 -6.46 -6.42 -6.35 -6.27 -6.18 -6.08 -5.95 -5.77 -5.53 -5.20 -4.78 -4.20 -3.45 -2.59 -1.69 -0.79 0.05 0.75 1.28 1.66 1.98 2.22 2.37 2.41 2.34 2.13 1.77 1.18 0.34 -0.67 -1.78 -2.92 -4.00 -4.96 -5.72 -6.30 -6.77 -7.16 -7.48 -7.74 -7.98 -8.19 -8.50 -8.66 -8.80 -8.94 -9.07 -9.19 -9.31 -9.42 -9.53 -9.64
-5.68 -5.66 -5.64 -5.63 -5.61 -5.59 -5.57 -5.55 -5.54 -5.53 -5.53 -5.55 -5.59 -5.65 -5.72 -5.80 -5.87 -5.93 -5.98 -5.94 -5.99 -6.05 -6.10 -6.14 -6.15 -6.15 -6.11 -6.04 -5.95 -5.87 -5.78 -5.65 -5.47 -5.22 -4.88 -4.44 -3.82 -3.01 -2.09 -1.12 -0.15 0.74 1.49 2.04 2.43 2.75 2.98 3.11 3.12 3.01 2.76 2.36 1.73 0.83 -0.25 -1.44 -2.65 -3.80 -4.82 -5.62 -6.22 -6.71 -7.10 -7.41 -7.67 -7.90 -8.11 -8.66 -8.80 -8.93 -9.05 -9.16 -9.27 -9.37 -9.47 -9.57 -9.67
-5.40 -5.34 -5.29 -5.26 -5.24 -5.23 -5.22 -5.21 -5.21 -5.22 -5.24 -5.26 -5.31 -5.37 -5.46 -5.54 -5.62 -5.69 -5.74 -5.65 -5.70 -5.75 -5.80 -5.82 -5.83 -5.82 -5.78 -5.70 -5.62 -5.54 -5.45 -5.33 -5.15 -4.91 -4.57 -4.13 -3.51 -2.70 -1.76 -0.77 0.20 1.10 1.86 2.40 2.78 3.07 3.28 3.37 3.36 3.21 2.94 2.51 1.86 0.94 -0.16 -1.37 -2.59 -3.76 -4.79 -5.60 -6.20 -6.69 -7.07 -7.38 -7.63 -7.85 -8.05 -8.76 -8.88 -9.00 -9.11 -9.21 -9.31 -9.40 -9.49 -9.58 -9.67
-5.18 -5.12 -5.06 -5.02 -4.99 -4.97 -4.95 -4.94 -4.93 -4.93 -4.95 -4.97 -5.01 -5.09 -5.17 -5.26 -5.35 -5.42 -5.47 -5.38 -5.42 -5.46 -5.48 -5.50 -5.49 -5.46 -5.41 -5.33 -5.25 -5.18 -5.09 -4.98 -4.82 -4.60 -4.29 -3.87 -3.29 -2.54 -1.66 -0.74 0.17 1.00 1.70 2.19 2.52 2.76 2.92 2.97 2.91 2.74 2.45 2.02 1.38 0.50 -0.55 -1.69 -2.86 -3.96 -4.94 -5.71 -6.28 -6.74 -7.10 -7.39 -7.63 -7.83 -8.03 -8.76 -8.88 -8.99 -9.09 -9.18 -9.27 -9.36 -9.45 -9.53 -9.62
-5.01 -4.95 -4.90 -4.85 -4.82 -4.78 -4.74 -4.70 -4.67 -4.65 -4.65 -4.66 -4.70 -4.77 -4.86 -4.96 -5.06 -5.14 -5.19 -5.13 -5.15 -5.16 -5.16 -5.15 -5.12 -5.07 -5.01 -4.93 -4.84 -4.77 -4.70 -4.60 -4.46 -4.27 -4.00 -3.65 -3.16 -2.52 -1.77 -0.99 -0.22 0.48 1.06 1.45 1.70 1.86 1.94 1.93 1.82 1.62 1.32 0.91 0.33 -0.46 -1.40 -2.40 -3.43 -4.40 -5.26 -5.94 -6.45 -6.86 -7.18 -7.44 -7.66 -7.85 -8.03 -8.70 -8.81 -8.91 -9.01 -9.10 -9.19 -9.28 -9.36 -9.44 -9.53
-4.87 -4.82 -4.77 -4.73 -4.68 -4.62 -4.56 -4.49 -4.43 -4.39 -4.36 -4.36 -4.39 -4.46 -4.55 -4.66 -4.76 -4.84 -4.90 -4.88 -4.88 -4.87 -4.83 -4.79 -4.73 -4.67 -4.59 -4.50 -4.42 -4.36 -4.29 -4.20 -4.09 -3.94 -3.73 -3.46 -3.08 -2.58 -2.00 -1.40 -0.81 -0.28 0.15 0.42 0.57 0.64 0.63 0.55 0.40 0.17 -0.14 -0.51 -1.03 -1.70 -2.47 -3.31 -4.15 -4.95 -5.66 -6.23 -6.67 -7.02 -7.29 -7.52 -7.71 -7.88 -8.05 -8.62 -8.72 -8.81 -8.91 -9.00 -9.08 -9.17 -9.26 -9.34 -9.43
-4.74 -4.71 -4.67 -4.62 -4.57 -4.49 -4.40 -4.31 -4.23 -4.16 -4.11 -4.10 -4.12 -4.18 -4.27 -4.38 -4.48 -4.56 -4.62 -4.64 -4.61 -4.57 -4.51 -4.44 -4.36 -4.27 -4.18 -4.10 -4.02 -3.96 -3.90 -3.83 -3.75 -3.64 -3.49 -3.30 -3.03 -2.68 -2.27 -1.85 -1.44 -1.08 -0.81 -0.65 -0.60 -0.62 -0.70 -0.85 -1.04 -1.30 -1.60 -1.94 -2.38 -2.92 -3.55 -4.21 -4.87 -5.50 -6.06 -6.52 -6.88 -7.17 -7.40 -7.60 -7.76 -7.92 -8.07 -8.53 -8.63 -8.72 -8.81 -8.90 -8.99 -9.08 -9.16 -9.25 -9.34
-4.60 -4.58 -4.54 -4.50 -4.44 -4.36 -4.26 -4.16 -4.07 -3.99 -3.93 -3.90 -3.92 -3.97 -4.05 -4.14 -4.23 -4.31 -4.35 -4.38 -4.34 -4.27 -4.19 -4.10 -4.01 -3.91 -3.81 -3.73 -3.66 -3.61 -3.56 -3.51 -3.45 -3.38 -3.28 -3.16 -2.99 -2.75 -2.49 -2.21 -1.96 -1.74 -1.59 -1.53 -1.56 -1.64 -1.78 -1.97 -2.20 -2.47 -2.76 -3.08 -3.45 -3.90 -4.39 -4.91 -5.43 -5.93 -6.37 -6.74 -7.03 -7.28 -7.48 -7.65 -7.80 -7.94 -8.08 -8.48 -8.57 -8.66 -8.76 -8.84 -8.93 -9.02 -9.11 -9.20 -9.29
-4.46 -4.44 -4.40 -4.36 -4.30 -4.23 -4.14 -4.05 -3.97 -3.89 -3.84 -3.81 -3.81 -3.84 -3.90 -3.97 -4.03 -4.08 -4.11 -4.11 -4.05 -3.98 -3.88 -3.78 -3.67 -3.57 -3.47 -3.40 -3.34 -3.29 -3.26 -3.22 -3.19 -3.15 -3.11 -3.05 -2.95 -2.82 -2.67 -2.53 -2.39 -2.29 -2.25 -2.26 -2.35 -2.49 -2.67 -2.89 -3.14 -3.40 -3.69 -3.98 -4.29 -4.66 -5.05 -5.46 -5.86 -6.25 -6.60 -6.90 -7.14 -7.34 -7.52 -7.67 -7.81 -7.94 -8.08 -8.45 -8.54 -8.63 -8.73 -8.82 -8.91 -9.00 -9.09 -9.18 -9.27
-4.33 -4.30 -4.26 -4.23 -4.18 -4.12 -4.05 -3.98 -3.92 -3.86 -3.81 -3.78 -3.77 -3.78 -3.80 -3.83 -3.86 -3.88 -3.88 -3.83 -3.76 -3.67 -3.57 -3.46 -3.34 -3.24 -3.15 -3.08 -3.03 -3.00 -2.98 -2.97 -2.96 -2.96 -2.96 -2.95 -2.94 -2.91 -2.87 -2.84 -2.83 -2.84 -2.89 -2.98 -3.12 -3.30 -3.51 -3.75 -4.00 -4.27 -4.53 -4.79 -5.06 -5.34 -5.64 -5.95 -6.25 -6.53 -6.79 -7.02 -7.22 -7.40 -7.55 -7.69 -7.82 -7.94 -8.07 -8.42 -8.52 -8.62 -8.72 -8.81 -8.91 -9.00 -9.10 -9.19 -9.28
-4.20 -4.17 -4.13 -4.10 -4.06 -4.02 -3.97 -3.93 -3.88 -3.84 -3.80 -3.77 -3.75 -3.73 -3.72 -3.72 -3.71 -3.69 -3.66 -3.56 -3.48 -3.38 -3.27 -3.15 -3.04 -2.93 -2.85 -2.79 -2.76 -2.74 -2.74 -2.74 -2.76 -2.80 -2.84 -2.89 -2.94 -3.00 -3.07 -3.16 -3.25 -3.36 -3.49 -3.65 -3.83 -4.04 -4.27 -4.52 -4.77 -5.03 -5.27 -5.50 -5.72 -5.94 -6.15 -6.36 -6.57 -6.76 -6.95 -7.13 -7.29 -7.43 -7.57 -7.69 -7.82 -7.94 -8.07 -8.41 -8.51 -8.62 -8.72 -8.82 -8.92 -9.02 -9.12 -9.22 -9.32
-4.09 -4.05 -4.01 -3.98 -3.95 -3.92 -3.90 -3.87 -3.84 -3.81 -3.78 -3.74 -3.71 -3.67 -3.63 -3.59 -3.55 -3.50 -3.45 -3.30 -3.21 -3.11 -3.00 -2.88 -2.77 -2.68 -2.60 -2.56 -2.53 -2.53 -2.54 -2.57 -2.61 -2.67 -2.75 -2.84 -2.96 -3.11 -3.27 -3.45 -3.64 -3.84 -4.04 -4.25 -4.46 -4.70 -4.94 -5.19 -5.44 -5.68 -5.90 -6.10 -6.27 -6.43 -6.57 -6.71 -6.83 -6.96 -7.08 -7.21 -7.34 -7.46 -7.58 -7.70 -7.83 -7.95 -8.07 -8.42 -8.54 -8.65 -8.76 -8.86 -8.96 -9.06 -9.16 -9.26 -9.36
-3.98 -3.95 -3.91 -3.88 -3.85 -3.83 -3.81 -3.78 -3.76 -3.73 -3.70 -3.66 -3.61 -3.56 -3.50 -3.44 -3.38 -3.31 -3.24 -3.17 -3.09 -3.00 -2.90 -2.80 -2.71 -2.62 -2.55 -2.50 -2.45 -2.40 -2.36 -2.33 -2.32 -2.35 -2.42 -2.56 -2.76 -3.04 -3.38 -3.74 -4.12 -4.49 -4.84 -5.13 -5.40 -5.65 -5.89 -6.12 -6.33 -6.52 -6.69 -6.84 -6.96 -7.04 -7.10 -7.14 -7.18 -7.22 -7.28 -7.37 -7.48 -7.62 -7.76 -7.91 -8.07 -8.22 -8.36 -8.49 -8.61 -8.72 -8.83 -8.93 -9.03 -9.13 -9.23 -9.33 -9.43
-3.90 -3.86 -3.83 -3.80 -3.78 -3.75 -3.72 -3.69 -3.66 -3.62 -3.58 -3.53 -3.47 -3.41 -3.34 -3.26 -3.18 -3.10 -3.02 -2.95 -2.86 -2.76 -2.66 -2.55 -2.46 -2.38 -2.33 -2.30 -2.29 -2.30 -2.32 -2.36 -2.42 -2.51 -2.64 -2.81 -3.04 -3.34 -3.67 -4.03 -4.40 -4.76 -5.09 -5.37 -5.61 -5.83 -6.04 -6.22 -6.40 -6.55 -6.70 -6.83 -6.94 -7.02 -7.09 -7.14 -7.19 -7.25 -7.32 -7.42 -7.54 -7.68 -7.84 -8.00 -8.16 -8.32 -8.48 -8.61 -8.73 -8.84 -8.95 -9.05 -9.14 -9.24 -9.33 -9.43 -9.53
-3.82 -3.80 -3.77 -3.74 -3.71 -3.67 -3.64 -3.59 -3.55 -3.50 -3.45 -3.39 -3.32 -3.24 -3.16 -3.08 -2.99 -2.90 -2.81 -2.73 -2.64 -2.54 -2.43 -2.32 -2.23 -2.16 -2.12 -2.12 -2.16 -2.22 -2.31 -2.43 -2.57 -2.73 -2.91 -3.12 -3.36 -3.65 -3.98 -4.32 -4.67 -5.00 -5.30 -5.56 -5.77 -5.96 -6.12 -6.27 -6.41 -6.53 -6.66 -6.78 -6.89 -6.98 -7.06 -7.14 -7.21 -7.29 -7.39 -7.50 -7.64 -7.79 -7.96 -8.13 -8.30 -8.47 -8.63 -8.77 -8.89 -9.00 -9.10 -9.19 -9.28 -9.37 -9.46 -9.55 -9.65
