Instances/Smalandsfarvandet/GMRTv3_3_20170610topo.asc
ncols 608
nrows 194
xllcorner 11.1005859375
yllcorner 54.80068486732233
cellsize 0.002197265625
nodata_value -2147483648
[rows 34 to 67 of 193, columns 76 to 151 of 608]
-16.59 -16.77 -17.33 -18.63 -20.23 -21.97 -23.38 -23.92 -23.60 -22.03 -19.94 -17.89 -16.03 -14.79 -13.91 -13.32 -12.91 -12.55 -12.29 -12.14 -12.06 -11.97 -11.91 -11.89 -11.92 -12.04 -12.19 -12.32 -12.45 -12.58 -12.69 -12.78 -12.83 -12.84 -12.82 -12.75 -12.69 -12.69 -12.70 -12.71 -12.70 -12.65 -12.57 -12.45 -12.32 -12.26 -12.20 -12.11 -12.06 -12.12 -12.20 -12.20 -12.19 -12.19 -12.19 -12.20 -12.19 -12.06 -11.94 -11.92 -11.94 -11.92 -11.94 -12.07 -12.20 -12.20 -12.19 -12.26 -12.33 -12.33 -12.32 -12.38 -12.45 -12.44 -12.43 -12.50
-17.56 -17.73 -18.22 -19.27 -20.59 -22.16 -23.51 -24.21 -24.12 -22.70 -20.75 -18.89 -17.17 -15.87 -14.89 -14.26 -13.83 -13.40 -13.06 -12.84 -12.71 -12.72 -12.74 -12.59 -12.46 -12.51 -12.62 -12.70 -12.79 -12.93 -13.04 -13.04 -13.02 -13.07 -13.12 -13.13 -13.14 -13.14 -13.14 -13.14 -13.14 -13.16 -13.15 -13.05 -12.90 -12.75 -12.62 -12.62 -12.65 -12.65 -12.64 -12.64 -12.64 -12.64 -12.64 -12.65 -12.64 -12.50 -12.37 -12.36 -12.39 -12.38 -12.39 -12.47 -12.55 -12.58 -12.56 -12.51 -12.45 -12.44 -12.45 -12.44 -12.43 -12.47 -12.53 -12.63
-17.92 -18.01 -18.41 -19.40 -20.65 -22.06 -23.28 -24.03 -24.09 -22.94 -21.29 -19.68 -18.15 -16.94 -15.95 -15.17 -14.58 -14.15 -13.84 -13.57 -13.38 -13.35 -13.33 -13.20 -13.08 -13.06 -13.07 -13.04 -13.05 -13.17 -13.30 -13.31 -13.30 -13.41 -13.52 -13.53 -13.52 -13.52 -13.53 -13.53 -13.53 -13.54 -13.53 -13.41 -13.27 -13.16 -13.07 -13.03 -13.01 -13.01 -13.02 -13.02 -13.02 -13.02 -13.02 -13.03 -13.02 -12.92 -12.82 -12.78 -12.77 -12.77 -12.77 -12.76 -12.75 -12.74 -12.70 -12.60 -12.50 -12.48 -12.50 -12.48 -12.50 -12.61 -12.71 -12.72
-17.36 -17.44 -17.84 -18.86 -20.10 -21.29 -22.33 -23.10 -23.35 -22.64 -21.46 -20.12 -18.77 -17.72 -16.78 -15.83 -15.03 -14.56 -14.27 -14.10 -13.99 -13.86 -13.73 -13.60 -13.50 -13.48 -13.48 -13.48 -13.51 -13.62 -13.74 -13.75 -13.74 -13.73 -13.73 -13.73 -13.72 -13.71 -13.70 -13.70 -13.70 -13.72 -13.70 -13.59 -13.47 -13.48 -13.49 -13.37 -13.24 -13.22 -13.22 -13.22 -13.22 -13.22 -13.22 -13.22 -13.22 -13.25 -13.24 -13.10 -12.97 -12.96 -12.97 -12.99 -12.98 -12.85 -12.71 -12.69 -12.70 -12.70 -12.70 -12.71 -12.70 -12.70 -12.69 -12.69
-16.47 -16.44 -16.72 -17.73 -18.98 -20.17 -21.23 -22.06 -22.47 -22.16 -21.45 -20.50 -19.43 -18.40 -17.43 -16.62 -15.93 -15.38 -14.93 -14.52 -14.19 -14.02 -13.94 -13.94 -13.94 -13.80 -13.69 -13.80 -13.94 -13.96 -13.94 -13.94 -13.94 -13.95 -13.95 -13.96 -13.94 -13.82 -13.69 -13.68 -13.69 -13.69 -13.69 -13.69 -13.69 -13.69 -13.69 -13.71 -13.69 -13.57 -13.44 -13.43 -13.44 -13.44 -13.44 -13.44 -13.44 -13.46 -13.44 -13.32 -13.19 -13.18 -13.19 -13.21 -13.19 -13.08 -12.94 -12.80 -12.69 -12.68 -12.69 -12.69 -12.69 -12.69 -12.69 -12.70
-15.37 -15.41 -15.62 -16.17 -16.99 -18.22 -19.48 -20.47 -21.16 -21.38 -21.25 -20.80 -20.11 -19.25 -18.31 -17.41 -16.59 -15.92 -15.36 -14.94 -14.62 -14.34 -14.16 -14.15 -14.16 -14.03 -13.91 -13.92 -13.95 -13.96 -13.96 -13.98 -13.96 -13.83 -13.73 -13.83 -13.96 -13.96 -13.93 -13.92 -13.92 -13.93 -13.92 -13.80 -13.69 -13.67 -13.69 -13.70 -13.71 -13.69 -13.67 -13.67 -13.67 -13.69 -13.67 -13.55 -13.44 -13.43 -13.45 -13.45 -13.42 -13.30 -13.19 -13.20 -13.20 -13.07 -12.94 -12.91 -12.90 -12.90 -12.90 -12.91 -12.92 -12.93 -12.92 -12.80
-14.43 -14.49 -14.66 -15.05 -15.72 -16.85 -18.09 -19.15 -20.03 -20.59 -20.86 -20.77 -20.41 -19.80 -19.02 -18.12 -17.24 -16.57 -16.00 -15.50 -15.06 -14.65 -14.36 -14.35 -14.40 -14.28 -14.15 -14.05 -13.96 -13.87 -13.79 -13.79 -13.79 -13.75 -13.72 -13.74 -13.77 -13.76 -13.77 -13.87 -13.97 -13.99 -13.97 -13.93 -13.89 -13.89 -13.89 -13.78 -13.68 -13.67 -13.69 -13.69 -13.69 -13.70 -13.71 -13.68 -13.64 -13.53 -13.43 -13.43 -13.46 -13.44 -13.39 -13.28 -13.18 -13.13 -13.12 -13.13 -13.15 -13.16 -13.14 -13.04 -12.94 -12.93 -12.94 -12.90
-13.85 -14.03 -14.25 -14.51 -14.95 -15.75 -16.74 -17.86 -18.93 -19.71 -20.26 -20.51 -20.48 -20.12 -19.53 -18.74 -17.90 -17.16 -16.50 -15.95 -15.48 -15.06 -14.73 -14.55 -14.43 -14.32 -14.19 -14.01 -13.79 -13.56 -13.38 -13.36 -13.39 -13.40 -13.42 -13.48 -13.56 -13.64 -13.71 -13.77 -13.81 -13.80 -13.79 -13.88 -13.96 -13.98 -13.96 -13.91 -13.85 -13.84 -13.85 -13.86 -13.85 -13.77 -13.70 -13.70 -13.71 -13.67 -13.60 -13.52 -13.45 -13.45 -13.46 -13.40 -13.35 -13.36 -13.36 -13.28 -13.19 -13.20 -13.21 -13.16 -13.10 -13.09 -13.10 -13.11
-13.55 -13.82 -14.08 -14.19 -14.41 -14.98 -15.78 -16.84 -17.94 -18.86 -19.60 -20.13 -20.37 -20.24 -19.85 -19.28 -18.59 -17.79 -17.02 -16.49 -16.04 -15.58 -15.17 -14.88 -14.65 -14.48 -14.30 -14.00 -13.68 -13.39 -13.17 -13.09 -13.06 -12.98 -12.94 -13.06 -13.22 -13.37 -13.49 -13.54 -13.58 -13.62 -13.68 -13.82 -13.95 -13.96 -13.95 -13.95 -13.96 -13.96 -13.96 -13.99 -13.98 -13.84 -13.70 -13.68 -13.70 -13.72 -13.71 -13.58 -13.45 -13.44 -13.46 -13.47 -13.48 -13.49 -13.48 -13.41 -13.33 -13.25 -13.20 -13.20 -13.21 -13.21 -13.21 -13.22
-13.44 -13.66 -13.85 -13.97 -14.18 -14.61 -15.24 -16.17 -17.17 -18.06 -18.86 -19.53 -19.99 -20.13 -20.01 -19.63 -19.08 -18.46 -17.82 -17.25 -16.70 -16.16 -15.68 -15.37 -15.11 -14.83 -14.52 -14.09 -13.67 -13.40 -13.18 -12.99 -12.83 -12.67 -12.58 -12.63 -12.74 -12.86 -12.99 -13.16 -13.35 -13.53 -13.70 -13.84 -13.95 -13.96 -13.95 -13.95 -13.96 -13.97 -13.96 -13.93 -13.87 -13.79 -13.72 -13.71 -13.71 -13.72 -13.71 -13.59 -13.46 -13.40 -13.37 -13.37 -13.37 -13.37 -13.37 -13.39 -13.39 -13.30 -13.21 -13.20 -13.21 -13.22 -13.22 -13.17
-13.40 -13.55 -13.68 -13.89 -14.15 -14.44 -14.88 -15.66 -16.53 -17.27 -17.97 -18.63 -19.18 -19.59 -19.78 -19.58 -19.23 -18.92 -18.55 -18.01 -17.42 -16.90 -16.42 -16.00 -15.60 -15.21 -14.80 -14.27 -13.78 -13.47 -13.23 -12.96 -12.72 -12.54 -12.42 -12.39 -12.42 -12.51 -12.67 -12.91 -13.18 -13.46 -13.70 -13.86 -13.95 -13.97 -13.95 -13.93 -13.91 -13.93 -13.92 -13.79 -13.65 -13.61 -13.61 -13.64 -13.66 -13.68 -13.66 -13.55 -13.41 -13.26 -13.15 -13.13 -13.15 -13.15 -13.15 -13.14 -13.14 -13.15 -13.15 -13.16 -13.16 -13.15 -13.11 -12.99
-13.19 -13.46 -13.70 -13.80 -13.94 -14.24 -14.67 -15.24 -15.87 -16.49 -17.09 -17.62 -18.08 -18.50 -18.84 -19.08 -19.17 -18.99 -18.72 -18.53 -18.27 -17.81 -17.28 -16.78 -16.27 -15.76 -15.25 -14.73 -14.25 -13.84 -13.49 -13.22 -12.99 -12.69 -12.46 -12.40 -12.44 -12.54 -12.70 -12.93 -13.20 -13.47 -13.70 -13.85 -13.93 -13.97 -13.94 -13.80 -13.66 -13.65 -13.64 -13.53 -13.39 -13.24 -13.15 -13.26 -13.40 -13.44 -13.40 -13.29 -13.15 -13.01 -12.90 -12.89 -12.90 -12.90 -12.90 -12.91 -12.92 -12.92 -12.92 -12.93 -12.90 -12.78 -12.66 -12.65
-13.20 -13.48 -13.70 -13.82 -13.95 -14.17 -14.45 -14.80 -15.21 -15.70 -16.22 -16.73 -17.22 -17.61 -17.97 -18.37 -18.71 -18.89 -18.95 -18.88 -18.69 -18.35 -17.93 -17.46 -16.93 -16.31 -15.68 -15.15 -14.68 -14.28 -13.93 -13.68 -13.43 -13.04 -12.68 -12.50 -12.44 -12.52 -12.69 -12.93 -13.20 -13.48 -13.70 -13.73 -13.70 -13.74 -13.71 -13.48 -13.21 -13.08 -12.97 -12.83 -12.72 -12.68 -12.71 -12.83 -12.96 -12.99 -12.96 -12.85 -12.71 -12.57 -12.46 -12.44 -12.46 -12.44 -12.46 -12.58 -12.70 -12.73 -12.70 -12.58 -12.46 -12.44 -12.45 -12.47
-12.98 -13.22 -13.48 -13.73 -13.96 -14.09 -14.22 -14.46 -14.76 -15.13 -15.54 -15.94 -16.34 -16.70 -17.08 -17.58 -18.06 -18.46 -18.75 -18.90 -18.92 -18.85 -18.62 -18.17 -17.60 -16.96 -16.33 -15.80 -15.33 -14.94 -14.58 -14.21 -13.87 -13.60 -13.35 -13.08 -12.87 -12.85 -12.92 -13.04 -13.19 -13.36 -13.50 -13.57 -13.52 -13.23 -12.87 -12.62 -12.38 -12.11 -11.89 -11.83 -11.86 -11.93 -12.06 -12.30 -12.52 -12.55 -12.51 -12.50 -12.47 -12.35 -12.23 -12.22 -12.23 -12.21 -12.22 -12.35 -12.49 -12.51 -12.47 -12.34 -12.22 -12.21 -12.24 -12.25
-12.94 -13.18 -13.44 -13.60 -13.76 -13.97 -14.19 -14.33 -14.49 -14.75 -15.04 -15.31 -15.61 -15.97 -16.38 -16.88 -17.40 -17.91 -18.36 -18.76 -19.01 -18.95 -18.74 -18.46 -18.08 -17.56 -16.99 -16.46 -15.97 -15.61 -15.26 -14.79 -14.33 -13.96 -13.65 -13.37 -13.15 -13.01 -12.97 -13.10 -13.24 -13.22 -13.12 -13.00 -12.77 -12.30 -11.80 -11.42 -11.13 -10.93 -10.81 -10.75 -10.80 -11.07 -11.42 -11.78 -12.08 -12.19 -12.24 -12.38 -12.44 -12.22 -11.98 -11.95 -12.00 -12.09 -12.19 -12.21 -12.23 -12.35 -12.44 -12.34 -12.19 -12.07 -11.98 -11.98
-12.93 -13.19 -13.45 -13.56 -13.68 -13.94 -14.20 -14.32 -14.43 -14.68 -14.93 -15.10 -15.27 -15.53 -15.87 -16.27 -16.73 -17.25 -17.76 -18.20 -18.52 -18.61 -18.58 -18.53 -18.39 -18.08 -17.68 -17.27 -16.81 -16.31 -15.76 -15.16 -14.59 -14.20 -13.88 -13.54 -13.24 -13.00 -12.83 -12.82 -12.81 -12.64 -12.39 -12.10 -11.73 -11.23 -10.70 -10.18 -9.77 -9.58 -9.53 -9.52 -9.65 -10.06 -10.58 -11.13 -11.63 -11.96 -12.18 -12.37 -12.45 -12.28 -12.07 -11.95 -11.92 -12.03 -12.18 -12.27 -12.33 -12.41 -12.43 -12.32 -12.18 -12.13 -12.08 -11.99
-13.06 -13.27 -13.45 -13.56 -13.70 -13.95 -14.20 -14.33 -14.45 -14.64 -14.83 -14.94 -15.06 -15.29 -15.56 -15.85 -16.19 -16.62 -17.08 -17.56 -17.98 -18.15 -18.23 -18.32 -18.36 -18.28 -18.11 -17.86 -17.48 -16.86 -16.17 -15.54 -14.93 -14.36 -13.84 -13.38 -12.99 -12.72 -12.49 -12.25 -11.99 -11.70 -11.35 -10.93 -10.47 -10.03 -9.59 -9.09 -8.68 -8.45 -8.41 -8.58 -8.91 -9.35 -9.90 -10.60 -11.30 -11.82 -12.20 -12.39 -12.45 -12.41 -12.32 -12.15 -12.03 -12.14 -12.30 -12.37 -12.43 -12.51 -12.55 -12.44 -12.30 -12.24 -12.20 -12.13
-13.20 -13.33 -13.45 -13.56 -13.70 -13.95 -14.20 -14.34 -14.45 -14.56 -14.68 -14.79 -14.93 -15.14 -15.36 -15.54 -15.76 -16.11 -16.51 -16.95 -17.36 -17.60 -17.78 -17.98 -18.13 -18.23 -18.22 -18.08 -17.80 -17.32 -16.72 -16.04 -15.30 -14.47 -13.67 -13.01 -12.50 -12.20 -11.94 -11.52 -11.07 -10.70 -10.31 -9.80 -9.29 -8.89 -8.53 -8.16 -7.86 -7.68 -7.69 -8.00 -8.47 -9.02 -9.65 -10.42 -11.17 -11.76 -12.20 -12.37 -12.43 -12.51 -12.53 -12.45 -12.37 -12.44 -12.53 -12.57 -12.61 -12.73 -12.80 -12.69 -12.53 -12.39 -12.27 -12.25
-13.24 -13.33 -13.44 -13.54 -13.69 -13.94 -14.20 -14.34 -14.45 -14.57 -14.70 -14.83 -14.95 -15.04 -15.13 -15.22 -15.38 -15.72 -16.09 -16.32 -16.56 -16.93 -17.30 -17.57 -17.80 -18.02 -18.16 -18.15 -18.02 -17.76 -17.29 -16.46 -15.49 -14.60 -13.74 -12.90 -12.17 -11.70 -11.30 -10.79 -10.29 -9.92 -9.54 -9.03 -8.53 -8.16 -7.86 -7.63 -7.48 -7.41 -7.48 -7.77 -8.23 -8.93 -9.72 -10.51 -11.23 -11.79 -12.19 -12.38 -12.49 -12.64 -12.75 -12.78 -12.77 -12.75 -12.75 -12.86 -12.97 -12.99 -12.95 -12.87 -12.76 -12.64 -12.51 -12.37
-13.46 -13.46 -13.46 -13.56 -13.72 -13.96 -14.20 -14.33 -14.44 -14.57 -14.69 -14.84 -14.95 -14.94 -14.94 -15.02 -15.17 -15.39 -15.64 -15.88 -16.13 -16.37 -16.62 -16.86 -17.14 -17.55 -17.93 -18.16 -18.19 -17.95 -17.45 -16.66 -15.74 -14.85 -13.97 -13.05 -12.19 -11.52 -10.94 -10.40 -9.92 -9.54 -9.17 -8.65 -8.20 -8.03 -7.99 -7.99 -8.01 -7.97 -8.03 -8.33 -8.78 -9.34 -10.00 -10.78 -11.49 -11.91 -12.21 -12.50 -12.72 -12.88 -12.97 -12.99 -12.97 -12.97 -12.97 -12.97 -12.96 -12.96 -12.96 -12.98 -12.96 -12.86 -12.71 -12.46
-13.45 -13.55 -13.69 -13.82 -13.95 -14.07 -14.20 -14.32 -14.44 -14.57 -14.69 -14.84 -14.95 -14.96 -14.95 -14.93 -14.95 -15.06 -15.20 -15.32 -15.46 -15.68 -15.96 -16.31 -16.71 -17.24 -17.71 -17.93 -17.96 -17.80 -17.45 -16.91 -16.18 -15.23 -14.18 -13.12 -12.18 -11.64 -11.18 -10.54 -9.93 -9.51 -9.18 -8.88 -8.67 -8.64 -8.67 -8.65 -8.67 -8.74 -8.91 -9.24 -9.67 -10.14 -10.67 -11.34 -11.94 -12.23 -12.44 -12.71 -12.94 -13.10 -13.19 -13.21 -13.19 -13.19 -13.19 -13.19 -13.19 -13.21 -13.19 -13.09 -12.95 -12.84 -12.70 -12.45
-13.45 -13.58 -13.71 -13.71 -13.73 -13.93 -14.20 -14.44 -14.67 -14.82 -14.92 -14.94 -14.93 -14.94 -14.95 -14.93 -14.94 -15.06 -15.20 -15.32 -15.45 -15.57 -15.73 -15.97 -16.28 -16.67 -17.06 -17.35 -17.53 -17.57 -17.44 -17.15 -16.63 -15.79 -14.82 -13.88 -13.02 -12.35 -11.79 -11.36 -10.98 -10.58 -10.23 -9.93 -9.72 -9.70 -9.74 -9.72 -9.73 -9.83 -10.00 -10.24 -10.54 -10.92 -11.33 -11.76 -12.15 -12.44 -12.66 -12.82 -12.94 -13.07 -13.19 -13.33 -13.42 -13.32 -13.19 -13.18 -13.20 -13.22 -13.20 -13.08 -12.93 -12.81 -12.68 -12.54
-13.46 -13.48 -13.53 -13.59 -13.70 -13.94 -14.21 -14.48 -14.71 -14.84 -14.94 -15.06 -15.13 -15.04 -14.93 -14.92 -14.95 -14.96 -15.01 -15.13 -15.26 -15.38 -15.50 -15.63 -15.82 -16.19 -16.58 -16.86 -17.09 -17.35 -17.48 -17.30 -16.90 -16.25 -15.48 -14.68 -13.91 -13.32 -12.82 -12.44 -12.09 -11.68 -11.33 -11.14 -11.03 -10.91 -10.84 -10.92 -11.03 -11.05 -11.09 -11.22 -11.41 -11.68 -11.98 -12.28 -12.55 -12.72 -12.86 -12.99 -13.12 -13.26 -13.38 -13.43 -13.44 -13.43 -13.38 -13.28 -13.18 -13.17 -13.18 -13.17 -13.13 -13.01 -12.87 -12.74
-13.30 -13.27 -13.28 -13.38 -13.55 -13.77 -14.05 -14.37 -14.68 -14.91 -15.08 -15.17 -15.20 -15.16 -15.10 -15.02 -14.95 -14.91 -14.93 -15.04 -15.18 -15.33 -15.45 -15.46 -15.52 -15.81 -16.15 -16.41 -16.65 -16.96 -17.18 -17.16 -16.98 -16.66 -16.19 -15.50 -14.80 -14.35 -13.97 -13.57 -13.20 -12.88 -12.60 -12.38 -12.20 -12.03 -11.95 -12.08 -12.23 -12.24 -12.22 -12.24 -12.30 -12.46 -12.66 -12.83 -12.99 -13.13 -13.24 -13.30 -13.34 -13.39 -13.44 -13.54 -13.60 -13.54 -13.44 -13.39 -13.35 -13.35 -13.35 -13.28 -13.21 -13.17 -13.11 -12.99
-13.20 -13.18 -13.20 -13.28 -13.43 -13.63 -13.92 -14.35 -14.80 -15.11 -15.31 -15.34 -15.30 -15.26 -15.20 -15.07 -14.95 -14.91 -14.95 -15.07 -15.21 -15.28 -15.33 -15.38 -15.45 -15.54 -15.68 -15.92 -16.20 -16.47 -16.70 -16.82 -16.85 -16.74 -16.51 -16.08 -15.61 -15.22 -14.86 -14.52 -14.21 -13.94 -13.71 -13.51 -13.33 -13.10 -12.94 -12.99 -13.09 -13.10 -13.09 -13.08 -13.08 -13.13 -13.21 -13.34 -13.46 -13.54 -13.59 -13.60 -13.58 -13.56 -13.56 -13.65 -13.71 -13.65 -13.56 -13.49 -13.45 -13.46 -13.46 -13.33 -13.20 -13.21 -13.23 -13.14
-13.12 -13.10 -13.12 -13.25 -13.45 -13.69 -14.02 -14.53 -15.03 -15.34 -15.53 -15.59 -15.54 -15.44 -15.29 -15.10 -14.95 -14.92 -14.96 -15.04 -15.13 -15.16 -15.19 -15.29 -15.38 -15.39 -15.43 -15.60 -15.83 -16.10 -16.35 -16.53 -16.61 -16.53 -16.36 -16.21 -15.99 -15.66 -15.31 -15.10 -14.91 -14.70 -14.49 -14.33 -14.17 -13.93 -13.73 -13.65 -13.63 -13.63 -13.64 -13.66 -13.66 -13.60 -13.56 -13.65 -13.74 -13.74 -13.72 -13.72 -13.73 -13.72 -13.71 -13.71 -13.71 -13.73 -13.73 -13.64 -13.54 -13.50 -13.46 -13.33 -13.21 -13.18 -13.14 -13.01
-12.94 -12.90 -12.92 -13.13 -13.44 -13.81 -14.24 -14.76 -15.24 -15.57 -15.76 -15.78 -15.71 -15.59 -15.42 -15.17 -14.95 -14.90 -14.91 -14.88 -14.89 -15.03 -15.17 -15.15 -15.14 -15.26 -15.41 -15.54 -15.69 -15.92 -16.14 -16.31 -16.39 -16.32 -16.19 -16.08 -15.94 -15.72 -15.51 -15.38 -15.27 -15.16 -15.03 -14.79 -14.56 -14.43 -14.33 -14.19 -14.07 -14.03 -14.02 -14.01 -13.98 -13.85 -13.72 -13.67 -13.66 -13.66 -13.66 -13.66 -13.66 -13.69 -13.72 -13.69 -13.67 -13.66 -13.66 -13.69 -13.68 -13.57 -13.42 -13.29 -13.17 -13.03 -12.85 -12.59
-12.93 -12.92 -12.96 -13.15 -13.46 -13.94 -14.48 -15.02 -15.48 -15.80 -15.95 -15.89 -15.70 -15.44 -15.19 -15.05 -14.93 -14.79 -14.67 -14.64 -14.68 -14.79 -14.91 -14.92 -14.92 -15.02 -15.17 -15.43 -15.68 -15.82 -15.92 -16.06 -16.17 -16.21 -16.18 -16.08 -15.95 -15.83 -15.70 -15.58 -15.45 -15.33 -15.22 -15.10 -14.98 -14.84 -14.71 -14.58 -14.46 -14.33 -14.20 -14.07 -13.94 -13.81 -13.68 -13.54 -13.43 -13.40 -13.41 -13.40 -13.41 -13.55 -13.66 -13.55 -13.41 -13.40 -13.41 -13.43 -13.41 -13.30 -13.16 -13.05 -12.91 -12.69 -12.40 -12.04
-12.70 -12.92 -13.19 -13.39 -13.68 -14.27 -14.93 -15.51 -15.93 -16.01 -15.94 -15.85 -15.70 -15.47 -15.20 -14.94 -14.71 -14.55 -14.46 -14.44 -14.46 -14.45 -14.46 -14.57 -14.71 -14.82 -14.96 -15.21 -15.46 -15.59 -15.70 -15.84 -15.95 -15.97 -15.95 -15.96 -15.95 -15.84 -15.69 -15.55 -15.44 -15.44 -15.44 -15.34 -15.19 -14.94 -14.69 -14.55 -14.44 -14.32 -14.19 -14.09 -13.95 -13.70 -13.46 -13.32 -13.21 -13.08 -12.97 -12.96 -12.97 -12.98 -12.98 -12.98 -12.97 -12.97 -12.97 -12.98 -12.97 -12.86 -12.71 -12.60 -12.46 -12.24 -11.96 -11.62
-12.69 -12.91 -13.19 -13.60 -14.11 -14.74 -15.36 -15.84 -16.16 -16.25 -16.16 -15.85 -15.48 -15.23 -15.01 -14.74 -14.50 -14.36 -14.25 -14.11 -14.02 -14.09 -14.23 -14.37 -14.50 -14.61 -14.74 -14.97 -15.24 -15.49 -15.70 -15.84 -15.94 -16.09 -16.17 -16.08 -15.95 -15.93 -15.91 -15.78 -15.65 -15.65 -15.66 -15.55 -15.41 -15.26 -15.12 -15.00 -14.87 -14.65 -14.40 -14.19 -13.95 -13.59 -13.23 -12.98 -12.77 -12.51 -12.30 -12.28 -12.32 -12.32 -12.31 -12.29 -12.30 -12.42 -12.53 -12.54 -12.52 -12.52 -12.48 -12.39 -12.24 -12.01 -11.72 -11.37
-12.70 -12.99 -13.35 -13.91 -14.55 -15.21 -15.80 -16.17 -16.37 -16.38 -16.22 -15.88 -15.45 -15.00 -14.59 -14.31 -14.10 -13.95 -13.85 -13.78 -13.78 -13.90 -14.04 -14.05 -14.09 -14.27 -14.52 -14.76 -15.02 -15.28 -15.53 -15.77 -15.96 -16.02 -16.02 -15.99 -15.95 -15.94 -15.94 -15.91 -15.87 -15.89 -15.87 -15.75 -15.61 -15.49 -15.37 -15.25 -15.10 -14.87 -14.59 -14.26 -13.90 -13.53 -13.15 -12.80 -12.48 -12.19 -11.97 -11.84 -11.79 -11.76 -11.79 -11.88 -11.98 -12.01 -12.05 -12.15 -12.24 -12.28 -12.26 -12.14 -11.99 -11.84 -11.65 -11.41
-12.70 -13.19 -13.72 -14.34 -14.99 -15.68 -16.25 -16.54 -16.61 -16.40 -16.05 -15.72 -15.33 -14.81 -14.30 -13.93 -13.66 -13.50 -13.42 -13.39 -13.42 -13.54 -13.67 -13.71 -13.79 -14.03 -14.32 -14.57 -14.82 -15.07 -15.32 -15.61 -15.85 -15.94 -15.96 -15.96 -15.96 -16.04 -16.11 -16.12 -16.11 -16.12 -16.11 -16.06 -15.99 -15.85 -15.72 -15.69 -15.62 -15.40 -15.10 -14.75 -14.34 -13.90 -13.44 -12.96 -12.53 -12.24 -12.03 -11.87 -11.77 -11.74 -11.77 -11.82 -11.88 -11.96 -12.03 -12.10 -12.15 -12.16 -12.13 -12.09 -12.03 -12.00 -11.94 -11.81
-12.67 -13.41 -14.17 -14.82 -15.42 -16.07 -16.58 -16.76 -16.71 -16.40 -15.95 -15.47 -14.97 -14.46 -13.98 -13.57 -13.23 -12.99 -12.86 -12.87 -12.97 -13.08 -13.22 -13.40 -13.60 -13.78 -13.98 -14.24 -14.50 -14.76 -15.00 -15.20 -15.39 -15.59 -15.77 -15.83 -15.88 -16.01 -16.13 -16.20 -16.23 -16.22 -16.21 -16.29 -16.34 -16.27 -16.19 -16.21 -16.19 -16.04 -15.79 -15.44 -15.02 -14.52 -13.99 -13.44 -12.96 -12.67 -12.48 -12.32 -12.23 -12.22 -12.24 -12.22 -12.23 -12.30 -12.38 -12.37 -12.36 -12.42 -12.49 -12.51 -12.51 -12.52 -12.52 -12.49
-12.83 -13.73 -14.61 -15.29 -15.86 -16.41 -16.79 -16.86 -16.71 -16.37 -15.88 -15.26 -14.61 -14.05 -13.54 -13.10 -12.73 -12.44 -12.29 -12.37 -12.54 -12.65 -12.78 -13.05 -13.31 -13.43 -13.53 -13.72 -13.95 -14.23 -14.48 -14.59 -14.71 -14.97 -15.23 -15.37 -15.48 -15.64 -15.81 -16.00 -16.15 -16.19 -16.21 -16.34 -16.47 -16.53 -16.57 -16.62 -16.63 -16.60 -16.47 -16.17 -15.78 -15.33 -14.84 -14.35 -13.90 -13.57 -13.31 -13.16 -13.08 -13.02 -13.00 -12.99 -13.00 -12.99 -12.98 -12.97 -12.99 -13.09 -13.18 -13.20 -13.19 -13.19 -13.19 -13.25
