Instances/Smalandsfarvandet/GMRTv3_3_20170610topo.asc
ncols 608
nrows 194
xllcorner 11.1005859375
yllcorner 54.80068486732233
cellsize 0.002197265625
nodata_value -2147483648
[rows 68 to 101 of 193, columns 152 to 227 of 608]
-14.12 -14.16 -14.14 -14.01 -13.88 -13.87 -13.87 -13.84 -13.82 -13.81 -13.82 -13.85 -13.85 -13.76 -13.65 -13.51 -13.41 -13.40 -13.41 -13.38 -13.35 -13.33 -13.32 -13.41 -13.47 -13.35 -13.21 -13.19 -13.21 -13.20 -13.19 -13.20 -13.21 -13.21 -13.21 -13.23 -13.23 -13.11 -13.00 -12.99 -13.00 -13.00 -12.99 -12.97 -12.95 -12.94 -12.95 -12.96 -12.95 -12.82 -12.70 -12.68 -12.70 -12.69 -12.68 -12.68 -12.68 -12.69 -12.70 -12.72 -12.72 -12.63 -12.51 -12.37 -12.27 -12.27 -12.28 -12.22 -12.09 -11.88 -11.63 -11.41 -11.16 -10.82 -10.42 -9.96
-14.74 -14.77 -14.73 -14.61 -14.49 -14.49 -14.48 -14.35 -14.22 -14.21 -14.22 -14.22 -14.22 -14.24 -14.22 -14.10 -13.98 -13.98 -13.97 -13.84 -13.71 -13.71 -13.71 -13.60 -13.45 -13.30 -13.20 -13.18 -13.20 -13.20 -13.20 -13.20 -13.20 -13.20 -13.20 -13.19 -13.19 -13.20 -13.21 -13.21 -13.21 -13.21 -13.19 -13.07 -12.95 -12.93 -12.95 -12.96 -12.95 -12.82 -12.69 -12.68 -12.70 -12.70 -12.70 -12.70 -12.70 -12.69 -12.68 -12.68 -12.68 -12.70 -12.69 -12.57 -12.45 -12.44 -12.45 -12.47 -12.46 -12.36 -12.23 -12.15 -12.00 -11.66 -11.26 -10.90
-15.18 -15.06 -14.94 -14.94 -14.93 -14.83 -14.69 -14.55 -14.44 -14.42 -14.44 -14.46 -14.45 -14.32 -14.20 -14.19 -14.19 -14.09 -13.95 -13.81 -13.70 -13.70 -13.70 -13.60 -13.45 -13.31 -13.20 -13.18 -13.20 -13.20 -13.20 -13.20 -13.20 -13.20 -13.20 -13.20 -13.20 -13.20 -13.20 -13.22 -13.20 -13.08 -12.96 -12.93 -12.95 -12.95 -12.95 -12.96 -12.95 -12.82 -12.69 -12.68 -12.70 -12.70 -12.70 -12.72 -12.70 -12.58 -12.45 -12.44 -12.45 -12.46 -12.46 -12.45 -12.45 -12.45 -12.45 -12.45 -12.45 -12.45 -12.44 -12.47 -12.44 -12.21 -11.91 -11.66
-15.22 -15.09 -14.97 -14.98 -14.99 -14.87 -14.72 -14.57 -14.47 -14.47 -14.47 -14.35 -14.24 -14.21 -14.21 -14.23 -14.22 -14.10 -13.96 -13.83 -13.71 -13.61 -13.50 -13.35 -13.23 -13.22 -13.21 -13.10 -13.00 -12.97 -13.00 -13.10 -13.21 -13.22 -13.20 -13.22 -13.21 -13.10 -12.98 -12.97 -12.98 -12.97 -12.95 -12.96 -12.97 -12.97 -12.96 -12.95 -12.94 -12.94 -12.91 -12.79 -12.68 -12.69 -12.70 -12.59 -12.48 -12.45 -12.44 -12.45 -12.46 -12.45 -12.44 -12.44 -12.45 -12.45 -12.46 -12.46 -12.46 -12.46 -12.45 -12.45 -12.44 -12.43 -12.38 -12.25
-15.02 -14.89 -14.77 -14.67 -14.59 -14.57 -14.53 -14.40 -14.27 -14.25 -14.27 -14.25 -14.20 -14.11 -14.02 -14.03 -14.03 -13.92 -13.77 -13.64 -13.52 -13.37 -13.26 -13.22 -13.20 -13.13 -13.03 -12.89 -12.77 -12.74 -12.77 -12.89 -13.03 -13.15 -13.21 -13.13 -13.02 -12.97 -12.95 -12.96 -12.95 -12.88 -12.78 -12.68 -12.62 -12.70 -12.82 -12.91 -12.98 -12.98 -12.96 -12.93 -12.88 -12.80 -12.70 -12.55 -12.44 -12.45 -12.46 -12.35 -12.27 -12.35 -12.46 -12.49 -12.46 -12.37 -12.27 -12.24 -12.27 -12.34 -12.45 -12.56 -12.64 -12.67 -12.65 -12.54
-14.95 -14.83 -14.70 -14.55 -14.42 -14.34 -14.29 -14.23 -14.18 -14.19 -14.20 -14.13 -14.05 -13.99 -13.93 -13.86 -13.79 -13.75 -13.70 -13.58 -13.45 -13.32 -13.20 -13.13 -13.05 -12.94 -12.80 -12.67 -12.55 -12.52 -12.54 -12.65 -12.79 -12.94 -13.05 -13.03 -12.95 -12.88 -12.82 -12.84 -12.84 -12.73 -12.57 -12.34 -12.16 -12.18 -12.30 -12.49 -12.69 -12.85 -12.96 -13.00 -12.96 -12.84 -12.70 -12.56 -12.45 -12.37 -12.30 -12.24 -12.20 -12.24 -12.30 -12.32 -12.30 -12.25 -12.20 -12.17 -12.20 -12.32 -12.46 -12.52 -12.57 -12.65 -12.71 -12.67
-14.84 -14.71 -14.57 -14.51 -14.45 -14.31 -14.18 -14.18 -14.20 -14.15 -14.09 -14.00 -13.93 -13.95 -13.95 -13.82 -13.68 -13.63 -13.59 -13.47 -13.34 -13.21 -13.09 -13.02 -12.95 -12.77 -12.57 -12.41 -12.32 -12.35 -12.45 -12.56 -12.70 -12.84 -12.95 -12.93 -12.85 -12.72 -12.59 -12.53 -12.48 -12.38 -12.24 -11.98 -11.74 -11.62 -11.63 -11.89 -12.24 -12.59 -12.87 -12.96 -12.95 -12.83 -12.68 -12.56 -12.45 -12.31 -12.20 -12.12 -12.09 -12.13 -12.20 -12.21 -12.20 -12.15 -12.10 -12.07 -12.09 -12.21 -12.35 -12.40 -12.45 -12.59 -12.73 -12.75
-14.69 -14.59 -14.52 -14.49 -14.45 -14.31 -14.19 -14.19 -14.20 -14.06 -13.92 -13.92 -13.95 -13.96 -13.95 -13.84 -13.70 -13.56 -13.43 -13.30 -13.18 -13.04 -12.93 -12.91 -12.87 -12.66 -12.43 -12.27 -12.18 -12.25 -12.37 -12.49 -12.62 -12.78 -12.87 -12.77 -12.61 -12.48 -12.36 -12.23 -12.09 -11.95 -11.78 -11.50 -11.22 -10.96 -10.88 -11.22 -11.72 -12.16 -12.54 -12.81 -12.95 -12.90 -12.77 -12.62 -12.46 -12.29 -12.13 -12.01 -11.94 -12.02 -12.12 -12.15 -12.12 -11.98 -11.86 -11.87 -11.94 -12.02 -12.12 -12.25 -12.38 -12.49 -12.56 -12.57
-14.67 -14.69 -14.67 -14.57 -14.45 -14.33 -14.24 -14.22 -14.20 -14.09 -13.99 -13.95 -13.95 -13.96 -13.95 -13.84 -13.70 -13.57 -13.45 -13.32 -13.20 -13.07 -12.95 -12.81 -12.68 -12.56 -12.45 -12.31 -12.20 -12.16 -12.18 -12.29 -12.43 -12.59 -12.69 -12.59 -12.43 -12.31 -12.18 -12.08 -11.93 -11.69 -11.38 -10.98 -10.58 -10.20 -10.06 -10.47 -11.08 -11.62 -12.13 -12.61 -12.95 -13.04 -12.96 -12.71 -12.40 -12.11 -11.89 -11.87 -11.91 -11.92 -11.94 -11.95 -11.94 -11.80 -11.69 -11.79 -11.92 -11.91 -11.90 -12.03 -12.15 -12.17 -12.15 -12.11
-14.43 -14.45 -14.44 -14.44 -14.45 -14.47 -14.45 -14.33 -14.20 -14.20 -14.20 -14.07 -13.95 -13.95 -13.95 -13.84 -13.70 -13.57 -13.45 -13.32 -13.20 -13.07 -12.95 -12.82 -12.70 -12.57 -12.45 -12.31 -12.20 -12.17 -12.20 -12.31 -12.45 -12.60 -12.69 -12.60 -12.45 -12.32 -12.20 -12.10 -11.95 -11.62 -11.19 -10.67 -10.18 -9.81 -9.68 -10.07 -10.67 -11.30 -11.93 -12.51 -12.94 -13.05 -12.95 -12.61 -12.20 -11.90 -11.69 -11.64 -11.69 -11.81 -11.94 -11.97 -11.94 -11.81 -11.69 -11.67 -11.68 -11.67 -11.68 -11.80 -11.92 -11.95 -11.92 -11.79
-14.21 -14.35 -14.45 -14.46 -14.45 -14.46 -14.45 -14.32 -14.20 -14.20 -14.20 -14.07 -13.94 -13.94 -13.95 -13.84 -13.70 -13.57 -13.45 -13.32 -13.20 -13.07 -12.95 -12.82 -12.70 -12.57 -12.45 -12.31 -12.20 -12.17 -12.20 -12.32 -12.45 -12.47 -12.46 -12.47 -12.45 -12.34 -12.20 -12.10 -11.95 -11.61 -11.19 -10.67 -10.19 -9.83 -9.69 -9.96 -10.46 -11.07 -11.71 -12.27 -12.71 -12.92 -12.95 -12.75 -12.43 -12.03 -11.70 -11.65 -11.70 -11.70 -11.71 -11.73 -11.71 -11.59 -11.46 -11.45 -11.47 -11.47 -11.47 -11.49 -11.48 -11.38 -11.25 -11.11
-13.99 -14.14 -14.25 -14.37 -14.46 -14.49 -14.46 -14.33 -14.20 -14.18 -14.20 -14.19 -14.16 -14.06 -13.95 -13.82 -13.70 -13.57 -13.45 -13.32 -13.20 -13.07 -12.95 -12.82 -12.70 -12.57 -12.45 -12.31 -12.20 -12.16 -12.20 -12.33 -12.46 -12.47 -12.44 -12.47 -12.46 -12.35 -12.20 -12.09 -11.95 -11.72 -11.41 -10.90 -10.39 -10.04 -9.88 -10.04 -10.43 -11.03 -11.69 -12.24 -12.67 -12.90 -12.95 -12.76 -12.44 -12.03 -11.68 -11.64 -11.70 -11.72 -11.71 -11.62 -11.50 -11.37 -11.24 -11.13 -11.05 -11.04 -11.05 -11.08 -11.06 -10.84 -10.59 -10.44
-13.79 -13.93 -14.04 -14.19 -14.30 -14.32 -14.29 -14.24 -14.20 -14.19 -14.20 -14.22 -14.21 -14.09 -13.95 -13.82 -13.70 -13.57 -13.45 -13.32 -13.20 -13.07 -12.95 -12.81 -12.68 -12.55 -12.43 -12.30 -12.20 -12.18 -12.20 -12.22 -12.27 -12.38 -12.46 -12.38 -12.27 -12.25 -12.21 -12.12 -11.96 -11.75 -11.46 -11.03 -10.62 -10.38 -10.29 -10.36 -10.60 -11.10 -11.70 -12.36 -12.89 -13.00 -12.93 -12.83 -12.62 -12.23 -11.85 -11.74 -11.70 -11.61 -11.52 -11.40 -11.28 -11.17 -11.04 -10.80 -10.59 -10.59 -10.62 -10.57 -10.45 -10.19 -9.92 -9.77
-13.44 -13.58 -13.70 -13.84 -13.95 -14.02 -14.07 -14.16 -14.23 -14.22 -14.20 -14.21 -14.20 -14.08 -13.93 -13.81 -13.70 -13.57 -13.45 -13.32 -13.20 -13.06 -12.95 -12.89 -12.84 -12.73 -12.59 -12.38 -12.20 -12.17 -12.20 -12.18 -12.18 -12.25 -12.31 -12.27 -12.20 -12.14 -12.07 -11.96 -11.82 -11.67 -11.46 -11.15 -10.85 -10.68 -10.62 -10.67 -10.85 -11.22 -11.70 -12.30 -12.82 -13.05 -13.09 -12.95 -12.70 -12.39 -12.08 -11.87 -11.70 -11.57 -11.45 -11.26 -11.06 -10.87 -10.69 -10.49 -10.31 -10.16 -10.02 -9.89 -9.75 -9.57 -9.39 -9.26
-13.00 -13.06 -13.14 -13.26 -13.41 -13.60 -13.78 -13.90 -14.00 -14.12 -14.21 -14.23 -14.20 -14.15 -14.05 -13.88 -13.70 -13.57 -13.46 -13.34 -13.21 -13.06 -12.95 -12.95 -12.96 -12.87 -12.71 -12.43 -12.18 -12.16 -12.20 -12.21 -12.21 -12.21 -12.20 -12.17 -12.11 -11.98 -11.84 -11.71 -11.59 -11.48 -11.36 -11.17 -10.98 -10.80 -10.71 -10.78 -10.98 -11.30 -11.71 -12.22 -12.70 -13.05 -13.23 -13.07 -12.79 -12.56 -12.32 -12.00 -11.70 -11.52 -11.36 -11.12 -10.84 -10.50 -10.20 -10.08 -9.99 -9.77 -9.56 -9.42 -9.31 -9.18 -9.06 -8.94
-12.49 -12.48 -12.49 -12.55 -12.66 -12.90 -13.17 -13.39 -13.62 -13.90 -14.13 -14.19 -14.20 -14.24 -14.21 -13.98 -13.70 -13.52 -13.38 -13.24 -13.13 -13.02 -12.95 -12.95 -12.95 -12.85 -12.70 -12.47 -12.27 -12.21 -12.20 -12.16 -12.13 -12.15 -12.14 -12.02 -11.86 -11.74 -11.62 -11.50 -11.37 -11.25 -11.12 -11.00 -10.89 -10.77 -10.71 -10.74 -10.89 -11.21 -11.64 -12.16 -12.64 -12.95 -13.13 -13.15 -13.03 -12.79 -12.46 -12.08 -11.70 -11.39 -11.11 -10.87 -10.62 -10.26 -9.91 -9.72 -9.59 -9.47 -9.36 -9.24 -9.11 -9.02 -8.93 -8.80
-11.83 -11.78 -11.76 -11.73 -11.78 -11.97 -12.30 -12.84 -13.38 -13.71 -13.94 -14.10 -14.20 -14.25 -14.20 -13.98 -13.70 -13.42 -13.18 -13.02 -12.93 -12.92 -12.95 -12.96 -12.95 -12.84 -12.70 -12.58 -12.46 -12.33 -12.20 -12.05 -11.93 -11.91 -11.90 -11.81 -11.69 -11.55 -11.40 -11.27 -11.15 -11.02 -10.90 -10.76 -10.65 -10.64 -10.67 -10.61 -10.65 -10.96 -11.40 -11.92 -12.40 -12.71 -12.93 -13.15 -13.22 -12.90 -12.45 -12.08 -11.70 -11.31 -10.94 -10.65 -10.40 -10.17 -9.95 -9.68 -9.43 -9.29 -9.18 -9.04 -8.93 -8.93 -8.94 -8.83
-11.15 -10.87 -10.65 -10.70 -10.90 -11.22 -11.66 -12.28 -12.92 -13.50 -13.94 -14.13 -14.20 -14.24 -14.19 -13.97 -13.70 -13.43 -13.20 -13.04 -12.95 -12.93 -12.95 -12.96 -12.95 -12.84 -12.70 -12.57 -12.45 -12.32 -12.20 -12.07 -11.95 -11.80 -11.69 -11.71 -11.69 -11.46 -11.19 -11.05 -10.94 -10.82 -10.69 -10.55 -10.44 -10.42 -10.43 -10.39 -10.43 -10.75 -11.19 -11.68 -12.18 -12.61 -12.95 -13.16 -13.19 -12.88 -12.44 -12.07 -11.69 -11.32 -10.94 -10.53 -10.19 -10.05 -9.95 -9.70 -9.45 -9.31 -9.20 -9.06 -8.95 -8.94 -8.96 -8.96
-10.05 -9.87 -9.78 -9.83 -10.03 -10.44 -11.00 -11.73 -12.48 -13.16 -13.72 -14.06 -14.21 -14.13 -13.96 -13.85 -13.70 -13.45 -13.20 -13.04 -12.95 -12.93 -12.95 -12.96 -12.95 -12.84 -12.70 -12.57 -12.45 -12.33 -12.21 -12.08 -11.96 -11.83 -11.70 -11.58 -11.46 -11.33 -11.20 -11.06 -10.94 -10.81 -10.69 -10.57 -10.45 -10.31 -10.20 -10.14 -10.20 -10.52 -10.96 -11.44 -11.95 -12.51 -12.95 -13.07 -12.97 -12.64 -12.21 -11.84 -11.47 -11.08 -10.71 -10.42 -10.19 -10.07 -9.95 -9.68 -9.44 -9.41 -9.42 -9.28 -9.17 -9.28 -9.41 -9.44
-9.15 -8.99 -8.90 -8.90 -9.12 -9.72 -10.52 -11.37 -12.21 -12.92 -13.48 -13.82 -13.99 -14.01 -13.94 -13.84 -13.70 -13.45 -13.20 -13.04 -12.95 -12.93 -12.95 -12.96 -12.95 -12.84 -12.70 -12.59 -12.46 -12.24 -12.01 -11.87 -11.76 -11.62 -11.51 -11.48 -11.46 -11.32 -11.18 -11.16 -11.14 -11.04 -10.89 -10.64 -10.42 -10.36 -10.36 -10.33 -10.36 -10.56 -10.91 -11.51 -12.15 -12.64 -12.95 -12.92 -12.73 -12.52 -12.21 -11.72 -11.23 -10.92 -10.69 -10.54 -10.40 -10.17 -9.93 -9.76 -9.64 -9.64 -9.64 -9.49 -9.38 -9.50 -9.65 -9.68
-8.26 -8.17 -8.14 -8.31 -8.71 -9.47 -10.41 -11.42 -12.35 -12.98 -13.43 -13.76 -13.95 -14.00 -13.96 -13.87 -13.71 -13.46 -13.20 -13.03 -12.93 -12.92 -12.95 -12.96 -12.95 -12.85 -12.70 -12.51 -12.29 -12.03 -11.78 -11.64 -11.53 -11.38 -11.27 -11.25 -11.28 -11.32 -11.37 -11.38 -11.36 -11.26 -11.11 -10.92 -10.75 -10.74 -10.76 -10.73 -10.76 -10.96 -11.27 -11.72 -12.19 -12.64 -12.95 -12.90 -12.68 -12.39 -12.03 -11.60 -11.18 -10.90 -10.68 -10.54 -10.43 -10.25 -10.08 -9.94 -9.85 -9.83 -9.85 -9.81 -9.78 -9.82 -9.86 -9.88
-7.62 -7.72 -7.88 -8.23 -8.77 -9.59 -10.55 -11.55 -12.45 -13.04 -13.45 -13.71 -13.84 -13.89 -13.84 -13.74 -13.58 -13.38 -13.20 -13.12 -13.08 -13.00 -12.93 -12.94 -12.93 -12.85 -12.70 -12.39 -12.05 -11.77 -11.55 -11.40 -11.30 -11.22 -11.18 -11.16 -11.18 -11.31 -11.46 -11.56 -11.58 -11.46 -11.31 -11.25 -11.21 -11.21 -11.21 -11.19 -11.21 -11.35 -11.58 -11.93 -12.31 -12.68 -12.93 -12.90 -12.70 -12.35 -11.93 -11.53 -11.18 -10.96 -10.81 -10.75 -10.70 -10.58 -10.45 -10.31 -10.20 -10.19 -10.20 -10.14 -10.08 -10.07 -10.08 -10.10
-7.40 -7.66 -8.00 -8.55 -9.22 -10.02 -10.87 -11.75 -12.53 -13.10 -13.46 -13.53 -13.50 -13.52 -13.52 -13.45 -13.36 -13.28 -13.23 -13.23 -13.23 -13.14 -13.06 -13.07 -13.05 -12.91 -12.68 -12.31 -11.92 -11.63 -11.42 -11.26 -11.17 -11.16 -11.18 -11.17 -11.18 -11.28 -11.43 -11.65 -11.81 -11.75 -11.65 -11.64 -11.65 -11.65 -11.65 -11.63 -11.65 -11.72 -11.88 -12.20 -12.55 -12.86 -13.05 -12.94 -12.68 -12.33 -11.93 -11.57 -11.28 -11.12 -11.05 -11.05 -11.06 -11.01 -10.91 -10.77 -10.65 -10.66 -10.66 -10.54 -10.40 -10.34 -10.30 -10.26
-7.48 -7.88 -8.36 -9.10 -9.91 -10.66 -11.40 -12.14 -12.78 -13.19 -13.39 -13.31 -13.13 -13.04 -12.99 -13.03 -13.08 -13.09 -13.09 -13.12 -13.15 -13.16 -13.16 -13.22 -13.22 -13.04 -12.76 -12.38 -12.00 -11.72 -11.50 -11.34 -11.25 -11.23 -11.25 -11.23 -11.25 -11.35 -11.50 -11.74 -11.95 -12.02 -12.03 -12.07 -12.09 -12.10 -12.09 -12.07 -12.09 -12.19 -12.35 -12.54 -12.77 -13.04 -13.21 -13.06 -12.76 -12.38 -12.00 -11.73 -11.52 -11.36 -11.27 -11.25 -11.26 -11.29 -11.28 -11.19 -11.09 -11.07 -11.03 -10.92 -10.78 -10.65 -10.52 -10.36
-7.79 -8.42 -9.10 -9.82 -10.57 -11.34 -12.04 -12.58 -12.96 -13.14 -13.16 -13.05 -12.86 -12.58 -12.37 -12.45 -12.61 -12.62 -12.63 -12.76 -12.89 -12.90 -12.91 -13.06 -13.17 -13.12 -12.96 -12.61 -12.24 -11.95 -11.73 -11.57 -11.48 -11.47 -11.49 -11.47 -11.48 -11.59 -11.74 -11.85 -11.97 -12.10 -12.23 -12.38 -12.50 -12.51 -12.50 -12.50 -12.53 -12.63 -12.75 -12.87 -12.99 -13.12 -13.19 -13.13 -12.96 -12.61 -12.24 -11.96 -11.74 -11.58 -11.49 -11.47 -11.48 -11.48 -11.48 -11.51 -11.50 -11.38 -11.23 -11.11 -10.98 -10.88 -10.73 -10.48
-8.46 -9.22 -9.96 -10.60 -11.21 -11.88 -12.45 -12.78 -12.95 -13.02 -12.94 -12.58 -12.18 -12.01 -11.93 -11.90 -11.92 -12.03 -12.18 -12.30 -12.43 -12.56 -12.69 -12.83 -12.94 -12.99 -12.95 -12.73 -12.45 -12.19 -11.96 -11.80 -11.71 -11.69 -11.70 -11.69 -11.71 -11.81 -11.95 -12.08 -12.21 -12.33 -12.45 -12.59 -12.70 -12.70 -12.70 -12.83 -12.95 -12.95 -12.95 -13.08 -13.20 -13.23 -13.20 -13.11 -12.95 -12.72 -12.45 -12.18 -11.95 -11.79 -11.70 -11.69 -11.70 -11.70 -11.70 -11.72 -11.70 -11.59 -11.45 -11.33 -11.20 -11.11 -10.95 -10.59
-8.67 -9.43 -10.18 -10.82 -11.42 -12.11 -12.68 -12.92 -12.94 -12.78 -12.49 -12.14 -11.75 -11.37 -11.05 -10.87 -10.82 -10.90 -11.08 -11.29 -11.56 -11.92 -12.27 -12.52 -12.73 -13.02 -13.19 -12.97 -12.67 -12.52 -12.40 -12.27 -12.15 -12.00 -11.92 -12.02 -12.15 -12.14 -12.17 -12.42 -12.66 -12.68 -12.67 -12.80 -12.93 -12.95 -12.93 -12.93 -12.95 -13.07 -13.19 -13.20 -13.20 -13.33 -13.43 -13.35 -13.18 -12.95 -12.67 -12.29 -11.94 -11.76 -11.70 -11.81 -11.94 -11.97 -11.94 -11.82 -11.70 -11.69 -11.68 -11.56 -11.42 -11.33 -11.18 -10.82
-8.90 -9.65 -10.40 -11.05 -11.65 -12.25 -12.72 -12.96 -12.98 -12.69 -12.25 -11.79 -11.30 -10.78 -10.35 -10.17 -10.11 -10.09 -10.18 -10.39 -10.70 -11.05 -11.45 -11.90 -12.35 -12.77 -13.05 -13.04 -12.92 -12.79 -12.66 -12.54 -12.43 -12.26 -12.15 -12.26 -12.41 -12.39 -12.38 -12.53 -12.71 -12.83 -12.92 -12.95 -12.95 -12.96 -12.95 -12.94 -12.94 -12.96 -13.00 -13.09 -13.19 -13.35 -13.45 -13.36 -13.19 -13.08 -12.90 -12.53 -12.13 -11.85 -11.68 -11.69 -11.76 -11.77 -11.77 -11.74 -11.71 -11.72 -11.72 -11.72 -11.65 -11.45 -11.19 -10.91
-8.94 -9.70 -10.46 -11.14 -11.73 -12.22 -12.57 -12.69 -12.64 -12.41 -12.04 -11.57 -11.02 -10.39 -9.83 -9.57 -9.44 -9.31 -9.28 -9.38 -9.63 -10.06 -10.58 -11.08 -11.59 -12.08 -12.49 -12.73 -12.85 -12.85 -12.76 -12.54 -12.33 -12.25 -12.26 -12.36 -12.49 -12.58 -12.65 -12.69 -12.73 -12.77 -12.83 -12.91 -12.98 -12.99 -12.98 -12.98 -12.98 -12.96 -12.98 -13.09 -13.23 -13.37 -13.46 -13.45 -13.36 -13.18 -12.94 -12.65 -12.36 -12.08 -11.86 -11.76 -11.70 -11.61 -11.54 -11.54 -11.55 -11.53 -11.53 -11.64 -11.71 -11.56 -11.34 -11.19
-9.04 -9.74 -10.43 -11.05 -11.57 -11.94 -12.19 -12.33 -12.32 -12.14 -11.82 -11.34 -10.79 -10.19 -9.65 -9.28 -9.01 -8.78 -8.65 -8.64 -8.78 -9.11 -9.56 -10.10 -10.69 -11.30 -11.83 -12.17 -12.36 -12.43 -12.38 -12.20 -12.00 -11.90 -11.89 -12.06 -12.27 -12.42 -12.52 -12.52 -12.49 -12.46 -12.47 -12.60 -12.74 -12.75 -12.74 -12.76 -12.75 -12.66 -12.61 -12.77 -12.99 -13.19 -13.35 -13.46 -13.48 -13.31 -13.06 -12.83 -12.57 -12.25 -11.93 -11.72 -11.55 -11.40 -11.29 -11.27 -11.30 -11.35 -11.43 -11.58 -11.70 -11.67 -11.57 -11.47
-9.39 -9.98 -10.54 -11.04 -11.44 -11.69 -11.83 -11.97 -12.01 -11.86 -11.59 -11.22 -10.77 -10.26 -9.76 -9.37 -9.01 -8.62 -8.31 -8.15 -8.13 -8.24 -8.54 -9.12 -9.82 -10.50 -11.10 -11.42 -11.58 -11.64 -11.59 -11.45 -11.27 -11.08 -11.00 -11.23 -11.53 -11.72 -11.86 -11.93 -11.95 -11.94 -11.95 -12.08 -12.20 -12.22 -12.20 -12.17 -12.12 -12.00 -11.95 -12.16 -12.47 -12.78 -13.06 -13.27 -13.39 -13.41 -13.32 -13.09 -12.79 -12.46 -12.12 -11.79 -11.51 -11.35 -11.26 -11.18 -11.17 -11.28 -11.43 -11.57 -11.68 -11.78 -11.81 -11.69
-9.77 -10.27 -10.70 -11.09 -11.39 -11.56 -11.63 -11.65 -11.62 -11.56 -11.44 -11.24 -10.96 -10.53 -10.07 -9.67 -9.25 -8.73 -8.23 -7.84 -7.59 -7.54 -7.72 -8.27 -8.94 -9.58 -10.14 -10.50 -10.70 -10.74 -10.64 -10.40 -10.13 -9.95 -9.90 -10.06 -10.33 -10.63 -10.91 -11.08 -11.17 -11.17 -11.17 -11.29 -11.42 -11.46 -11.43 -11.26 -11.10 -11.06 -11.12 -11.32 -11.61 -12.02 -12.43 -12.77 -13.05 -13.30 -13.42 -13.28 -13.02 -12.80 -12.53 -12.12 -11.75 -11.60 -11.51 -11.34 -11.24 -11.33 -11.49 -11.63 -11.75 -11.88 -11.95 -11.87
-10.01 -10.40 -10.72 -10.99 -11.19 -11.33 -11.42 -11.43 -11.42 -11.45 -11.43 -11.23 -10.97 -10.76 -10.49 -10.03 -9.50 -8.99 -8.48 -7.91 -7.43 -7.17 -7.14 -7.52 -8.06 -8.57 -9.06 -9.51 -9.80 -9.74 -9.54 -9.29 -9.04 -8.84 -8.74 -8.81 -9.01 -9.38 -9.75 -9.93 -10.02 -10.02 -10.02 -10.15 -10.27 -10.31 -10.25 -10.01 -9.76 -9.69 -9.74 -9.93 -10.26 -10.73 -11.27 -11.81 -12.34 -12.81 -13.15 -13.26 -13.21 -13.02 -12.73 -12.35 -12.00 -11.83 -11.72 -11.58 -11.50 -11.58 -11.73 -11.85 -11.95 -11.98 -11.97 -11.96
-10.45 -10.74 -10.95 -11.10 -11.20 -11.21 -11.20 -11.20 -11.20 -11.20 -11.20 -11.23 -11.20 -10.99 -10.70 -10.37 -9.95 -9.35 -8.70 -8.02 -7.45 -7.10 -6.95 -6.98 -7.20 -7.68 -8.20 -8.53 -8.70 -8.64 -8.45 -8.23 -7.95 -7.51 -7.20 -7.37 -7.70 -7.95 -8.20 -8.48 -8.70 -8.72 -8.70 -8.84 -8.95 -8.86 -8.70 -8.58 -8.45 -8.26 -8.20 -8.50 -8.95 -9.40 -9.95 -10.69 -11.45 -12.14 -12.70 -13.04 -13.20 -13.13 -12.95 -12.71 -12.45 -12.16 -11.95 -11.91 -11.95 -11.95 -11.95 -11.93 -11.95 -12.09 -12.20 -12.09
