Instances/Smalandsfarvandet/GMRTv3_3_20170610topo.asc
ncols 608
nrows 194
xllcorner 11.1005859375
yllcorner 54.80068486732233
cellsize 0.002197265625
nodata_value -2147483648
[rows 0 to 33 of 193, columns 228 to 303 of 608]
7.38 7.29 8.48 3.62 2.88 4.79 5.19 5.23 5.40 5.57 9.31 8.17 5.85 5.98 4.83 3.97 4.95 3.12 3.28 4.38 2.71 4.14 6.26 9.41 8.19 6.29 5.19 5.83 6.21 7.43 8.91 9.19 8.79 7.85 10.76 15.05 15.96 15.81 15.36 15.74 13.67 7.07 8.64 7.57 7.74 7.69 8.31 11.81 11.74 11.05 8.14 4.54 4.16 4.36 5.47 9.40 9.90 7.04 6.50 7.64 12.01 10.91 6.00 10.22 13.32 11.55 8.50 7.14 5.52 3.24 2.16 1.88 3.31 7.33 10.10 14.46
4.85 7.01 8.51 8.21 9.27 7.41 11.11 11.49 9.34 8.34 12.15 11.86 9.62 8.89 8.14 9.12 7.70 5.12 5.87 9.38 4.95 11.09 12.05 11.43 8.39 5.61 6.73 7.67 7.44 5.62 4.60 5.70 7.05 9.15 10.86 11.78 10.61 12.68 11.68 12.61 11.78 6.21 7.16 8.17 7.94 7.22 7.34 9.95 8.97 8.62 7.67 8.84 8.06 5.39 6.11 9.90 9.83 9.98 4.89 5.65 5.49 6.70 6.24 10.55 11.68 8.01 6.13 5.18 4.14 7.39 6.41 3.38 4.00 5.65 4.72 5.13
8.78 6.02 4.04 4.26 5.30 8.20 11.15 15.18 16.88 15.62 17.13 16.29 13.01 7.92 6.25 7.13 6.80 10.69 5.92 2.90 2.98 7.28 6.39 3.21 3.04 2.99 3.01 2.93 2.94 3.05 3.83 5.73 7.87 10.96 11.90 11.00 9.96 11.05 9.94 10.92 9.92 7.91 8.95 9.08 8.07 8.97 9.97 9.13 8.19 6.05 3.97 4.93 6.96 8.05 6.00 7.09 7.99 5.16 3.96 3.86 4.86 7.96 6.19 8.03 10.13 8.17 6.19 5.99 8.88 9.08 6.12 6.99 3.89 4.86 4.89 7.13
10.10 7.52 4.40 2.81 3.55 5.22 6.15 10.17 14.95 21.58 20.29 9.75 11.12 9.30 4.40 3.45 7.12 8.61 4.89 5.00 3.45 3.81 3.51 3.63 2.93 3.77 4.11 7.03 4.66 3.33 6.96 10.30 9.30 6.05 7.90 9.53 9.42 10.93 12.63 10.50 11.67 8.41 8.23 6.92 5.37 7.39 9.09 6.85 5.08 4.53 6.08 9.03 7.41 5.49 5.30 4.64 7.45 6.40 5.74 7.62 7.22 6.62 4.70 4.86 5.82 5.74 5.47 6.82 6.71 6.37 6.85 5.26 7.96 10.65 10.21 8.25
16.13 10.92 8.94 5.49 5.52 4.45 5.45 9.42 13.83 13.58 10.57 9.00 7.03 9.97 8.51 3.97 4.30 6.67 5.97 6.47 7.75 5.81 5.91 5.42 3.57 2.33 2.48 4.23 7.81 11.09 9.59 8.41 10.62 6.26 5.97 10.02 10.38 8.90 8.05 5.39 6.03 6.14 8.38 6.65 3.60 3.86 5.86 8.57 7.09 4.97 5.11 5.34 6.27 6.47 5.35 3.27 4.02 5.86 5.60 4.57 4.46 6.21 4.38 4.45 4.95 3.36 3.02 3.86 4.36 3.46 4.41 4.90 4.86 9.74 11.60 10.95
15.44 7.63 6.68 6.96 4.95 7.20 8.06 6.77 5.79 6.65 6.57 8.66 10.99 12.05 11.28 6.20 4.05 8.71 7.90 6.78 10.74 8.19 6.18 7.18 5.54 6.28 3.07 3.70 6.59 9.60 8.55 5.81 7.96 11.11 14.40 10.92 3.81 4.27 6.06 5.25 2.96 4.95 4.82 5.15 5.95 4.37 6.12 6.87 7.91 6.88 6.01 5.95 7.84 6.89 6.80 5.05 4.29 3.29 5.25 5.24 3.88 4.63 3.82 3.82 5.69 4.98 3.17 3.99 2.86 3.34 5.33 7.16 8.13 7.99 7.64 5.63
13.07 6.95 5.98 4.09 4.05 5.10 6.04 4.01 4.06 4.01 3.93 4.09 4.20 6.27 9.21 9.89 5.99 4.09 4.12 3.06 4.02 7.98 8.99 8.10 3.28 2.19 2.08 2.03 4.08 6.06 7.93 6.95 8.05 10.03 15.08 11.05 4.95 4.07 6.97 7.01 7.78 8.78 9.83 9.93 4.01 7.07 7.07 8.02 9.00 4.01 4.08 4.04 4.09 5.01 5.91 5.92 6.92 7.98 7.04 5.97 2.90 1.89 2.93 2.93 2.93 4.88 4.89 4.89 4.87 8.05 5.20 3.22 5.13 9.02 7.00 5.95
8.93 6.29 4.18 4.00 4.71 5.15 5.36 5.60 5.75 4.96 6.00 7.49 5.67 3.46 4.79 7.69 5.04 4.71 4.32 4.82 9.55 8.15 5.90 4.25 2.68 1.14 0.89 1.75 3.68 4.90 4.90 6.29 7.93 10.17 10.56 7.82 5.57 5.11 7.12 6.13 6.41 4.84 0.46 5.85 5.92 5.07 5.11 4.64 4.60 3.54 4.32 4.79 4.79 6.18 4.90 4.82 5.90 5.93 6.83 7.97 6.11 5.89 5.07 5.15 5.07 5.72 6.51 7.07 7.39 3.78 1.89 1.89 3.25 4.79 7.00 6.79
7.93 5.54 5.07 3.43 4.02 2.76 3.98 8.30 6.41 6.02 8.51 9.82 7.58 6.17 4.87 5.27 5.16 4.90 5.30 4.34 2.78 3.33 3.88 3.70 3.71 3.91 2.43 1.29 3.49 4.41 3.39 5.23 9.02 15.44 17.43 11.58 8.60 3.62 -0.28 -3.85 -1.53 -6.39 -7.07 -8.38 -9.15 -9.69 -10.19 -10.38 -10.28 -1.76 -0.12 -0.91 4.54 4.39 4.45 5.50 5.46 6.05 4.81 4.74 6.00 4.88 4.95 3.93 5.82 4.64 3.81 6.18 8.77 5.94 3.64 3.84 3.71 3.90 6.64 6.03
7.73 6.33 5.11 6.30 6.80 5.77 3.42 5.04 6.99 6.76 5.32 5.39 5.87 7.81 5.18 6.27 6.71 7.13 3.31 4.97 3.17 4.05 4.93 5.80 7.28 6.07 4.19 3.02 5.12 4.72 2.93 3.07 9.53 16.10 17.43 13.77 6.57 0.18 -5.48 -7.31 -9.12 -10.71 -12.18 -13.39 -14.20 -14.59 -14.86 -14.33 -13.69 -12.60 -11.08 -9.40 -8.46 -6.87 -5.23 -3.76 3.98 5.02 6.39 6.22 6.01 5.93 6.19 4.13 6.75 8.28 5.33 5.00 5.76 5.79 6.01 6.21 7.25 6.25 5.20 4.00
6.05 8.03 7.95 7.90 13.86 10.88 10.82 9.85 7.99 7.93 5.87 4.85 6.93 7.03 8.98 8.03 6.91 6.07 7.98 6.89 5.92 4.96 4.00 4.00 6.05 5.01 4.97 5.82 5.00 3.93 3.90 3.97 5.99 8.18 8.41 5.51 -3.48 -5.40 -7.58 -9.75 -11.61 -13.18 -14.61 -15.68 -16.22 -16.10 1.22 -14.90 -13.29 -11.95 -10.34 -8.67 -7.39 -5.68 -4.27 -2.98 -1.93 -0.94 3.31 5.24 5.01 5.00 7.03 4.94 4.01 7.11 7.06 5.06 4.01 5.99 5.04 6.07 8.06 7.00 7.00 5.93
3.06 6.02 6.74 8.04 11.71 14.55 13.05 11.26 7.84 7.45 8.17 7.87 6.44 6.62 7.01 5.44 5.55 4.97 5.71 8.03 8.47 8.12 6.17 6.32 7.26 6.26 5.46 8.29 5.80 4.96 6.79 5.61 4.48 -0.56 -2.14 -4.41 -4.96 -6.78 -8.90 -10.93 -12.51 -13.66 -14.53 -14.97 -14.82 -13.83 -7.25 3.97 -9.24 -7.25 -6.02 -4.90 -0.99 -2.92 -2.06 -1.32 -0.76 -0.51 -0.61 -0.66 5.70 5.80 5.17 6.49 5.76 7.56 6.45 4.23 4.09 4.82 5.72 4.89 6.01 7.07 6.93 6.81
5.56 8.79 9.00 4.39 4.83 6.32 7.09 6.64 5.49 6.09 8.21 6.09 7.77 8.60 6.35 6.07 4.63 5.05 9.68 8.95 4.72 5.42 6.21 3.91 4.47 3.63 3.34 4.74 5.24 5.96 5.68 6.79 4.57 6.59 7.50 5.66 -6.08 -7.69 -9.58 -11.34 -12.56 -13.22 -13.49 -13.30 -12.54 -10.88 -8.48 -1.45 5.17 -0.31 -2.10 0.13 -0.96 -0.44 0.13 0.40 0.53 0.43 0.06 -0.24 -0.63 2.89 5.40 3.02 5.26 4.63 5.04 6.30 7.26 7.08 5.84 6.38 4.82 5.51 8.12 10.79
6.14 8.01 6.08 5.32 5.33 4.99 3.77 2.86 3.78 5.00 5.92 5.14 5.78 6.73 6.87 6.00 3.04 4.22 8.67 7.71 5.10 4.05 3.92 5.12 8.76 4.99 3.46 6.03 7.86 7.79 5.64 -2.81 -3.92 -4.95 7.98 2.49 -6.84 -8.13 -9.66 -11.03 -9.60 -11.94 -11.63 -10.87 -9.80 -7.76 -4.89 4.80 5.62 3.83 4.12 4.05 5.32 5.59 2.44 2.21 2.40 1.69 1.50 0.78 0.29 0.42 0.64 2.13 1.93 2.84 5.32 5.25 6.08 8.37 9.36 8.86 6.83 4.99 6.81 7.52
6.92 6.93 6.90 8.93 7.99 5.97 4.93 3.94 3.91 5.03 6.97 6.03 5.99 6.05 5.09 6.05 6.95 6.06 6.03 9.01 8.98 6.96 4.97 5.03 5.97 5.91 10.03 8.04 5.19 -0.88 -2.08 -3.81 -4.94 -5.69 -6.24 -6.94 -7.56 -8.43 -9.55 -10.12 -9.91 -10.07 -9.23 -8.01 3.50 5.53 -1.88 0.69 3.93 4.96 5.89 4.97 4.01 5.10 3.10 6.95 10.82 7.89 4.95 2.98 3.90 2.87 2.85 3.89 3.88 4.87 8.93 8.93 7.00 8.10 8.15 6.06 5.94 5.97 5.03 6.96
9.66 11.35 12.09 10.47 9.09 9.01 7.93 6.28 8.85 6.75 7.07 5.85 3.50 4.08 3.74 4.74 5.01 4.01 3.80 3.70 4.36 4.43 4.05 5.21 7.84 10.63 6.52 0.30 -1.73 -2.63 -3.83 -4.97 -5.88 -6.46 2.62 6.17 6.06 2.26 2.59 -0.97 -8.35 -7.58 -7.13 2.58 9.37 8.95 5.14 7.05 8.04 9.25 6.00 3.39 5.03 4.63 2.63 5.59 9.38 11.09 8.68 4.69 6.79 10.93 8.88 7.68 5.33 8.02 8.56 8.41 6.93 6.16 4.09 4.97 5.64 6.15 5.88 5.68
1.09 2.97 8.12 11.16 11.18 8.02 8.51 9.72 11.76 9.87 5.56 3.86 3.05 1.38 2.45 3.50 3.99 2.93 3.27 3.38 5.55 7.28 8.07 7.91 5.21 3.32 1.71 -1.98 -3.14 -4.15 -5.09 -5.89 -6.51 -6.92 0.32 3.92 2.86 3.60 2.60 -1.57 -6.06 -5.32 7.24 8.45 7.21 6.06 5.64 4.86 8.42 8.86 6.00 4.65 5.32 6.39 4.93 6.58 6.54 5.49 5.89 5.90 9.71 13.22 10.15 8.04 5.05 4.25 4.31 5.92 6.46 5.78 4.58 4.57 3.99 3.86 3.86 3.40
-3.43 -3.20 3.22 7.17 7.98 7.97 8.95 10.14 9.57 5.54 4.29 4.37 2.25 2.23 3.06 3.15 3.02 3.38 7.00 5.17 5.20 8.61 8.67 5.82 2.75 0.36 -1.04 -2.40 -3.61 -4.66 -5.63 -6.42 -6.98 -7.26 -7.31 -7.83 -7.50 -7.20 -6.57 -5.42 -4.55 3.25 -2.33 4.58 5.33 4.22 4.97 5.10 7.80 8.59 5.87 5.18 7.99 8.53 5.87 7.08 3.94 3.79 7.75 9.68 9.36 8.79 3.78 3.92 3.79 5.52 10.30 4.66 1.86 3.97 5.02 4.12 3.05 4.28 4.40 2.68
-3.55 -3.25 2.02 2.80 3.30 3.64 6.25 5.32 2.25 2.76 2.25 1.76 3.09 2.03 2.98 3.95 7.86 9.86 8.88 8.91 8.94 8.94 8.94 6.91 2.90 0.08 -1.04 -2.16 -3.24 -4.38 -5.57 -6.59 -7.25 -7.45 -7.31 -6.96 -6.51 -6.00 -5.36 -4.57 -3.60 5.85 4.82 3.00 5.11 7.04 6.96 8.98 6.08 4.08 4.01 7.89 5.98 4.97 4.01 6.03 9.94 11.04 9.14 9.19 7.19 6.14 6.01 5.04 3.02 2.94 3.02 2.03 2.97 5.94 7.96 6.96 5.92 6.93 9.94 12.93
-3.77 -3.39 -3.16 -2.89 -2.70 -2.57 -2.62 -2.67 -2.74 -3.05 -3.34 -3.58 0.11 2.17 3.48 5.40 6.29 6.76 7.96 6.85 7.52 6.78 7.59 8.18 5.21 -0.12 -0.85 -1.60 -2.48 -3.69 -5.10 -6.38 -7.18 -7.34 -7.08 -6.58 -6.02 -5.46 -4.79 -3.98 0.97 4.59 4.33 3.12 2.17 3.91 4.49 3.46 3.94 4.45 5.77 10.36 6.51 3.59 5.18 -2.49 3.58 3.84 3.61 3.24 2.94 3.64 4.98 3.17 2.71 3.29 3.07 1.93 2.26 4.59 5.79 3.60 4.88 10.17 9.78 9.09
-4.04 -3.67 -3.29 -2.99 -2.79 -2.74 -2.80 -2.91 -3.11 -3.47 -3.82 -4.01 -1.01 -0.58 0.18 2.66 1.68 2.39 4.04 4.29 5.95 6.36 6.28 5.71 2.05 -0.58 -0.66 -0.66 -1.25 -2.75 -1.10 -2.41 -3.12 -2.66 -1.98 -1.67 -5.45 -4.94 -4.37 -3.69 9.08 6.93 3.92 1.05 2.26 4.93 5.70 7.85 6.57 6.81 6.00 4.41 5.81 6.37 3.36 5.52 7.19 6.86 4.51 5.08 6.20 7.40 5.72 5.23 2.45 2.51 1.88 3.07 2.33 3.81 7.32 4.70 3.86 5.70 8.55 10.72
-4.50 -4.15 -3.76 -3.47 -3.26 -3.20 -3.26 -3.48 -3.76 -4.01 -4.26 -4.57 -4.95 -4.96 -4.75 -4.20 -3.51 -2.89 -2.27 -1.58 -1.03 -0.82 -0.61 -0.37 -0.29 4.51 3.65 0.17 -0.16 2.72 1.92 1.55 4.81 3.15 2.78 -5.92 -4.87 -4.48 -4.03 -3.63 -2.25 3.02 3.27 2.42 2.09 4.61 8.91 11.96 11.15 8.45 6.40 3.44 2.77 2.73 3.07 5.40 9.64 6.96 5.32 6.23 6.02 6.00 7.09 7.31 4.30 3.23 3.06 3.17 5.45 5.34 4.92 3.83 3.95 3.98 6.78 15.98
-4.93 -4.70 -4.43 -4.15 -3.93 -3.88 -3.93 -4.01 -4.18 -4.54 -4.93 -5.26 -5.43 -5.29 -4.94 -4.36 -3.68 -3.06 -2.44 -1.78 -1.18 -0.76 -0.44 -0.14 1.99 2.91 2.92 0.94 0.38 -0.44 2.99 5.11 4.20 4.09 2.00 -4.53 -4.38 -4.12 -3.72 6.77 8.90 10.78 9.87 10.86 6.89 3.99 8.11 12.10 16.04 17.91 12.87 6.93 2.97 -2.58 4.97 8.00 7.07 8.07 6.07 6.01 4.96 6.02 6.99 4.08 4.01 3.03 3.00 3.03 6.09 5.06 5.95 3.97 3.03 4.01 6.02 12.09
-5.58 -5.33 -5.07 -4.92 -4.81 -4.67 -4.59 -4.64 -4.82 -5.20 -5.59 -5.80 -5.85 -5.70 -5.36 -4.80 -4.12 -3.36 -2.65 -2.21 -1.85 -1.45 -1.07 -0.67 -0.39 0.69 4.89 4.11 2.48 -0.03 3.54 -0.23 -0.29 -0.18 -1.84 -3.61 -3.85 -3.77 -3.44 -0.99 7.38 12.37 12.96 10.34 4.27 1.09 1.07 1.81 2.51 4.06 3.78 7.25 3.00 1.02 4.93 6.36 4.94 4.16 3.94 7.18 7.57 4.30 5.30 4.89 5.78 3.75 2.93 3.00 2.09 4.18 5.68 2.51 3.89 5.85 5.72 12.32
-6.24 -6.10 -5.93 -5.71 -5.50 -5.31 -5.23 -5.40 -5.68 -5.95 -6.22 -6.52 -6.67 -6.44 -5.98 -5.32 -4.56 -3.76 -3.03 -2.59 -2.29 -2.08 -1.90 -1.62 -1.31 -0.96 -0.95 -0.60 -0.24 3.71 3.32 -0.07 -0.21 -0.20 0.06 -1.60 -3.33 -3.47 -3.15 -2.85 -3.09 0.76 2.68 1.82 -1.02 -0.73 -0.79 -0.86 -0.80 -0.53 -0.15 -0.15 4.28 4.34 6.90 7.52 5.16 4.22 3.89 5.25 3.63 2.82 4.43 5.08 5.50 4.00 3.18 3.00 3.12 4.07 2.86 2.33 2.97 5.71 6.06 9.26
-6.88 -6.78 -6.66 -6.40 -6.15 -6.05 -6.05 -6.18 -6.41 -6.74 -7.07 -7.34 -7.43 -7.17 -6.66 -5.86 -4.98 -4.25 -3.65 -3.27 -3.05 -3.00 -2.98 -2.87 -2.64 -2.21 -1.67 -0.98 -0.37 -0.10 4.26 -0.06 -0.16 -0.20 -0.20 -0.16 0.10 0.19 -2.88 -2.82 -2.74 -2.64 -2.45 -2.26 -2.14 -2.24 -2.47 -2.59 -2.35 -1.58 -0.45 1.47 6.87 7.36 9.80 10.95 12.13 9.78 6.45 7.24 7.00 5.27 13.24 7.72 5.92 3.86 1.83 3.02 2.08 5.62 3.49 5.15 9.07 8.99 5.06 3.74
-7.66 -7.49 -7.31 -7.03 -6.81 -6.78 -6.84 -6.92 -7.07 -7.39 -7.72 -7.93 -7.97 -7.71 -7.22 -6.43 -5.56 -4.79 -4.17 -3.85 -3.70 -3.69 -3.72 -3.70 -3.60 -3.34 -2.93 -2.33 -1.71 -1.23 -0.86 -0.57 -0.39 -0.31 -0.29 -0.25 -0.20 -0.06 -2.59 -2.89 -3.13 -3.33 -3.45 -3.53 -3.58 -3.77 -4.04 -4.08 -3.59 -2.29 -0.41 1.69 7.87 9.94 17.03 16.98 15.01 9.10 8.04 7.03 7.97 7.02 5.20 4.11 4.06 2.00 1.95 2.02 4.00 7.07 5.05 4.02 10.01 7.02 7.91 7.90
-8.56 -8.27 -7.95 -7.67 -7.45 -7.37 -7.38 -7.47 -7.63 -7.88 -8.12 -8.28 -8.29 -8.01 -7.54 -6.87 -6.13 -5.40 -4.78 -4.40 -4.18 -4.15 -4.19 -4.22 -4.22 -4.20 -4.11 -3.93 -3.58 -2.92 -2.17 -1.49 -0.93 -0.71 -0.59 -0.42 -0.26 -0.12 -0.63 -0.78 -0.92 -0.99 -4.69 -5.02 -5.21 -5.41 -5.57 -5.40 -4.57 -2.69 -0.02 3.67 13.02 14.09 14.56 16.79 14.75 7.75 5.72 7.60 5.40 4.26 2.73 1.59 1.04 3.71 3.63 3.43 3.72 4.12 5.47 5.50 5.34 6.40 8.03 6.65
-9.39 -9.05 -8.67 -8.39 -8.17 -7.96 -7.85 -7.93 -8.11 -8.35 -8.56 -8.63 -8.54 -8.24 -7.79 -7.22 -6.61 -6.09 -5.64 -5.22 -4.92 -4.86 -4.88 -4.85 -4.83 -4.84 -4.84 -4.82 -4.63 -4.00 -3.21 -2.38 -1.66 -1.32 -1.10 -0.81 -0.55 -0.36 -0.25 -0.22 -0.21 -0.07 -5.14 -5.52 -5.73 -5.93 -6.07 -5.85 -4.94 -2.90 -0.02 2.84 10.14 18.66 20.11 14.59 9.90 11.76 10.15 8.01 5.23 3.38 1.88 3.07 2.69 4.11 5.69 5.46 4.84 5.46 5.94 7.01 5.56 4.26 3.29 3.87
-10.00 -9.79 -9.54 -9.29 -9.04 -8.74 -8.53 -8.59 -8.76 -8.89 -9.00 -9.06 -9.00 -8.69 -8.25 -7.77 -7.26 -6.74 -6.28 -5.99 -5.79 -5.63 -5.51 -5.36 -5.25 -5.25 -5.25 -5.17 -4.98 -4.57 -4.02 -3.28 -2.55 -2.12 -1.78 -1.37 -1.00 -0.71 -0.49 -0.33 -0.21 -0.07 -3.85 -4.69 -4.72 -4.94 -5.21 -5.19 -4.56 -2.94 -0.61 1.81 5.50 8.55 12.94 12.91 9.03 9.73 9.63 3.03 2.92 3.84 3.37 3.29 1.95 3.49 5.53 7.53 7.33 7.35 7.21 5.67 5.73 5.89 4.69 4.45
-10.43 -10.31 -10.18 -9.95 -9.68 -9.40 -9.18 -9.14 -9.18 -9.31 -9.44 -9.50 -9.44 -9.12 -8.69 -8.19 -7.69 -7.28 -6.93 -6.67 -6.43 -6.17 -5.93 -5.78 -5.69 -5.70 -5.69 -5.49 -5.19 -4.84 -4.44 -3.95 -3.43 -2.93 -2.43 -1.90 -1.43 -1.15 -0.93 -0.67 -0.44 -0.30 -0.19 -0.14 -3.19 -3.39 -3.81 -4.07 -3.84 -2.86 -1.38 0.22 3.08 2.06 5.09 8.05 7.01 8.04 7.06 3.98 4.00 2.98 6.02 7.01 4.95 -0.17 5.07 11.04 11.99 11.01 9.00 6.99 5.01 6.00 9.04 9.22
-11.11 -10.90 -10.63 -10.36 -10.11 -9.94 -9.84 -9.82 -9.85 -9.86 -9.87 -9.93 -9.89 -9.57 -9.12 -8.62 -8.12 -7.71 -7.38 -7.23 -7.10 -6.85 -6.58 -6.33 -6.11 -5.99 -5.90 -5.80 -5.63 -5.28 -4.87 -4.50 -4.10 -3.61 -3.09 -2.55 -2.07 -1.81 -1.58 -1.23 -0.87 -0.61 -0.41 -0.28 -0.07 -0.58 -2.14 -2.79 -3.17 -3.19 -2.81 -1.71 -1.08 2.06 3.79 8.09 9.21 5.46 4.19 3.60 3.04 3.45 3.94 0.22 -0.08 4.83 6.28 6.88 2.47 1.83 6.61 3.09 -1.70 5.12 5.25 -6.66
-11.40 -11.26 -11.08 -10.91 -10.75 -10.62 -10.51 -10.40 -10.32 -10.32 -10.31 -10.25 -10.12 -9.90 -9.58 -9.09 -8.58 -8.15 -7.81 -7.66 -7.57 -7.43 -7.26 -7.01 -6.75 -6.53 -6.32 -6.11 -5.89 -5.63 -5.33 -4.96 -4.57 -4.17 -3.76 -3.34 -2.93 -2.59 -2.24 -1.77 -1.30 -0.91 -0.60 -0.37 -0.19 -0.04 1.75 0.15 0.64 3.80 4.36 -3.60 -3.59 -3.06 -1.83 1.00 3.76 3.03 3.74 2.58 2.59 1.26 1.69 -1.93 -2.55 -2.67 -2.01 -1.25 -0.74 -1.51 0.56 -4.56 -5.55 -1.90 -9.07 -9.40
-11.61 -11.49 -11.36 -11.32 -11.28 -11.17 -11.03 -10.88 -10.77 -10.77 -10.77 -10.66 -10.48 -10.21 -9.85 -9.34 -8.85 -8.51 -8.27 -8.12 -8.02 -7.91 -7.76 -7.53 -7.25 -6.91 -6.58 -6.33 -6.10 -5.86 -5.61 -5.33 -5.02 -4.64 -4.26 -3.97 -3.68 -3.33 -2.92 -2.40 -1.89 -1.50 -1.14 -0.69 -0.30 -0.15 -0.21 2.76 -1.57 -2.79 -3.97 -4.40 -4.70 -4.14 -2.98 -1.72 -0.88 -0.57 -0.66 -0.84 -1.22 -1.94 -2.87 -3.89 -4.50 -4.37 -3.78 -3.25 -3.31 -4.26 -5.78 -7.43 -8.77 -10.04 -11.35 -12.09
