Instances/Smalandsfarvandet/GMRTv3_3_20170610topo.asc
ncols 608
nrows 194
xllcorner 11.1005859375
yllcorner 54.80068486732233
cellsize 0.002197265625
nodata_value -2147483648
[rows 34 to 67 of 193, columns 456 to 531 of 608]
3.98 3.65 2.24 0.66 -3.33 -4.16 -4.97 -5.70 -6.34 -6.88 -7.24 -7.26 -7.10 -6.85 -6.48 -5.93 -5.35 -4.89 -4.56 -4.42 -4.44 -4.61 -4.83 -4.95 -5.05 -5.16 -5.20 -5.14 -4.97 -4.61 -4.19 -3.77 -3.42 -3.27 -3.20 -3.09 -3.05 -3.16 -3.33 -3.45 -3.59 -3.78 -3.97 -4.10 -4.21 -4.34 -4.47 -4.59 -4.71 -4.84 -4.96 -5.02 -5.08 -5.18 -5.31 -5.51 -5.71 -5.83 -5.96 -6.18 -6.46 -6.77 -7.08 -7.34 -7.58 -7.79 -7.97 -8.11 -8.22 -8.33 -8.46 -8.66 -8.84 -8.93 -8.97 -8.96
4.19 2.91 2.09 1.36 -3.12 -3.82 -4.52 -5.28 -5.96 -6.45 -6.71 -6.63 -6.36 -5.98 -5.51 -4.88 -4.31 -4.03 -3.91 -3.89 -3.99 -4.25 -4.58 -4.95 -5.29 -5.48 -5.55 -5.48 -5.30 -5.01 -4.64 -4.22 -3.80 -3.46 -3.18 -3.02 -2.94 -2.97 -3.02 -2.98 -2.99 -3.18 -3.42 -3.61 -3.77 -3.89 -4.01 -4.17 -4.34 -4.47 -4.59 -4.72 -4.86 -4.99 -5.11 -5.22 -5.34 -5.45 -5.59 -5.82 -6.10 -6.45 -6.79 -7.06 -7.29 -7.42 -7.52 -7.64 -7.77 -7.93 -8.10 -8.34 -8.54 -8.54 -8.51 -8.54
11.42 8.62 5.80 1.73 -2.84 -3.46 -4.08 -4.71 -5.27 -5.73 -5.98 -5.83 -5.47 -4.99 -4.45 -3.92 -3.50 -3.35 -3.36 -3.45 -3.66 -4.02 -4.47 -5.03 -5.51 -5.72 -5.77 -5.69 -5.52 -5.33 -5.04 -4.54 -4.00 -3.58 -3.25 -3.04 -2.90 -2.74 -2.62 -2.59 -2.62 -2.72 -2.87 -3.09 -3.32 -3.47 -3.62 -3.89 -4.15 -4.29 -4.39 -4.51 -4.64 -4.76 -4.89 -5.01 -5.14 -5.25 -5.39 -5.60 -5.84 -6.08 -6.32 -6.59 -6.83 -6.97 -7.08 -7.19 -7.33 -7.59 -7.85 -7.99 -8.08 -8.11 -8.13 -8.22
7.03 7.00 3.60 1.69 -2.41 -3.01 -3.65 -4.18 -4.62 -4.95 -5.09 -4.93 -4.59 -4.10 -3.59 -3.16 -2.89 -2.95 -3.17 -3.40 -3.72 -4.20 -4.73 -5.27 -5.71 -5.90 -5.94 -5.86 -5.69 -5.49 -5.19 -4.73 -4.23 -3.83 -3.46 -3.04 -2.69 -2.50 -2.42 -2.39 -2.42 -2.52 -2.65 -2.76 -2.91 -3.15 -3.42 -3.68 -3.90 -4.05 -4.17 -4.30 -4.42 -4.55 -4.67 -4.80 -4.92 -5.05 -5.17 -5.27 -5.41 -5.65 -5.91 -6.17 -6.39 -6.53 -6.64 -6.75 -6.89 -7.14 -7.39 -7.53 -7.64 -7.79 -7.90 -7.91
4.03 3.01 1.70 1.11 -2.20 -2.71 -3.21 -3.63 -3.96 -4.17 -4.22 -4.05 -3.72 -3.20 -2.71 -2.49 -2.46 -2.63 -2.95 -3.42 -3.94 -4.46 -4.94 -5.38 -5.70 -5.76 -5.70 -5.61 -5.45 -5.22 -4.95 -4.73 -4.45 -3.96 -3.45 -3.04 -2.70 -2.40 -2.20 -2.17 -2.20 -2.17 -2.20 -2.42 -2.70 -2.97 -3.20 -3.33 -3.45 -3.70 -3.95 -4.09 -4.20 -4.33 -4.45 -4.58 -4.70 -4.83 -4.95 -5.06 -5.20 -5.45 -5.70 -5.85 -5.96 -6.08 -6.21 -6.32 -6.46 -6.71 -6.96 -7.10 -7.21 -7.33 -7.45 -7.58
1.71 1.41 0.87 0.29 -2.00 -2.27 -2.55 -2.83 -3.08 -3.28 -3.34 -3.14 -2.83 -2.54 -2.28 -2.06 -2.01 -2.28 -2.73 -3.33 -3.96 -4.51 -4.97 -5.31 -5.51 -5.57 -5.51 -5.29 -5.04 -4.90 -4.76 -4.54 -4.25 -3.88 -3.47 -3.07 -2.71 -2.42 -2.21 -2.04 -1.97 -2.05 -2.20 -2.34 -2.48 -2.61 -2.76 -3.00 -3.24 -3.40 -3.52 -3.65 -3.77 -3.88 -4.01 -4.25 -4.50 -4.64 -4.75 -4.86 -4.98 -5.12 -5.26 -5.39 -5.51 -5.63 -5.76 -5.87 -6.01 -6.26 -6.52 -6.64 -6.76 -7.00 -7.24 -7.39
-0.33 -0.42 -0.50 -0.58 -1.59 -1.84 -2.09 -2.27 -2.39 -2.46 -2.45 -2.33 -2.14 -1.86 -1.63 -1.61 -1.75 -2.06 -2.51 -3.15 -3.79 -4.26 -4.62 -4.82 -4.92 -4.98 -4.94 -4.70 -4.43 -4.29 -4.19 -4.06 -3.87 -3.50 -3.10 -2.80 -2.52 -2.23 -2.01 -1.93 -1.94 -1.95 -2.01 -2.13 -2.27 -2.38 -2.50 -2.67 -2.83 -2.95 -3.07 -3.18 -3.32 -3.54 -3.77 -3.95 -4.09 -4.20 -4.33 -4.55 -4.78 -4.90 -5.00 -5.13 -5.25 -5.38 -5.50 -5.63 -5.77 -5.91 -6.07 -6.29 -6.52 -6.69 -6.83 -6.94
-2.48 -2.28 -1.85 -1.35 -1.13 -1.30 -1.49 -1.64 -1.74 -1.76 -1.71 -1.61 -1.48 -1.35 -1.28 -1.35 -1.55 -1.88 -2.31 -2.88 -3.42 -3.77 -4.01 -4.18 -4.26 -4.23 -4.11 -3.86 -3.61 -3.46 -3.34 -3.24 -3.11 -2.88 -2.64 -2.47 -2.31 -2.11 -1.95 -1.93 -1.96 -1.94 -1.93 -1.96 -2.03 -2.15 -2.30 -2.41 -2.53 -2.66 -2.80 -2.92 -3.05 -3.23 -3.41 -3.52 -3.65 -3.84 -4.05 -4.23 -4.41 -4.62 -4.81 -4.95 -5.06 -5.20 -5.31 -5.34 -5.39 -5.58 -5.80 -5.97 -6.14 -6.35 -6.55 -6.68
-0.31 -0.51 -0.69 -0.77 -0.81 -0.87 -0.93 -0.99 -1.06 -1.15 -1.19 -1.07 -0.93 -0.89 -0.94 -1.10 -1.33 -1.61 -1.96 -2.41 -2.85 -3.15 -3.35 -3.47 -3.50 -3.41 -3.23 -2.97 -2.72 -2.64 -2.59 -2.45 -2.32 -2.27 -2.22 -2.09 -1.96 -1.88 -1.84 -1.82 -1.83 -1.89 -1.96 -1.95 -1.95 -2.00 -2.08 -2.20 -2.33 -2.39 -2.46 -2.58 -2.71 -2.82 -2.94 -3.05 -3.19 -3.46 -3.72 -3.83 -3.94 -4.21 -4.47 -4.61 -4.71 -4.84 -4.96 -5.00 -5.06 -5.24 -5.46 -5.64 -5.83 -6.03 -6.22 -6.36
-0.18 -0.31 -0.43 -0.53 -0.61 -0.61 -0.59 -0.57 -0.58 -0.68 -0.76 -0.68 -0.59 -0.60 -0.68 -0.87 -1.11 -1.34 -1.59 -1.88 -2.17 -2.43 -2.60 -2.58 -2.48 -2.38 -2.23 -2.01 -1.82 -1.81 -1.83 -1.75 -1.67 -1.67 -1.67 -1.63 -1.59 -1.59 -1.61 -1.64 -1.69 -1.79 -1.87 -1.88 -1.86 -1.84 -1.85 -1.98 -2.11 -2.09 -2.08 -2.19 -2.34 -2.47 -2.59 -2.71 -2.84 -3.04 -3.26 -3.43 -3.61 -3.81 -4.01 -4.19 -4.35 -4.48 -4.60 -4.74 -4.87 -4.98 -5.10 -5.32 -5.54 -5.66 -5.77 -5.89
-0.21 -0.32 -0.41 -0.41 -0.38 -0.38 -0.39 -0.39 -0.39 -0.38 -0.37 -0.36 -0.38 -0.50 -0.65 -0.75 -0.88 -1.14 -1.39 -1.50 -1.56 -1.68 -1.74 -1.67 -1.54 -1.41 -1.28 -1.15 -1.04 -1.03 -1.04 -1.05 -1.06 -1.07 -1.12 -1.26 -1.40 -1.39 -1.38 -1.52 -1.66 -1.66 -1.63 -1.66 -1.69 -1.68 -1.69 -1.78 -1.88 -1.91 -1.94 -2.02 -2.13 -2.25 -2.38 -2.51 -2.64 -2.74 -2.87 -3.10 -3.34 -3.49 -3.63 -3.87 -4.10 -4.24 -4.35 -4.47 -4.59 -4.72 -4.84 -4.96 -5.07 -5.20 -5.33 -5.45
-0.17 -0.18 -0.17 -0.18 -0.19 -0.18 -0.25 -0.24 -0.21 -0.18 -0.26 -0.24 -0.26 -0.37 -0.49 -0.64 -0.80 -1.04 -1.27 -1.33 -1.31 -1.32 -1.27 -1.27 -1.14 -1.04 -0.91 -0.77 -0.66 -0.65 -0.66 -0.65 -0.66 -0.77 -0.90 -1.04 -1.15 -1.17 -1.19 -1.30 -1.42 -1.43 -1.44 -1.56 -1.68 -1.69 -1.68 -1.67 -1.69 -1.81 -1.93 -1.93 -1.94 -2.05 -2.19 -2.30 -2.42 -2.54 -2.67 -2.78 -2.91 -3.16 -3.41 -3.54 -3.64 -3.77 -3.89 -4.03 -4.16 -4.29 -4.41 -4.54 -4.66 -4.79 -4.91 -5.03
-0.72 -0.21 0.60 -0.09 -0.20 -0.09 4.97 4.97 2.98 -0.07 3.91 3.89 3.91 3.89 2.89 4.87 5.84 4.82 4.84 6.83 7.74 8.73 5.77 5.71 -0.70 -0.70 -0.70 -0.58 -0.45 -0.43 -0.45 -0.45 -0.45 -0.44 -0.45 -0.55 -0.70 -0.97 -1.20 -1.21 -1.20 -1.32 -1.45 -1.46 -1.45 -1.44 -1.45 -1.57 -1.70 -1.70 -1.70 -1.81 -1.95 -2.09 -2.20 -2.20 -2.20 -2.31 -2.45 -2.58 -2.70 -2.83 -2.96 -3.08 -3.21 -3.32 -3.46 -3.71 -3.95 -4.10 -4.20 -4.33 -4.46 -4.60 -4.70 -4.71
3.52 0.28 -0.18 -0.20 -0.20 -0.18 -0.32 -0.31 -0.25 -0.18 3.64 3.26 2.90 3.26 4.10 3.22 4.22 5.36 5.00 5.75 8.29 9.00 9.55 12.12 -0.69 -0.57 -0.47 -0.47 -0.46 -0.34 -0.22 -0.19 -0.22 -0.32 -0.45 -0.57 -0.70 -0.85 -0.99 -1.09 -1.19 -1.33 -1.45 -1.46 -1.44 -1.43 -1.44 -1.57 -1.70 -1.69 -1.69 -1.80 -1.95 -2.09 -2.20 -2.21 -2.19 -2.19 -2.22 -2.35 -2.48 -2.50 -2.51 -2.62 -2.76 -2.87 -3.01 -3.27 -3.53 -3.67 -3.78 -3.89 -4.01 -4.16 -4.28 -4.27
2.75 4.02 5.36 4.87 2.52 1.64 0.70 1.69 2.13 2.62 5.12 3.00 3.57 3.38 3.31 3.00 4.44 3.93 4.51 4.82 8.38 10.20 12.41 9.18 0.44 3.93 3.68 0.19 1.41 2.55 2.58 0.74 -0.19 -0.21 -0.26 -0.37 -0.51 -0.62 -0.75 -0.97 -1.20 -1.35 -1.45 -1.45 -1.43 -1.41 -1.43 -1.57 -1.70 -1.69 -1.68 -1.80 -1.95 -2.09 -2.20 -2.22 -2.21 -2.21 -2.20 -2.23 -2.27 -2.25 -2.26 -2.36 -2.51 -2.63 -2.76 -2.92 -3.08 -3.19 -3.32 -3.56 -3.77 -3.81 -3.82 -3.90
6.68 5.63 7.11 7.36 6.20 4.18 3.21 2.92 3.92 3.69 3.94 3.15 4.23 4.91 4.90 3.15 4.86 4.00 5.03 7.45 9.98 13.27 18.84 10.22 2.93 7.94 7.46 2.16 6.77 4.50 4.50 3.06 -0.20 -0.17 -0.18 -0.29 -0.43 -0.53 -0.67 -0.92 -1.18 -1.33 -1.43 -1.52 -1.58 -1.59 -1.58 -1.62 -1.68 -1.77 -1.85 -1.88 -1.93 -2.08 -2.20 -2.14 -2.05 -2.04 -2.05 -2.04 -2.03 -2.01 -2.03 -2.15 -2.30 -2.43 -2.55 -2.58 -2.63 -2.82 -3.05 -3.25 -3.41 -3.48 -3.53 -3.66
6.01 6.99 5.89 4.97 4.09 3.06 4.02 3.97 4.99 4.96 4.00 4.00 4.06 4.02 4.99 3.98 3.03 4.00 7.01 8.13 5.14 5.08 4.19 1.11 1.01 1.90 1.02 6.16 1.97 1.03 1.00 4.79 -0.27 -0.30 -0.20 -0.30 -0.45 -0.62 -0.81 -1.07 -1.31 -1.45 -1.55 -1.70 -1.82 -1.83 -1.82 -1.80 -1.80 -1.86 -1.95 -2.01 -2.06 -2.15 -2.20 -2.07 -1.93 -1.91 -1.93 -1.94 -1.95 -1.94 -1.95 -1.99 -2.06 -2.20 -2.33 -2.30 -2.30 -2.49 -2.71 -2.83 -2.94 -3.14 -3.34 -3.47
5.34 4.86 6.52 5.22 3.78 4.33 2.97 3.26 4.04 4.71 6.14 5.47 5.25 3.04 4.04 5.11 3.74 4.66 4.57 2.99 4.04 5.15 3.85 3.29 4.58 5.64 4.45 5.72 5.76 1.74 2.03 1.39 2.11 4.27 -0.18 -0.28 -0.43 -0.68 -0.95 -1.21 -1.45 -1.63 -1.78 -1.94 -2.05 -2.06 -2.05 -2.05 -2.05 -2.03 -2.03 -2.12 -2.21 -2.23 -2.20 -2.06 -1.93 -1.93 -1.95 -1.91 -1.86 -1.85 -1.86 -1.89 -1.93 -2.01 -2.10 -2.15 -2.19 -2.25 -2.33 -2.44 -2.59 -2.80 -3.01 -3.20
7.18 6.12 6.64 6.01 8.07 7.57 2.95 3.05 2.93 5.05 8.61 5.57 3.59 1.77 3.31 4.36 5.35 5.26 5.21 5.14 3.74 2.00 1.38 2.56 3.81 3.60 1.83 1.19 2.31 2.00 2.05 1.64 5.55 4.94 -0.23 -0.33 -0.49 -0.72 -0.99 -1.23 -1.49 -1.77 -2.01 -2.14 -2.20 -2.22 -2.21 -2.21 -2.21 -2.21 -2.21 -2.20 -2.19 -2.20 -2.20 -2.10 -1.99 -1.98 -1.95 -1.81 -1.67 -1.64 -1.68 -1.82 -1.95 -1.94 -1.93 -2.04 -2.15 -2.17 -2.19 -2.27 -2.38 -2.51 -2.67 -2.91
4.84 5.07 6.00 7.40 8.86 7.84 4.34 2.07 2.99 3.78 6.59 5.11 3.05 5.20 5.19 4.99 6.08 3.23 4.48 5.34 4.12 1.14 2.06 0.92 0.94 4.46 0.92 1.08 0.87 2.01 1.48 0.95 4.75 4.26 -0.49 -0.57 -0.72 -0.95 -1.22 -1.47 -1.72 -2.00 -2.21 -2.24 -2.22 -2.21 -2.20 -2.19 -2.20 -2.19 -2.20 -2.21 -2.22 -2.21 -2.20 -2.22 -2.21 -2.09 -1.95 -1.82 -1.71 -1.67 -1.70 -1.82 -1.95 -1.96 -1.95 -1.93 -1.94 -2.06 -2.18 -2.17 -2.19 -2.42 -2.68 -2.82
6.93 6.99 5.97 6.11 8.00 7.96 6.99 3.94 3.91 3.96 5.02 8.01 3.91 4.01 7.02 6.02 7.05 5.06 4.16 3.62 3.68 2.03 2.00 1.97 1.00 1.99 1.97 1.98 1.00 0.95 4.38 3.98 3.72 3.17 -0.93 -0.92 -0.94 -1.16 -1.44 -1.71 -1.94 -2.09 -2.20 -2.35 -2.45 -2.34 -2.20 -2.18 -2.20 -2.18 -2.20 -2.34 -2.45 -2.34 -2.20 -2.20 -2.20 -2.07 -1.95 -1.94 -1.94 -1.80 -1.69 -1.80 -1.95 -1.96 -1.95 -1.95 -1.95 -1.93 -1.95 -2.06 -2.20 -2.33 -2.46 -2.56
5.54 5.16 8.20 7.60 6.47 7.42 5.09 5.69 5.99 4.73 4.55 4.90 5.41 5.76 4.06 3.86 4.86 3.66 2.59 2.75 1.14 1.70 1.78 3.88 4.02 1.70 1.80 1.58 1.00 4.34 3.71 3.13 2.54 1.94 -1.38 -1.38 -1.38 -1.50 -1.66 -1.81 -1.95 -2.09 -2.20 -2.23 -2.23 -2.22 -2.21 -2.21 -2.21 -2.21 -2.21 -2.22 -2.23 -2.21 -2.20 -2.22 -2.21 -2.08 -1.95 -1.93 -1.95 -1.93 -1.92 -1.93 -1.95 -1.95 -1.95 -1.95 -1.95 -1.94 -1.94 -1.94 -1.98 -2.07 -2.22 -2.45
5.37 6.12 11.28 15.77 7.44 5.60 7.87 7.49 7.65 5.53 6.83 6.42 4.35 6.11 5.30 4.70 5.23 4.00 4.07 1.93 2.44 2.53 5.37 3.90 1.11 2.00 3.31 1.79 2.43 4.06 3.18 2.38 1.65 1.01 -1.65 -1.63 -1.64 -1.76 -1.89 -1.91 -1.93 -2.07 -2.20 -2.22 -2.19 -2.10 -2.01 -2.01 -2.03 -2.02 -2.03 -2.12 -2.22 -2.24 -2.21 -2.12 -2.01 -1.97 -1.95 -1.94 -1.95 -1.95 -1.96 -1.95 -1.95 -1.94 -1.95 -1.95 -1.96 -1.97 -1.96 -1.93 -1.94 -2.03 -2.19 -2.44
6.80 4.82 5.60 5.47 8.92 9.40 11.03 7.89 4.53 3.71 3.74 4.53 4.88 4.03 4.15 3.08 3.86 4.01 3.88 1.85 3.77 0.88 1.68 1.68 2.94 1.86 2.08 3.80 3.82 1.19 2.77 1.79 0.94 0.27 -1.71 -1.79 -1.86 -1.90 -1.94 -2.02 -2.10 -2.15 -2.20 -2.23 -2.21 -2.09 -1.95 -1.86 -1.80 -1.78 -1.80 -1.85 -1.91 -2.00 -2.06 -2.02 -1.95 -1.94 -1.95 -1.95 -1.95 -1.95 -1.95 -1.95 -1.96 -1.97 -1.96 -1.88 -1.80 -1.78 -1.80 -1.86 -1.95 -2.04 -2.18 -2.44
4.04 2.98 3.94 6.89 7.97 11.03 7.18 5.11 3.90 4.86 2.94 3.93 3.01 4.04 4.04 4.00 3.03 3.04 2.07 1.99 3.01 1.00 1.00 1.00 1.04 1.00 1.04 0.94 4.20 3.64 2.63 1.50 0.57 -0.16 -1.70 -1.84 -1.96 -2.02 -2.06 -2.14 -2.21 -2.22 -2.20 -2.15 -2.08 -1.96 -1.83 -1.68 -1.56 -1.56 -1.58 -1.56 -1.56 -1.70 -1.83 -1.84 -1.83 -1.90 -1.96 -1.97 -1.96 -1.97 -1.96 -1.90 -1.83 -1.84 -1.85 -1.77 -1.70 -1.66 -1.68 -1.79 -1.95 -2.12 -2.31 -2.51
4.00 4.42 6.22 6.67 8.54 7.16 3.42 4.68 7.01 5.56 5.49 4.96 4.83 4.00 4.87 3.28 2.76 2.36 1.68 0.89 0.93 1.00 1.00 1.00 1.00 1.00 1.00 2.05 4.43 3.83 2.75 1.53 0.51 -0.29 -1.70 -1.82 -1.95 -2.10 -2.23 -2.23 -2.21 -2.22 -2.21 -2.09 -1.94 -1.82 -1.69 -1.56 -1.44 -1.38 -1.35 -1.33 -1.35 -1.47 -1.60 -1.64 -1.68 -1.78 -1.87 -1.88 -1.87 -1.88 -1.88 -1.79 -1.69 -1.64 -1.61 -1.61 -1.63 -1.66 -1.71 -1.80 -1.95 -2.21 -2.48 -2.60
3.74 2.77 3.45 4.98 4.38 4.88 4.53 5.10 3.79 5.71 10.08 6.12 3.98 3.64 2.86 3.00 1.98 0.93 2.00 2.07 1.46 1.00 1.00 1.00 1.00 1.00 1.00 1.00 4.77 4.13 3.03 1.76 0.68 -0.20 -1.70 -1.83 -1.95 -2.06 -2.15 -2.17 -2.16 -2.17 -2.16 -2.05 -1.90 -1.78 -1.66 -1.53 -1.41 -1.28 -1.19 -1.16 -1.18 -1.29 -1.43 -1.58 -1.70 -1.71 -1.68 -1.68 -1.68 -1.66 -1.63 -1.66 -1.67 -1.53 -1.39 -1.36 -1.39 -1.51 -1.66 -1.79 -1.95 -2.18 -2.40 -2.56
8.66 6.04 2.94 3.65 3.88 5.83 3.97 2.88 3.99 4.29 4.48 4.68 2.95 2.08 3.01 2.86 1.06 0.99 2.00 1.87 1.07 1.00 1.00 1.00 1.00 0.99 0.99 0.99 4.05 5.45 3.88 2.35 1.23 0.25 -1.70 -1.84 -1.95 -1.96 -1.94 -1.93 -1.92 -1.94 -1.92 -1.82 -1.69 -1.56 -1.42 -1.28 -1.17 -1.16 -1.18 -1.17 -1.20 -1.31 -1.45 -1.59 -1.70 -1.71 -1.70 -1.71 -1.70 -1.57 -1.44 -1.42 -1.41 -1.29 -1.17 -1.14 -1.17 -1.27 -1.42 -1.68 -1.93 -2.06 -2.19 -2.44
3.95 5.85 7.63 4.79 1.98 1.99 2.06 3.03 4.99 9.90 4.80 2.99 2.05 2.05 2.01 2.98 3.02 1.95 2.00 1.00 2.04 0.97 1.00 1.00 0.93 1.89 1.89 1.95 7.01 12.24 7.07 2.67 1.57 0.55 -1.70 -1.82 -1.95 -1.98 -1.95 -1.83 -1.71 -1.69 -1.71 -1.73 -1.70 -1.47 -1.20 -1.04 -0.95 -0.92 -0.95 -1.06 -1.20 -1.32 -1.45 -1.59 -1.70 -1.71 -1.70 -1.71 -1.70 -1.61 -1.46 -1.19 -0.96 -0.93 -0.96 -0.94 -0.96 -1.05 -1.21 -1.44 -1.71 -1.97 -2.21 -2.35
3.62 5.72 8.91 5.10 3.44 5.44 3.20 1.55 4.11 8.48 8.26 3.00 2.06 2.85 3.18 1.30 0.96 1.29 1.22 1.00 0.89 1.96 1.56 2.56 2.44 2.64 3.60 3.58 3.91 3.74 3.12 2.11 1.12 0.26 -1.70 -1.71 -1.74 -1.76 -1.74 -1.61 -1.47 -1.46 -1.47 -1.50 -1.48 -1.33 -1.18 -1.15 -1.16 -1.16 -1.16 -1.15 -1.18 -1.30 -1.45 -1.59 -1.71 -1.74 -1.71 -1.63 -1.49 -1.26 -1.01 -0.83 -0.72 -0.71 -0.74 -0.72 -0.72 -0.82 -0.97 -1.23 -1.49 -1.65 -1.78 -1.89
3.79 1.81 3.16 2.25 1.93 0.11 0.57 0.95 2.65 3.60 4.72 2.60 1.46 0.97 0.96 1.10 1.10 1.08 1.49 1.29 2.02 2.97 5.43 0.84 1.19 2.23 2.83 3.36 3.51 3.01 2.13 1.14 -0.50 -0.85 -1.70 -1.58 -1.50 -1.50 -1.52 -1.49 -1.45 -1.44 -1.44 -1.44 -1.44 -1.42 -1.38 -1.28 -1.19 -1.17 -1.19 -1.28 -1.38 -1.42 -1.45 -1.49 -1.53 -1.55 -1.53 -1.42 -1.27 -1.10 -0.94 -0.81 -0.70 -0.58 -0.50 -0.57 -0.69 -0.81 -0.95 -1.11 -1.27 -1.39 -1.51 -1.64
4.88 3.19 2.94 3.00 2.13 0.44 0.93 4.32 3.89 2.14 2.08 2.14 1.01 1.06 1.07 1.07 0.87 0.84 4.53 3.55 2.83 4.90 4.43 1.56 1.44 1.69 2.03 2.26 2.22 1.74 0.66 -0.07 -1.95 -1.82 -1.70 -1.57 -1.45 -1.35 -1.29 -1.27 -1.30 -1.37 -1.45 -1.45 -1.45 -1.46 -1.46 -1.40 -1.34 -1.33 -1.34 -1.41 -1.48 -1.49 -1.46 -1.38 -1.30 -1.31 -1.30 -1.19 -1.05 -0.93 -0.82 -0.68 -0.55 -0.46 -0.43 -0.55 -0.70 -0.75 -0.80 -0.91 -1.04 -1.18 -1.30 -1.34
4.00 3.02 3.00 3.00 2.10 3.05 2.18 2.22 2.09 1.12 1.11 1.10 0.97 0.97 0.97 0.98 -0.82 -0.89 -0.97 -0.90 0.95 1.09 1.02 1.18 1.08 1.09 1.09 1.02 0.81 0.34 -2.22 -2.11 -1.96 -1.85 -1.71 -1.52 -1.33 -1.23 -1.18 -1.15 -1.17 -1.31 -1.45 -1.46 -1.43 -1.44 -1.45 -1.45 -1.46 -1.48 -1.48 -1.41 -1.35 -1.36 -1.35 -1.21 -1.08 -1.09 -1.10 -0.98 -0.83 -0.69 -0.57 -0.48 -0.43 -0.41 -0.43 -0.57 -0.70 -0.69 -0.68 -0.80 -0.95 -1.03 -1.08 -1.06
5.39 4.88 2.93 2.93 0.73 1.34 0.33 0.53 0.60 0.84 0.79 0.73 0.70 0.68 0.78 0.78 -0.95 -0.94 -0.93 -0.94 0.73 0.71 0.70 0.66 0.58 0.46 0.31 0.11 -0.14 -0.54 -2.13 -2.02 -1.88 -1.76 -1.62 -1.38 -1.17 -1.14 -1.19 -1.22 -1.28 -1.35 -1.43 -1.49 -1.52 -1.49 -1.45 -1.45 -1.46 -1.44 -1.38 -1.24 -1.11 -1.12 -1.13 -1.00 -0.86 -0.82 -0.79 -0.71 -0.61 -0.52 -0.44 -0.43 -0.45 -0.48 -0.52 -0.62 -0.70 -0.69 -0.69 -0.77 -0.86 -0.87 -0.85 -0.84
