Instances/Falklandsund/GMRTv3_3_20170611topo.asc
ncols 831
nrows 517
xllcorner -60.374267578125
yllcorner -52.457348320853555
cellsize 0.0010986328125
nodata_value -2147483648
[rows 363 to 395 of 516, columns 219 to 291 of 831]
-96.85 -96.78 -96.70 -96.63 -96.56 -96.48 -96.39 -96.31 -96.20 -96.09 -95.97 -95.85 -95.73 -95.62 -95.52 -95.44 -95.38 -95.34 -95.31 -95.29 -95.27 -95.26 -95.25 -95.23 -95.21 -95.18 -95.15 -95.13 -95.11 -95.10 -95.10 -95.12 -95.16 -95.22 -95.29 -95.38 -95.47 -95.55 -95.62 -95.68 -95.72 -95.75 -95.78 -95.80 -95.81 -95.83 -95.84 -95.85 -95.86 -95.87 -95.88 -95.88 -95.88 -95.88 -95.89 -95.89 -95.90 -95.92 -95.93 -95.95 -95.96 -95.98 -95.99 -96.00 -96.01 -96.01 -96.01 -96.01 -96.01 -96.01 -96.01 -96.01 -96.02
-97.39 -97.30 -97.22 -97.13 -97.03 -96.94 -96.83 -96.73 -96.61 -96.48 -96.34 -96.20 -96.07 -95.94 -95.82 -95.72 -95.65 -95.58 -95.53 -95.49 -95.45 -95.42 -95.39 -95.36 -95.33 -95.29 -95.25 -95.22 -95.20 -95.19 -95.19 -95.20 -95.24 -95.29 -95.37 -95.45 -95.54 -95.61 -95.68 -95.72 -95.75 -95.76 -95.76 -95.75 -95.74 -95.73 -95.73 -95.73 -95.73 -95.74 -95.75 -95.76 -95.77 -95.78 -95.79 -95.81 -95.82 -95.85 -95.87 -95.90 -95.93 -95.95 -95.97 -95.99 -96.00 -96.01 -96.02 -96.02 -96.03 -96.03 -96.03 -96.03 -96.04
-97.99 -97.90 -97.79 -97.68 -97.57 -97.45 -97.33 -97.20 -97.07 -96.92 -96.77 -96.61 -96.45 -96.31 -96.17 -96.06 -95.96 -95.88 -95.81 -95.74 -95.69 -95.64 -95.59 -95.54 -95.50 -95.45 -95.41 -95.37 -95.34 -95.32 -95.31 -95.32 -95.35 -95.40 -95.47 -95.55 -95.62 -95.69 -95.75 -95.78 -95.79 -95.78 -95.76 -95.73 -95.69 -95.66 -95.64 -95.63 -95.63 -95.63 -95.65 -95.66 -95.68 -95.71 -95.73 -95.75 -95.78 -95.81 -95.84 -95.88 -95.91 -95.95 -95.97 -95.99 -96.01 -96.02 -96.02 -96.02 -96.02 -96.02 -96.02 -96.03 -96.03
-98.65 -98.54 -98.41 -98.28 -98.14 -98.00 -97.85 -97.71 -97.56 -97.39 -97.22 -97.04 -96.87 -96.71 -96.56 -96.43 -96.31 -96.21 -96.12 -96.03 -95.96 -95.89 -95.82 -95.76 -95.70 -95.65 -95.60 -95.55 -95.52 -95.49 -95.47 -95.47 -95.49 -95.53 -95.59 -95.66 -95.73 -95.78 -95.83 -95.85 -95.84 -95.81 -95.76 -95.70 -95.65 -95.60 -95.56 -95.54 -95.54 -95.55 -95.57 -95.59 -95.63 -95.66 -95.69 -95.72 -95.76 -95.79 -95.83 -95.87 -95.91 -95.95 -95.98 -96.00 -96.02 -96.02 -96.02 -96.02 -96.02 -96.01 -96.01 -96.01 -96.01
-99.31 -99.19 -99.04 -98.89 -98.73 -98.56 -98.39 -98.22 -98.05 -97.87 -97.68 -97.49 -97.30 -97.12 -96.95 -96.80 -96.67 -96.55 -96.44 -96.34 -96.24 -96.16 -96.08 -96.00 -95.93 -95.86 -95.80 -95.75 -95.71 -95.67 -95.65 -95.64 -95.64 -95.68 -95.72 -95.78 -95.83 -95.88 -95.90 -95.91 -95.88 -95.83 -95.76 -95.69 -95.61 -95.54 -95.49 -95.46 -95.46 -95.47 -95.50 -95.54 -95.58 -95.62 -95.67 -95.70 -95.74 -95.78 -95.83 -95.87 -95.92 -95.96 -95.99 -96.01 -96.03 -96.03 -96.03 -96.02 -96.01 -96.01 -96.00 -95.99 -96.00
-99.96 -99.82 -99.66 -99.48 -99.30 -99.11 -98.91 -98.73 -98.54 -98.34 -98.13 -97.92 -97.71 -97.52 -97.33 -97.16 -97.01 -96.88 -96.75 -96.63 -96.52 -96.42 -96.33 -96.24 -96.15 -96.08 -96.01 -95.95 -95.90 -95.86 -95.82 -95.80 -95.80 -95.82 -95.85 -95.89 -95.93 -95.96 -95.97 -95.96 -95.92 -95.85 -95.77 -95.67 -95.58 -95.50 -95.43 -95.40 -95.39 -95.41 -95.44 -95.48 -95.54 -95.59 -95.64 -95.68 -95.73 -95.77 -95.82 -95.87 -95.92 -95.96 -95.99 -96.02 -96.03 -96.04 -96.04 -96.03 -96.03 -96.02 -96.01 -96.00 -96.01
-100.58 -100.42 -100.24 -100.04 -99.84 -99.63 -99.41 -99.21 -99.00 -98.78 -98.55 -98.32 -98.09 -97.88 -97.67 -97.49 -97.33 -97.17 -97.03 -96.90 -96.78 -96.66 -96.56 -96.46 -96.37 -96.29 -96.21 -96.14 -96.09 -96.04 -96.00 -95.96 -95.95 -95.95 -95.97 -95.99 -96.02 -96.03 -96.03 -96.00 -95.95 -95.86 -95.76 -95.65 -95.54 -95.44 -95.37 -95.33 -95.32 -95.34 -95.38 -95.43 -95.49 -95.55 -95.61 -95.65 -95.70 -95.75 -95.80 -95.85 -95.90 -95.94 -95.98 -96.01 -96.03 -96.05 -96.05 -96.06 -96.06 -96.06 -96.05 -96.05 -96.06
-101.20 -101.01 -100.81 -100.59 -100.36 -100.13 -99.90 -99.68 -99.44 -99.20 -98.95 -98.70 -98.45 -98.22 -97.99 -97.79 -97.61 -97.45 -97.30 -97.15 -97.02 -96.90 -96.79 -96.68 -96.58 -96.49 -96.41 -96.34 -96.28 -96.22 -96.17 -96.13 -96.10 -96.09 -96.09 -96.09 -96.09 -96.09 -96.07 -96.03 -95.96 -95.86 -95.74 -95.62 -95.50 -95.39 -95.31 -95.26 -95.25 -95.27 -95.31 -95.37 -95.43 -95.50 -95.57 -95.62 -95.67 -95.72 -95.77 -95.82 -95.87 -95.92 -95.96 -96.00 -96.03 -96.05 -96.07 -96.09 -96.10 -96.12 -96.12 -96.13 -96.14
-101.80 -101.60 -101.37 -101.13 -100.89 -100.64 -100.39 -100.14 -99.89 -99.62 -99.35 -99.07 -98.81 -98.55 -98.31 -98.09 -97.90 -97.72 -97.56 -97.41 -97.27 -97.14 -97.02 -96.91 -96.80 -96.71 -96.62 -96.54 -96.47 -96.41 -96.35 -96.30 -96.25 -96.22 -96.20 -96.19 -96.17 -96.14 -96.11 -96.05 -95.96 -95.85 -95.72 -95.59 -95.46 -95.34 -95.26 -95.20 -95.19 -95.21 -95.26 -95.32 -95.39 -95.46 -95.53 -95.59 -95.64 -95.69 -95.74 -95.79 -95.84 -95.89 -95.94 -95.98 -96.02 -96.06 -96.09 -96.13 -96.16 -96.19 -96.21 -96.23 -96.24
-102.41 -102.18 -101.93 -101.68 -101.41 -101.15 -100.88 -100.61 -100.34 -100.05 -99.76 -99.46 -99.17 -98.89 -98.64 -98.40 -98.20 -98.01 -97.84 -97.68 -97.54 -97.40 -97.27 -97.15 -97.04 -96.94 -96.84 -96.76 -96.69 -96.61 -96.55 -96.48 -96.42 -96.37 -96.33 -96.29 -96.25 -96.21 -96.15 -96.08 -95.98 -95.86 -95.72 -95.57 -95.44 -95.32 -95.22 -95.17 -95.16 -95.18 -95.22 -95.29 -95.36 -95.44 -95.51 -95.57 -95.62 -95.67 -95.72 -95.77 -95.82 -95.87 -95.92 -95.97 -96.02 -96.07 -96.12 -96.17 -96.22 -96.26 -96.30 -96.33 -96.35
-103.01 -102.76 -102.50 -102.23 -101.95 -101.66 -101.38 -101.10 -100.80 -100.50 -100.19 -99.87 -99.56 -99.27 -98.99 -98.75 -98.53 -98.33 -98.15 -97.98 -97.83 -97.69 -97.55 -97.42 -97.30 -97.19 -97.09 -97.00 -96.91 -96.83 -96.75 -96.68 -96.60 -96.54 -96.48 -96.42 -96.36 -96.29 -96.22 -96.13 -96.02 -95.89 -95.74 -95.59 -95.45 -95.32 -95.22 -95.17 -95.15 -95.17 -95.22 -95.28 -95.36 -95.44 -95.51 -95.57 -95.62 -95.67 -95.72 -95.77 -95.82 -95.87 -95.92 -95.97 -96.03 -96.09 -96.16 -96.22 -96.28 -96.34 -96.39 -96.42 -96.46
-103.60 -103.34 -103.07 -102.78 -102.49 -102.19 -101.89 -101.59 -101.29 -100.97 -100.64 -100.31 -99.98 -99.67 -99.39 -99.13 -98.89 -98.68 -98.49 -98.32 -98.15 -98.00 -97.85 -97.71 -97.58 -97.46 -97.35 -97.25 -97.16 -97.07 -96.98 -96.89 -96.80 -96.71 -96.64 -96.56 -96.48 -96.40 -96.31 -96.21 -96.09 -95.95 -95.79 -95.64 -95.49 -95.36 -95.26 -95.20 -95.18 -95.20 -95.24 -95.31 -95.38 -95.46 -95.54 -95.60 -95.64 -95.69 -95.74 -95.79 -95.83 -95.88 -95.94 -95.99 -96.05 -96.12 -96.20 -96.27 -96.35 -96.41 -96.47 -96.52 -96.56
-104.20 -103.92 -103.64 -103.34 -103.03 -102.72 -102.41 -102.10 -101.78 -101.45 -101.10 -100.76 -100.42 -100.09 -99.79 -99.52 -99.28 -99.06 -98.85 -98.67 -98.49 -98.33 -98.17 -98.02 -97.88 -97.75 -97.63 -97.52 -97.42 -97.32 -97.21 -97.11 -97.00 -96.90 -96.81 -96.71 -96.61 -96.51 -96.41 -96.30 -96.17 -96.02 -95.86 -95.70 -95.55 -95.42 -95.32 -95.25 -95.23 -95.25 -95.29 -95.35 -95.43 -95.50 -95.57 -95.63 -95.68 -95.72 -95.77 -95.81 -95.86 -95.90 -95.96 -96.02 -96.08 -96.16 -96.24 -96.33 -96.41 -96.49 -96.56 -96.61 -96.66
-104.79 -104.50 -104.20 -103.90 -103.58 -103.26 -102.94 -102.62 -102.29 -101.94 -101.58 -101.23 -100.88 -100.54 -100.22 -99.94 -99.69 -99.45 -99.24 -99.04 -98.86 -98.68 -98.52 -98.35 -98.20 -98.06 -97.93 -97.81 -97.69 -97.58 -97.46 -97.34 -97.22 -97.11 -96.99 -96.88 -96.76 -96.65 -96.53 -96.40 -96.27 -96.11 -95.95 -95.79 -95.64 -95.51 -95.40 -95.33 -95.31 -95.32 -95.36 -95.42 -95.49 -95.56 -95.63 -95.69 -95.73 -95.77 -95.81 -95.85 -95.89 -95.94 -95.99 -96.05 -96.12 -96.21 -96.30 -96.39 -96.48 -96.57 -96.65 -96.71 -96.77
-105.38 -105.08 -104.78 -104.46 -104.14 -103.81 -103.48 -103.15 -102.81 -102.45 -102.09 -101.72 -101.36 -101.01 -100.69 -100.40 -100.13 -99.88 -99.66 -99.45 -99.25 -99.06 -98.88 -98.71 -98.54 -98.39 -98.25 -98.11 -97.98 -97.86 -97.73 -97.59 -97.46 -97.33 -97.19 -97.06 -96.93 -96.80 -96.67 -96.54 -96.39 -96.23 -96.07 -95.91 -95.76 -95.63 -95.52 -95.45 -95.42 -95.43 -95.47 -95.52 -95.58 -95.65 -95.71 -95.76 -95.80 -95.84 -95.87 -95.91 -95.95 -95.99 -96.04 -96.10 -96.18 -96.26 -96.36 -96.46 -96.55 -96.65 -96.73 -96.80 -96.86
-105.95 -105.65 -105.35 -105.03 -104.70 -104.37 -104.03 -103.70 -103.35 -102.99 -102.62 -102.25 -101.88 -101.53 -101.20 -100.89 -100.62 -100.36 -100.12 -99.89 -99.68 -99.48 -99.28 -99.09 -98.91 -98.74 -98.59 -98.44 -98.29 -98.15 -98.01 -97.86 -97.72 -97.57 -97.42 -97.28 -97.13 -96.99 -96.84 -96.70 -96.55 -96.39 -96.23 -96.07 -95.92 -95.79 -95.68 -95.61 -95.58 -95.58 -95.61 -95.65 -95.71 -95.77 -95.82 -95.86 -95.90 -95.93 -95.96 -95.99 -96.03 -96.07 -96.12 -96.18 -96.25 -96.33 -96.43 -96.52 -96.62 -96.71 -96.80 -96.87 -96.94
-106.53 -106.24 -105.93 -105.61 -105.28 -104.95 -104.61 -104.28 -103.93 -103.57 -103.20 -102.83 -102.47 -102.11 -101.77 -101.46 -101.17 -100.90 -100.64 -100.40 -100.17 -99.95 -99.73 -99.52 -99.32 -99.14 -98.96 -98.79 -98.63 -98.47 -98.31 -98.15 -97.99 -97.83 -97.67 -97.52 -97.36 -97.21 -97.06 -96.92 -96.76 -96.60 -96.44 -96.28 -96.13 -96.01 -95.90 -95.83 -95.79 -95.78 -95.79 -95.83 -95.87 -95.92 -95.97 -96.00 -96.03 -96.06 -96.08 -96.11 -96.14 -96.18 -96.23 -96.28 -96.34 -96.42 -96.50 -96.59 -96.68 -96.77 -96.85 -96.92 -96.99
-107.12 -106.84 -106.54 -106.23 -105.90 -105.56 -105.22 -104.89 -104.55 -104.20 -103.83 -103.47 -103.11 -102.75 -102.41 -102.09 -101.79 -101.51 -101.23 -100.96 -100.71 -100.46 -100.22 -99.99 -99.77 -99.56 -99.36 -99.18 -98.99 -98.81 -98.64 -98.46 -98.29 -98.12 -97.95 -97.79 -97.63 -97.47 -97.32 -97.17 -97.01 -96.85 -96.70 -96.54 -96.40 -96.27 -96.17 -96.09 -96.05 -96.03 -96.03 -96.05 -96.08 -96.12 -96.15 -96.17 -96.19 -96.21 -96.24 -96.26 -96.29 -96.32 -96.36 -96.40 -96.46 -96.52 -96.59 -96.66 -96.73 -96.81 -96.88 -96.95 -97.03
-107.70 -107.43 -107.14 -106.83 -106.51 -106.17 -105.84 -105.51 -105.18 -104.83 -104.48 -104.12 -103.77 -103.42 -103.08 -102.75 -102.44 -102.14 -101.84 -101.55 -101.27 -101.00 -100.73 -100.48 -100.24 -100.01 -99.79 -99.57 -99.37 -99.17 -98.98 -98.79 -98.60 -98.42 -98.24 -98.07 -97.91 -97.75 -97.59 -97.44 -97.29 -97.13 -96.98 -96.83 -96.70 -96.57 -96.47 -96.39 -96.33 -96.30 -96.29 -96.30 -96.31 -96.33 -96.35 -96.37 -96.38 -96.39 -96.41 -96.43 -96.45 -96.48 -96.51 -96.54 -96.58 -96.63 -96.68 -96.73 -96.79 -96.85 -96.91 -96.97 -97.06
-108.23 -107.98 -107.70 -107.40 -107.08 -106.75 -106.42 -106.10 -105.78 -105.44 -105.10 -104.75 -104.41 -104.06 -103.72 -103.40 -103.07 -102.76 -102.44 -102.13 -101.82 -101.53 -101.24 -100.97 -100.71 -100.46 -100.21 -99.98 -99.76 -99.54 -99.33 -99.12 -98.93 -98.74 -98.55 -98.38 -98.21 -98.05 -97.89 -97.73 -97.58 -97.43 -97.28 -97.13 -97.00 -96.88 -96.77 -96.69 -96.63 -96.59 -96.56 -96.55 -96.55 -96.55 -96.56 -96.56 -96.56 -96.57 -96.58 -96.60 -96.62 -96.64 -96.66 -96.69 -96.72 -96.74 -96.77 -96.81 -96.84 -96.89 -96.93 -96.99 -97.08
-108.69 -108.46 -108.20 -107.90 -107.59 -107.27 -106.95 -106.64 -106.32 -106.00 -105.67 -105.33 -104.99 -104.65 -104.31 -103.98 -103.66 -103.33 -102.99 -102.67 -102.34 -102.03 -101.72 -101.43 -101.16 -100.89 -100.63 -100.39 -100.15 -99.92 -99.69 -99.47 -99.27 -99.07 -98.88 -98.69 -98.52 -98.35 -98.18 -98.02 -97.87 -97.71 -97.57 -97.42 -97.29 -97.17 -97.07 -96.98 -96.91 -96.85 -96.82 -96.79 -96.77 -96.76 -96.76 -96.75 -96.74 -96.74 -96.75 -96.76 -96.78 -96.80 -96.81 -96.83 -96.85 -96.86 -96.87 -96.89 -96.91 -96.93 -96.97 -97.02 -97.10
-109.08 -108.87 -108.62 -108.34 -108.04 -107.73 -107.42 -107.12 -106.81 -106.50 -106.18 -105.85 -105.52 -105.18 -104.85 -104.52 -104.19 -103.85 -103.51 -103.17 -102.83 -102.50 -102.18 -101.88 -101.59 -101.32 -101.05 -100.79 -100.55 -100.31 -100.07 -99.85 -99.63 -99.42 -99.22 -99.02 -98.84 -98.66 -98.49 -98.32 -98.16 -98.00 -97.85 -97.71 -97.58 -97.45 -97.34 -97.25 -97.17 -97.11 -97.06 -97.02 -96.99 -96.96 -96.94 -96.92 -96.91 -96.91 -96.91 -96.92 -96.94 -96.95 -96.96 -96.97 -96.98 -96.98 -96.97 -96.97 -96.98 -96.99 -97.01 -97.04 -97.11
-109.42 -109.22 -108.98 -108.72 -108.44 -108.14 -107.85 -107.56 -107.27 -106.97 -106.66 -106.34 -106.02 -105.69 -105.36 -105.03 -104.70 -104.35 -104.00 -103.65 -103.30 -102.96 -102.63 -102.32 -102.03 -101.75 -101.47 -101.21 -100.96 -100.71 -100.47 -100.24 -100.01 -99.79 -99.58 -99.37 -99.18 -98.99 -98.80 -98.63 -98.46 -98.30 -98.15 -98.00 -97.86 -97.74 -97.62 -97.52 -97.43 -97.36 -97.29 -97.24 -97.20 -97.16 -97.13 -97.10 -97.08 -97.08 -97.08 -97.09 -97.10 -97.11 -97.12 -97.12 -97.11 -97.10 -97.08 -97.07 -97.05 -97.05 -97.05 -97.07 -97.13
-109.70 -109.52 -109.31 -109.06 -108.80 -108.52 -108.24 -107.97 -107.69 -107.40 -107.10 -106.80 -106.48 -106.16 -105.84 -105.52 -105.18 -104.83 -104.47 -104.11 -103.76 -103.41 -103.07 -102.76 -102.46 -102.17 -101.90 -101.63 -101.37 -101.12 -100.88 -100.64 -100.40 -100.17 -99.95 -99.73 -99.52 -99.32 -99.13 -98.95 -98.77 -98.61 -98.45 -98.29 -98.15 -98.02 -97.90 -97.79 -97.69 -97.61 -97.53 -97.46 -97.41 -97.36 -97.32 -97.28 -97.26 -97.24 -97.24 -97.25 -97.26 -97.27 -97.27 -97.26 -97.25 -97.22 -97.19 -97.16 -97.13 -97.11 -97.10 -97.10 -97.13
-109.95 -109.79 -109.59 -109.37 -109.12 -108.86 -108.60 -108.34 -108.08 -107.80 -107.52 -107.22 -106.92 -106.61 -106.29 -105.97 -105.63 -105.28 -104.92 -104.56 -104.19 -103.84 -103.50 -103.17 -102.87 -102.59 -102.31 -102.04 -101.78 -101.53 -101.28 -101.04 -100.80 -100.56 -100.32 -100.09 -99.87 -99.66 -99.46 -99.26 -99.08 -98.91 -98.74 -98.59 -98.44 -98.31 -98.18 -98.06 -97.95 -97.85 -97.77 -97.69 -97.62 -97.56 -97.50 -97.46 -97.43 -97.41 -97.41 -97.41 -97.41 -97.42 -97.41 -97.40 -97.37 -97.34 -97.30 -97.25 -97.21 -97.17 -97.14 -97.12 -97.14
-110.17 -110.02 -109.84 -109.64 -109.41 -109.17 -108.93 -108.68 -108.43 -108.17 -107.90 -107.61 -107.32 -107.02 -106.71 -106.39 -106.06 -105.71 -105.34 -104.97 -104.61 -104.25 -103.90 -103.58 -103.28 -102.99 -102.71 -102.44 -102.18 -101.93 -101.68 -101.43 -101.18 -100.93 -100.69 -100.45 -100.21 -99.99 -99.78 -99.58 -99.39 -99.21 -99.04 -98.88 -98.73 -98.59 -98.45 -98.33 -98.21 -98.10 -98.00 -97.91 -97.83 -97.75 -97.69 -97.63 -97.59 -97.57 -97.56 -97.56 -97.56 -97.56 -97.55 -97.53 -97.49 -97.45 -97.40 -97.34 -97.28 -97.23 -97.19 -97.15 -97.14
-110.34 -110.22 -110.06 -109.87 -109.67 -109.45 -109.22 -108.99 -108.75 -108.50 -108.24 -107.97 -107.68 -107.39 -107.09 -106.78 -106.45 -106.10 -105.74 -105.37 -105.00 -104.64 -104.29 -103.97 -103.66 -103.38 -103.10 -102.84 -102.58 -102.32 -102.07 -101.82 -101.56 -101.30 -101.05 -100.80 -100.56 -100.32 -100.10 -99.89 -99.69 -99.51 -99.34 -99.17 -99.02 -98.87 -98.73 -98.59 -98.47 -98.35 -98.23 -98.13 -98.03 -97.95 -97.87 -97.81 -97.76 -97.73 -97.72 -97.71 -97.71 -97.70 -97.68 -97.65 -97.61 -97.55 -97.49 -97.42 -97.36 -97.29 -97.23 -97.17 -97.14
-110.48 -110.37 -110.23 -110.06 -109.88 -109.68 -109.47 -109.26 -109.04 -108.80 -108.55 -108.29 -108.02 -107.73 -107.44 -107.13 -106.81 -106.47 -106.11 -105.74 -105.37 -105.01 -104.67 -104.34 -104.04 -103.76 -103.49 -103.23 -102.97 -102.72 -102.46 -102.21 -101.94 -101.68 -101.42 -101.16 -100.90 -100.66 -100.42 -100.21 -100.00 -99.81 -99.63 -99.46 -99.30 -99.15 -99.00 -98.86 -98.72 -98.59 -98.47 -98.35 -98.24 -98.14 -98.06 -97.98 -97.92 -97.89 -97.87 -97.86 -97.84 -97.83 -97.81 -97.77 -97.71 -97.65 -97.58 -97.51 -97.43 -97.35 -97.27 -97.19 -97.13
-110.59 -110.49 -110.37 -110.23 -110.07 -109.89 -109.70 -109.50 -109.30 -109.07 -108.83 -108.58 -108.32 -108.04 -107.76 -107.46 -107.15 -106.81 -106.45 -106.09 -105.72 -105.37 -105.02 -104.71 -104.41 -104.13 -103.86 -103.60 -103.35 -103.10 -102.84 -102.59 -102.32 -102.05 -101.78 -101.51 -101.24 -100.99 -100.74 -100.52 -100.31 -100.11 -99.93 -99.75 -99.58 -99.42 -99.27 -99.12 -98.98 -98.83 -98.70 -98.57 -98.45 -98.34 -98.24 -98.15 -98.09 -98.04 -98.02 -98.00 -97.98 -97.96 -97.92 -97.87 -97.81 -97.74 -97.67 -97.58 -97.50 -97.41 -97.31 -97.21 -97.12
-110.68 -110.60 -110.49 -110.37 -110.23 -110.07 -109.90 -109.72 -109.53 -109.32 -109.09 -108.85 -108.59 -108.32 -108.05 -107.76 -107.45 -107.12 -106.77 -106.41 -106.05 -105.70 -105.36 -105.05 -104.76 -104.48 -104.22 -103.96 -103.71 -103.46 -103.21 -102.95 -102.68 -102.40 -102.12 -101.84 -101.57 -101.30 -101.05 -100.82 -100.61 -100.40 -100.22 -100.04 -99.87 -99.70 -99.54 -99.39 -99.23 -99.08 -98.93 -98.79 -98.66 -98.53 -98.42 -98.33 -98.25 -98.20 -98.16 -98.13 -98.10 -98.07 -98.03 -97.97 -97.90 -97.82 -97.74 -97.65 -97.56 -97.45 -97.34 -97.23 -97.11
-110.76 -110.70 -110.61 -110.51 -110.38 -110.24 -110.09 -109.92 -109.74 -109.54 -109.32 -109.09 -108.84 -108.58 -108.31 -108.03 -107.73 -107.41 -107.07 -106.72 -106.36 -106.02 -105.69 -105.38 -105.09 -104.81 -104.55 -104.29 -104.04 -103.79 -103.54 -103.28 -103.00 -102.72 -102.44 -102.15 -101.87 -101.60 -101.35 -101.11 -100.89 -100.69 -100.50 -100.32 -100.15 -99.98 -99.82 -99.65 -99.49 -99.33 -99.17 -99.02 -98.87 -98.73 -98.61 -98.50 -98.41 -98.35 -98.29 -98.25 -98.21 -98.16 -98.11 -98.04 -97.96 -97.88 -97.79 -97.70 -97.60 -97.49 -97.37 -97.24 -97.10
-110.83 -110.78 -110.71 -110.62 -110.51 -110.39 -110.25 -110.09 -109.92 -109.73 -109.52 -109.30 -109.06 -108.81 -108.55 -108.28 -107.99 -107.67 -107.34 -107.00 -106.66 -106.32 -105.99 -105.69 -105.40 -105.13 -104.86 -104.60 -104.35 -104.09 -103.83 -103.57 -103.29 -103.01 -102.72 -102.43 -102.15 -101.88 -101.62 -101.38 -101.16 -100.96 -100.77 -100.60 -100.43 -100.26 -100.09 -99.93 -99.76 -99.58 -99.41 -99.25 -99.09 -98.94 -98.80 -98.68 -98.57 -98.49 -98.42 -98.36 -98.30 -98.24 -98.17 -98.09 -98.00 -97.92 -97.83 -97.74 -97.64 -97.52 -97.40 -97.24 -97.09
-110.87 -110.84 -110.78 -110.71 -110.62 -110.51 -110.38 -110.24 -110.08 -109.90 -109.70 -109.48 -109.25 -109.01 -108.76 -108.50 -108.22 -107.91 -107.59 -107.27 -106.93 -106.61 -106.29 -105.99 -105.70 -105.43 -105.16 -104.89 -104.63 -104.37 -104.11 -103.84 -103.56 -103.27 -102.98 -102.70 -102.41 -102.14 -101.88 -101.64 -101.42 -101.23 -101.04 -100.87 -100.70 -100.54 -100.37 -100.20 -100.03 -99.85 -99.66 -99.48 -99.31 -99.15 -98.99 -98.85 -98.73 -98.63 -98.54 -98.46 -98.38 -98.30 -98.21 -98.12 -98.03 -97.94 -97.85 -97.76 -97.67 -97.55 -97.42 -97.25 -97.07
