Instances/Falklandsund/GMRTv3_3_20170611topo.asc
ncols 831
nrows 517
xllcorner -60.374267578125
yllcorner -52.457348320853555
cellsize 0.0010986328125
nodata_value -2147483648
[rows 66 to 98 of 516, columns 146 to 218 of 831]
61.27 58.96 52.96 45.01 35.95 27.36 16.56 8.98 7.10 16.21 26.90 37.26 45.04 49.88 50.89 48.24 45.20 43.21 41.72 37.77 31.59 26.33 21.12 19.05 20.28 23.90 27.78 29.83 30.75 30.59 29.62 28.72 25.27 23.62 22.71 22.28 23.97 26.19 28.02 28.73 28.38 28.52 26.41 7.01 3.31 1.66 2.00 3.05 3.00 3.00 3.00 3.64 4.00 2.95 2.36 9.91 8.34 0.95 2.00 3.05 3.00 3.00 3.00 2.71 4.07 8.20 4.83 3.00 5.08 7.41 10.38 5.76 3.00
52.14 50.51 44.63 36.80 29.94 21.04 11.19 7.76 10.31 18.41 29.41 41.31 47.11 47.71 46.47 43.26 40.26 39.37 37.18 33.11 27.30 21.45 17.67 17.08 21.24 26.07 27.83 29.83 31.90 32.93 30.05 27.49 24.85 23.02 21.98 23.07 25.07 29.35 29.09 29.04 29.07 26.63 18.53 4.31 3.89 7.58 2.53 2.96 2.89 2.93 2.98 4.00 4.02 3.00 1.98 1.44 0.52 1.19 2.21 3.00 3.00 2.98 3.25 7.90 7.25 5.17 2.86 3.00 3.84 8.10 2.49 2.93 3.00
36.49 37.31 34.88 28.69 21.53 14.40 7.27 6.19 11.91 21.78 32.72 43.02 46.11 45.95 42.52 39.32 36.32 33.51 30.55 26.55 21.46 18.22 16.94 19.67 22.76 25.95 26.14 28.50 30.55 24.41 10.00 19.59 22.18 22.04 22.85 22.80 24.85 29.15 28.25 27.39 26.44 21.57 4.27 3.38 11.01 5.87 7.04 4.86 7.58 5.72 3.85 4.00 3.09 3.00 2.91 1.85 1.00 2.01 2.10 2.95 2.59 3.65 10.76 8.47 3.01 2.07 3.00 3.00 5.01 18.99 3.80 2.69 2.49
17.11 20.54 24.14 20.99 17.07 12.15 3.79 17.55 13.08 24.69 34.95 33.89 19.46 23.91 30.60 35.69 32.03 29.09 24.54 20.42 16.76 17.17 19.81 24.10 25.71 26.10 23.37 11.48 13.43 11.75 19.28 20.22 23.81 24.87 25.33 28.16 28.80 27.28 22.40 19.92 20.40 16.39 11.13 13.60 4.29 1.75 2.74 3.45 5.01 4.55 5.12 3.88 2.94 2.94 2.82 2.64 1.24 1.76 2.84 6.11 9.89 6.97 3.11 2.26 2.00 2.00 2.52 3.00 2.99 7.65 10.03 13.60 16.54
8.95 6.52 12.39 14.35 12.44 9.40 5.20 9.53 21.80 32.55 38.51 22.10 15.95 34.26 30.21 28.68 27.61 23.50 18.63 16.84 18.25 22.37 25.27 25.97 24.93 24.93 24.02 9.76 20.53 21.08 22.98 25.23 28.10 29.09 30.19 30.04 26.79 20.46 10.30 6.31 8.43 4.43 3.38 2.50 1.96 3.04 3.00 3.00 2.93 3.07 3.96 5.95 3.97 4.12 6.14 10.03 6.39 6.53 15.24 6.06 2.28 3.14 3.02 0.98 0.99 1.98 1.98 3.21 10.29 13.19 41.91 20.00 10.09
9.61 4.31 6.78 4.64 3.13 30.67 10.22 21.02 32.81 39.61 39.39 27.01 24.72 33.29 31.06 26.78 21.07 15.06 13.37 16.39 22.95 26.63 27.90 24.90 23.97 23.27 22.34 19.69 18.59 18.24 21.27 26.49 26.52 29.00 31.80 30.14 22.05 12.27 6.57 5.64 7.40 2.17 1.95 1.97 2.00 3.00 3.07 3.00 1.97 4.10 4.00 3.17 2.97 3.47 3.67 3.98 8.37 10.79 9.17 7.63 8.77 11.24 7.17 10.37 8.31 3.97 5.11 6.37 5.48 6.50 31.75 10.03 14.75
2.74 1.93 3.18 6.80 10.70 13.37 25.47 33.76 39.26 37.53 35.53 36.82 32.57 28.30 25.02 19.15 14.70 13.37 17.02 22.97 26.94 26.72 26.60 26.07 24.04 22.01 19.57 17.53 16.17 17.89 20.53 22.54 25.25 29.40 31.88 26.85 17.06 6.42 7.75 12.45 7.87 2.00 2.00 2.00 2.32 2.68 1.93 3.00 2.32 2.56 3.68 2.96 2.84 3.52 4.05 8.16 5.64 3.24 2.63 1.59 2.63 3.84 3.06 2.73 6.68 8.16 4.71 1.70 1.81 1.70 1.72 10.71 13.06
7.88 8.87 10.87 15.88 21.87 27.85 34.90 39.97 41.02 37.02 26.06 31.08 26.10 20.11 15.11 13.04 13.96 19.91 22.93 25.00 25.02 25.01 25.99 26.01 23.02 20.03 18.02 17.01 17.01 20.01 14.09 20.01 25.98 28.03 26.12 17.15 9.10 5.00 6.96 10.02 3.03 2.00 2.00 2.00 3.01 1.99 2.00 3.00 3.00 2.98 2.98 3.95 6.95 8.02 4.03 3.02 3.00 3.00 3.00 2.99 3.00 3.00 2.00 2.98 1.98 2.01 2.00 1.99 2.96 3.92 5.88 22.87 17.99
14.83 17.43 20.61 25.53 31.61 38.39 41.01 40.09 37.32 33.24 28.81 24.11 16.67 11.71 10.45 14.09 20.13 24.47 24.61 23.47 23.33 25.14 26.64 24.47 21.47 18.54 15.70 15.25 15.81 18.25 17.81 23.40 28.38 24.96 15.77 8.91 5.64 7.01 12.44 8.34 2.02 2.00 2.00 2.00 1.95 3.12 2.63 2.64 3.19 8.02 7.33 5.76 4.57 2.76 3.02 3.00 3.00 3.00 3.00 3.00 3.00 3.00 1.93 2.80 4.02 4.14 5.10 5.74 8.43 11.52 14.85 22.99 23.74
20.88 25.10 30.52 36.53 40.62 40.79 38.24 34.08 31.08 28.37 23.10 14.77 9.69 9.36 16.44 21.87 24.17 23.42 21.73 20.87 23.02 22.71 22.31 21.22 18.18 14.60 14.94 16.17 18.43 19.91 23.86 27.04 22.46 14.37 6.38 7.29 9.56 12.60 12.67 3.44 0.91 1.94 2.02 2.06 1.98 1.93 3.41 9.73 9.54 6.09 2.64 2.91 2.11 2.82 2.11 3.00 3.00 3.00 3.00 3.00 3.00 2.96 3.13 2.94 5.52 11.32 17.78 15.15 14.07 17.22 22.51 31.37 41.50
28.23 34.19 41.48 41.22 39.50 35.68 31.61 28.50 25.45 21.73 16.66 8.44 11.79 16.44 20.58 24.19 22.43 20.30 19.31 21.11 22.22 21.26 18.29 15.39 14.01 14.72 17.51 20.53 22.59 25.78 26.31 22.75 9.84 5.36 7.78 9.07 11.07 14.97 10.31 1.98 1.73 4.29 9.66 8.04 2.89 1.95 11.38 8.09 4.06 2.80 3.45 3.45 2.74 1.88 3.01 3.00 3.00 3.00 2.95 2.84 2.78 4.51 9.04 13.14 11.27 11.56 17.68 24.91 27.38 32.28 39.30 47.93 55.19
36.53 39.84 39.84 35.72 31.59 28.05 24.65 22.64 20.65 15.06 9.40 3.76 11.01 17.26 19.78 19.18 16.00 14.40 16.06 17.59 18.65 16.53 15.00 13.16 15.88 18.60 21.20 22.47 25.60 26.84 21.24 13.06 4.93 4.94 7.88 8.69 10.63 13.88 4.34 2.52 8.68 9.39 15.38 15.86 3.00 3.01 9.86 3.34 4.58 7.48 12.07 13.00 10.60 5.18 3.00 3.00 3.00 2.71 5.69 8.98 9.52 12.47 18.48 22.28 22.04 22.27 28.33 37.17 44.08 48.56 53.43 57.77 63.82
40.98 37.71 32.53 28.62 24.74 21.68 17.67 15.58 14.57 9.70 5.91 5.38 11.12 13.75 14.65 12.72 11.85 11.96 12.87 13.81 13.84 12.92 13.01 17.12 19.02 19.98 21.00 24.05 25.90 21.45 13.46 5.73 3.01 6.09 10.19 13.23 16.27 15.12 12.15 11.18 7.55 1.88 1.77 6.39 2.94 3.97 3.89 2.94 2.80 1.71 1.63 3.51 4.49 3.80 3.00 3.00 3.19 8.45 12.17 11.88 12.97 18.11 25.33 31.42 36.64 41.92 46.88 50.66 54.51 59.47 64.43 68.44 72.36
35.32 29.53 24.27 22.20 20.26 16.99 13.68 10.65 6.05 6.77 8.14 10.51 7.53 10.01 10.67 12.32 13.18 12.83 11.28 10.42 10.54 13.98 16.24 17.07 18.19 19.26 22.27 23.13 20.93 10.74 4.85 3.72 5.19 9.02 13.44 16.51 18.13 11.75 4.34 4.37 2.86 2.00 2.00 1.86 1.90 4.57 3.38 1.21 0.94 0.97 0.90 1.53 1.57 1.94 3.07 2.17 3.95 8.74 10.08 9.11 12.59 19.38 29.46 38.02 41.76 48.27 54.18 57.08 62.08 68.44 67.41 73.15 77.99
15.71 21.38 18.71 14.56 11.95 9.52 7.25 5.44 5.88 9.49 11.19 5.47 4.93 12.80 14.26 15.26 14.88 11.66 9.89 9.69 12.03 9.13 16.05 14.67 13.17 13.14 12.17 12.44 9.06 2.05 4.03 8.33 12.48 15.10 16.99 18.34 15.90 5.13 3.00 3.00 3.00 2.27 2.08 2.65 3.80 3.85 0.85 1.00 1.00 1.00 1.77 3.23 2.46 1.96 1.81 2.73 1.16 0.52 3.63 10.38 15.53 21.96 31.42 40.12 44.30 47.31 50.17 54.51 75.21 111.93 137.99 79.74 82.90
16.83 5.98 12.08 8.11 3.89 3.89 2.04 4.02 9.00 9.02 10.02 9.96 5.03 13.07 13.07 12.12 11.11 10.04 10.96 8.93 6.01 8.96 8.03 4.03 3.18 1.98 12.37 13.38 14.59 4.98 9.96 13.94 17.94 19.93 20.95 20.00 8.16 3.02 3.00 3.00 3.00 3.92 8.77 11.75 10.81 5.88 0.93 0.97 0.98 0.98 0.98 1.00 1.00 2.98 4.91 2.91 1.89 1.93 3.98 11.02 14.04 18.04 24.08 32.08 40.06 45.99 48.95 54.93 74.77 87.52 182.86 100.64 97.63
18.17 13.90 9.09 11.54 15.22 14.30 8.66 5.15 6.37 10.01 11.69 11.90 7.17 9.38 8.24 5.90 7.03 10.17 12.26 11.66 9.42 8.35 9.34 2.81 5.86 12.03 13.22 7.10 2.36 6.15 10.10 14.47 19.08 22.20 23.27 16.94 2.51 3.07 3.00 2.39 2.32 9.49 19.00 21.93 20.35 16.38 11.34 6.44 5.32 7.15 7.55 5.13 4.95 4.87 7.50 7.74 13.51 6.30 8.10 11.71 15.62 21.67 28.14 36.14 45.50 53.13 56.20 60.84 80.72 124.10 152.91 107.23 113.74
11.62 8.89 6.41 14.41 13.28 12.38 8.08 7.34 11.80 14.38 15.00 11.84 9.56 6.56 3.59 6.07 10.07 10.73 8.52 6.15 8.00 6.73 9.20 10.73 10.27 11.35 5.53 4.52 4.67 8.36 12.38 17.44 22.30 24.07 23.69 7.90 3.11 2.30 3.58 2.71 3.60 9.03 16.26 20.14 21.60 25.28 25.40 25.59 26.35 29.79 34.15 32.99 24.99 17.06 12.06 9.52 7.85 8.18 10.27 14.16 20.49 30.72 39.85 47.85 55.41 59.92 62.29 68.59 79.59 89.45 98.20 108.45 117.29
13.56 14.27 13.67 0.54 11.98 11.37 6.55 11.61 14.92 14.19 12.40 7.69 4.38 4.04 5.52 6.00 7.46 6.30 7.17 -0.46 8.29 7.78 7.73 10.84 9.60 7.77 6.71 8.57 10.52 11.67 14.79 19.90 23.01 24.00 21.27 7.37 9.78 10.75 10.05 11.83 12.81 13.19 16.27 20.02 23.04 27.13 34.67 45.79 56.85 65.41 70.31 65.52 52.01 38.77 22.95 13.62 10.62 11.37 14.50 18.31 23.67 32.02 40.91 48.91 54.00 58.74 66.31 73.38 80.16 91.14 105.56 116.21 123.91
13.53 12.45 9.85 5.57 11.20 8.64 11.88 12.95 14.16 11.59 7.39 2.17 3.44 5.69 7.86 5.03 3.98 6.43 7.38 8.54 7.95 11.18 16.59 12.57 10.22 10.19 11.83 14.05 15.04 15.87 18.48 20.45 22.94 24.34 17.86 14.73 21.05 23.45 22.90 24.00 24.49 24.49 27.72 32.22 34.60 42.08 55.47 69.38 83.91 94.54 101.01 95.51 76.12 52.85 32.19 19.22 17.63 18.23 18.59 23.60 27.37 33.12 43.92 51.98 56.41 61.86 71.60 77.99 83.87 95.38 109.42 120.65 136.33
-1.17 10.23 8.24 14.09 15.10 16.20 16.22 15.22 12.12 10.05 7.09 4.06 3.10 3.04 3.98 5.35 5.50 6.41 0.16 4.15 14.40 17.19 15.06 14.27 15.29 16.24 17.16 17.12 17.09 18.98 19.99 21.04 24.22 27.12 16.99 22.26 26.19 31.32 33.53 33.63 39.85 46.97 45.82 44.84 50.29 66.53 83.36 92.21 100.93 111.65 112.13 97.68 74.79 57.11 41.28 26.39 20.23 19.15 20.18 26.16 31.20 39.33 47.15 54.17 60.29 66.30 74.22 81.16 87.12 98.08 112.16 128.41 153.74
8.93 6.44 11.52 13.04 15.82 19.47 20.50 19.13 15.99 11.93 7.43 5.61 5.88 0.66 0.61 0.63 1.40 0.99 8.00 15.96 20.44 18.78 18.63 19.77 18.91 18.96 18.18 17.35 18.03 17.75 21.28 25.41 31.58 27.81 23.90 30.81 34.88 40.17 42.80 45.01 51.50 57.39 59.10 68.76 83.36 96.79 109.82 121.21 125.02 119.58 104.38 87.01 68.38 54.90 43.06 33.25 26.97 23.30 25.05 30.02 38.00 46.21 52.83 60.93 67.28 72.68 78.08 84.58 92.83 103.83 120.35 137.14 160.14
9.23 8.31 8.05 12.07 15.36 10.87 10.70 13.97 12.20 7.93 5.65 7.22 4.60 -1.00 -1.00 -1.00 9.82 3.33 11.22 20.82 19.27 17.94 17.16 17.08 17.12 16.27 15.45 16.00 18.55 22.32 27.24 34.09 38.21 32.39 42.78 52.41 55.26 60.40 61.40 61.40 69.06 76.43 83.73 94.10 105.56 114.32 124.07 133.30 133.16 116.90 94.68 77.86 62.97 51.78 43.29 36.37 30.88 29.50 31.36 36.61 49.91 59.57 67.72 74.68 79.53 82.93 89.26 99.49 108.16 118.90 135.75 148.90 162.90
4.10 3.05 4.04 8.17 12.25 13.20 10.12 8.11 4.99 8.48 9.37 9.96 -1.01 -1.33 -1.02 -1.00 15.08 6.26 11.10 14.27 11.24 12.16 12.10 12.05 12.99 14.89 17.78 22.66 29.56 35.56 41.61 47.59 47.63 43.51 58.49 72.41 77.38 78.55 77.62 82.47 91.48 99.52 106.56 114.56 120.55 124.57 129.66 130.03 122.34 108.30 93.04 79.92 67.84 53.89 43.96 38.93 36.77 39.59 45.30 52.17 65.19 76.28 82.31 88.32 95.24 101.24 109.24 119.22 128.21 137.30 149.50 161.64 173.73
2.87 3.95 4.33 4.71 4.98 5.99 7.26 8.56 10.09 3.38 -1.52 -1.55 -2.51 17.74 13.85 2.09 25.25 5.55 5.53 5.30 5.92 8.57 12.77 16.60 20.61 26.37 32.73 38.71 45.71 49.99 55.99 63.64 61.78 68.87 82.43 93.87 96.76 95.52 95.05 99.90 107.92 114.13 120.01 131.00 140.36 143.90 143.85 129.61 111.27 98.32 88.65 78.88 66.66 57.54 47.93 42.19 46.05 57.89 75.07 90.91 103.31 111.09 118.67 126.91 134.90 140.51 146.48 155.35 162.04 167.36 172.38 178.98 186.10
1.08 -1.26 -1.29 -1.33 -1.38 -1.44 -1.50 -1.58 -1.67 -1.00 -1.00 -1.00 22.37 24.39 5.28 12.86 14.51 12.22 9.30 7.82 11.22 17.62 25.01 31.35 40.76 49.89 55.93 59.97 63.97 69.03 78.36 85.55 84.52 96.95 103.09 105.28 104.99 109.16 113.22 114.01 118.50 129.93 139.73 148.69 154.43 151.59 138.39 121.99 108.81 95.73 85.15 78.06 69.10 61.66 59.03 58.91 63.23 76.94 95.73 113.78 128.92 141.41 150.73 159.85 168.91 173.39 174.73 178.74 185.87 189.79 192.99 198.68 203.17
-0.13 -1.00 -1.00 -1.00 -1.00 -1.00 -1.00 -1.00 -1.00 -1.00 -1.00 -2.70 27.77 34.06 10.52 17.54 19.47 13.51 12.27 16.01 22.60 32.31 43.96 53.55 63.44 72.21 81.72 89.23 95.93 100.93 108.68 104.97 110.10 114.78 113.43 111.82 110.87 110.30 112.18 117.13 130.73 142.17 145.64 148.87 149.73 142.00 125.77 113.57 106.00 96.95 96.93 99.31 89.11 72.13 66.87 69.98 75.19 86.41 101.76 117.32 131.45 146.35 159.93 171.69 180.81 182.65 181.43 183.95 187.75 192.69 200.33 204.19 205.10
-0.29 -1.00 -1.00 -1.00 -1.00 -1.00 -1.00 -1.00 -1.00 -1.00 -2.70 30.84 35.99 4.57 14.11 21.00 24.89 21.10 22.95 28.34 38.05 50.00 62.82 77.33 90.67 105.31 117.94 128.19 136.04 139.51 137.05 123.66 124.15 123.44 119.82 114.18 110.53 111.53 120.10 133.80 142.79 147.25 148.34 146.11 141.73 133.20 122.31 114.36 113.33 114.72 115.91 119.54 113.95 92.96 78.42 79.37 83.97 92.39 104.00 114.59 129.91 144.63 158.38 169.56 175.72 179.97 182.55 182.80 180.40 182.70 189.22 195.47 201.54
-1.00 -1.00 -1.00 -1.00 -1.00 -1.00 -1.00 -1.07 0.13 0.38 30.69 33.32 6.28 14.45 22.57 31.72 37.83 39.09 45.35 53.55 63.53 76.49 91.49 107.42 124.35 139.29 151.18 158.89 161.59 158.38 142.99 136.33 135.25 134.16 132.18 126.23 117.30 118.26 126.99 135.70 143.77 144.79 137.66 129.51 127.53 126.82 124.07 124.31 126.38 126.20 126.16 129.25 127.36 111.74 93.75 86.27 86.88 94.84 103.85 110.78 127.74 147.95 160.08 169.05 171.04 172.88 176.88 178.86 177.85 175.74 174.54 178.35 184.07
-1.00 -1.00 -1.00 -1.00 -1.00 -1.00 -3.06 18.11 28.09 12.17 16.92 10.72 18.01 27.07 36.99 48.72 59.52 69.68 82.02 93.86 103.71 114.50 125.06 135.52 147.50 158.73 164.97 167.07 165.94 159.99 140.71 138.65 133.44 129.71 125.05 120.08 117.36 120.80 120.87 121.97 131.29 137.46 134.82 129.94 126.17 124.27 122.45 125.32 130.80 128.66 126.07 129.80 130.32 123.54 106.50 87.76 78.87 84.66 96.39 106.35 120.98 139.20 155.04 164.93 169.06 171.00 172.27 172.49 170.39 168.10 165.40 164.90 163.07
-1.00 -2.05 -2.10 -1.11 -1.21 7.51 31.16 32.06 27.07 17.05 24.41 28.12 35.62 45.39 57.79 71.18 86.48 101.26 114.08 124.74 131.35 136.34 140.23 145.48 151.97 158.50 163.22 165.00 163.76 147.85 136.28 132.92 125.78 120.85 118.10 113.74 111.75 111.61 112.99 114.88 118.70 122.42 126.75 128.30 125.36 122.89 123.18 124.93 126.54 125.58 124.25 125.49 126.00 118.36 102.50 84.85 75.42 75.56 82.99 93.39 105.13 120.02 135.63 143.06 145.38 152.13 156.96 157.03 155.89 153.32 149.25 147.21 139.91
-1.05 27.66 29.76 1.62 4.50 35.15 12.36 17.29 21.37 29.44 37.37 47.18 60.01 73.92 87.90 101.02 114.16 128.37 137.53 142.66 140.86 140.00 141.07 144.13 148.21 153.27 157.31 156.37 153.45 138.37 133.20 129.13 124.09 115.24 109.43 104.52 97.53 97.46 105.45 110.44 113.29 114.14 119.11 122.05 124.05 124.09 120.24 118.35 118.27 118.24 117.30 116.49 113.59 104.52 95.21 85.00 77.00 76.10 78.06 87.90 102.83 116.94 126.18 128.31 130.25 139.32 144.40 142.46 138.47 134.47 130.49 127.65 120.69
4.83 22.89 14.33 22.26 26.83 27.15 30.86 34.68 40.29 50.78 63.70 78.03 93.07 107.67 121.05 126.74 132.81 138.95 143.16 143.83 139.14 136.57 135.46 136.89 139.39 142.23 143.61 142.09 134.78 124.54 122.82 122.50 116.51 104.49 94.80 89.85 86.72 86.34 88.76 91.77 101.35 109.46 115.19 119.24 118.03 111.94 107.54 106.32 107.53 107.22 105.27 102.58 97.26 92.08 87.51 83.56 77.49 72.38 79.11 94.58 106.97 117.30 123.64 126.23 128.24 130.82 132.61 131.79 130.55 127.07 120.98 111.23 99.71
