Instances/Falklandsund/GMRTv3_3_20170611topo.asc
ncols 831
nrows 517
xllcorner -60.374267578125
yllcorner -52.457348320853555
cellsize 0.0010986328125
nodata_value -2147483648
[rows 363 to 395 of 516, columns 657 to 729 of 831]
-41.06 -41.33 -41.49 -41.53 -41.47 -41.37 -41.24 -41.14 -41.10 -41.15 -41.31 -41.53 -41.79 -42.08 -42.38 -42.67 -42.94 -43.15 -43.32 -43.47 -43.61 -43.73 -43.83 -43.92 -43.99 -44.05 -44.07 -44.05 -44.00 -43.94 -43.89 -43.87 -43.89 -43.98 -44.11 -44.25 -44.43 -44.64 -44.90 -45.20 -45.57 -46.00 -46.55 -47.22 -47.97 -48.76 -49.55 -50.30 -50.97 -51.51 -51.94 -52.29 -52.58 -52.81 -53.01 -53.18 -53.34 -53.49 -53.68 -53.92 -54.18 -54.39 -54.52 -54.51 -54.32 -53.91 -53.30 -52.53 -51.62 -50.56 -49.35 -47.99 -46.47
-40.14 -40.43 -40.61 -40.66 -40.63 -40.56 -40.46 -40.38 -40.36 -40.42 -40.58 -40.79 -41.05 -41.33 -41.62 -41.90 -42.14 -42.33 -42.48 -42.61 -42.72 -42.80 -42.88 -42.94 -42.99 -43.03 -43.05 -43.02 -42.97 -42.92 -42.87 -42.86 -42.90 -43.00 -43.16 -43.34 -43.56 -43.82 -44.12 -44.47 -44.87 -45.32 -45.88 -46.54 -47.28 -48.06 -48.84 -49.58 -50.25 -50.81 -51.27 -51.66 -52.00 -52.30 -52.56 -52.80 -53.02 -53.25 -53.53 -53.88 -54.23 -54.56 -54.80 -54.90 -54.82 -54.49 -53.96 -53.27 -52.43 -51.44 -50.29 -48.99 -47.55
-39.16 -39.46 -39.66 -39.74 -39.75 -39.70 -39.64 -39.59 -39.59 -39.66 -39.82 -40.02 -40.27 -40.53 -40.80 -41.05 -41.27 -41.44 -41.56 -41.66 -41.73 -41.79 -41.83 -41.86 -41.88 -41.91 -41.92 -41.88 -41.83 -41.77 -41.74 -41.73 -41.78 -41.90 -42.08 -42.30 -42.56 -42.86 -43.20 -43.59 -44.01 -44.49 -45.04 -45.68 -46.39 -47.13 -47.87 -48.59 -49.25 -49.82 -50.30 -50.74 -51.13 -51.48 -51.81 -52.12 -52.43 -52.73 -53.09 -53.52 -53.98 -54.40 -54.73 -54.93 -54.93 -54.70 -54.23 -53.61 -52.82 -51.88 -50.79 -49.55 -48.19
-38.14 -38.45 -38.67 -38.78 -38.82 -38.81 -38.78 -38.76 -38.78 -38.87 -39.02 -39.22 -39.45 -39.69 -39.92 -40.15 -40.34 -40.48 -40.58 -40.64 -40.68 -40.70 -40.70 -40.70 -40.70 -40.71 -40.70 -40.65 -40.59 -40.54 -40.50 -40.50 -40.56 -40.69 -40.89 -41.15 -41.45 -41.79 -42.17 -42.59 -43.04 -43.53 -44.06 -44.68 -45.34 -46.03 -46.73 -47.41 -48.04 -48.61 -49.12 -49.59 -50.03 -50.45 -50.84 -51.22 -51.60 -51.97 -52.40 -52.91 -53.45 -53.95 -54.37 -54.65 -54.74 -54.58 -54.18 -53.61 -52.87 -51.97 -50.94 -49.77 -48.49
-37.10 -37.43 -37.66 -37.80 -37.87 -37.90 -37.91 -37.92 -37.96 -38.05 -38.20 -38.39 -38.60 -38.81 -39.03 -39.22 -39.38 -39.49 -39.56 -39.59 -39.59 -39.56 -39.53 -39.49 -39.46 -39.45 -39.42 -39.37 -39.30 -39.24 -39.20 -39.21 -39.27 -39.42 -39.64 -39.93 -40.26 -40.65 -41.07 -41.52 -41.99 -42.48 -43.00 -43.58 -44.20 -44.84 -45.49 -46.12 -46.72 -47.29 -47.81 -48.31 -48.79 -49.26 -49.71 -50.15 -50.59 -51.02 -51.51 -52.09 -52.69 -53.27 -53.76 -54.12 -54.28 -54.19 -53.86 -53.34 -52.65 -51.81 -50.84 -49.75 -48.56
-36.09 -36.42 -36.66 -36.83 -36.92 -36.98 -37.01 -37.05 -37.11 -37.21 -37.36 -37.54 -37.73 -37.93 -38.12 -38.29 -38.42 -38.51 -38.55 -38.54 -38.49 -38.43 -38.35 -38.28 -38.21 -38.17 -38.13 -38.06 -37.99 -37.92 -37.89 -37.89 -37.97 -38.12 -38.36 -38.68 -39.05 -39.47 -39.93 -40.41 -40.90 -41.39 -41.90 -42.45 -43.03 -43.62 -44.22 -44.81 -45.39 -45.94 -46.47 -46.98 -47.49 -47.99 -48.48 -48.97 -49.45 -49.93 -50.47 -51.10 -51.76 -52.40 -52.96 -53.38 -53.61 -53.60 -53.33 -52.88 -52.26 -51.48 -50.59 -49.59 -48.50
-35.10 -35.42 -35.68 -35.85 -35.97 -36.05 -36.11 -36.16 -36.24 -36.35 -36.49 -36.67 -36.85 -37.04 -37.21 -37.36 -37.47 -37.53 -37.53 -37.48 -37.39 -37.27 -37.15 -37.03 -36.93 -36.86 -36.80 -36.71 -36.63 -36.56 -36.52 -36.54 -36.62 -36.78 -37.04 -37.38 -37.79 -38.24 -38.74 -39.25 -39.76 -40.26 -40.76 -41.29 -41.83 -42.39 -42.95 -43.51 -44.06 -44.60 -45.12 -45.64 -46.15 -46.66 -47.17 -47.67 -48.18 -48.69 -49.27 -49.94 -50.64 -51.33 -51.95 -52.43 -52.72 -52.78 -52.59 -52.21 -51.67 -50.99 -50.19 -49.29 -48.33
-34.11 -34.43 -34.68 -34.86 -35.00 -35.09 -35.17 -35.24 -35.33 -35.44 -35.59 -35.76 -35.94 -36.12 -36.28 -36.41 -36.50 -36.53 -36.49 -36.39 -36.24 -36.06 -35.88 -35.70 -35.55 -35.45 -35.36 -35.26 -35.17 -35.09 -35.06 -35.08 -35.16 -35.34 -35.61 -35.98 -36.42 -36.92 -37.44 -37.98 -38.52 -39.03 -39.52 -40.03 -40.55 -41.08 -41.61 -42.13 -42.66 -43.18 -43.69 -44.20 -44.70 -45.20 -45.71 -46.22 -46.73 -47.26 -47.85 -48.54 -49.28 -50.00 -50.65 -51.18 -51.53 -51.65 -51.54 -51.25 -50.80 -50.22 -49.53 -48.76 -47.92
-33.13 -33.43 -33.68 -33.87 -34.01 -34.13 -34.22 -34.31 -34.40 -34.52 -34.67 -34.83 -35.01 -35.18 -35.33 -35.45 -35.51 -35.52 -35.44 -35.29 -35.08 -34.84 -34.59 -34.35 -34.15 -34.01 -33.90 -33.78 -33.68 -33.60 -33.56 -33.58 -33.68 -33.86 -34.15 -34.55 -35.02 -35.54 -36.10 -36.67 -37.22 -37.74 -38.23 -38.73 -39.22 -39.72 -40.21 -40.71 -41.21 -41.70 -42.20 -42.68 -43.16 -43.64 -44.13 -44.63 -45.14 -45.67 -46.27 -46.97 -47.72 -48.46 -49.14 -49.71 -50.12 -50.30 -50.27 -50.07 -49.73 -49.26 -48.70 -48.06 -47.36
-32.18 -32.46 -32.70 -32.89 -33.04 -33.16 -33.27 -33.37 -33.47 -33.59 -33.74 -33.91 -34.08 -34.25 -34.39 -34.49 -34.54 -34.52 -34.41 -34.21 -33.94 -33.65 -33.34 -33.05 -32.81 -32.63 -32.50 -32.37 -32.25 -32.17 -32.13 -32.15 -32.25 -32.44 -32.74 -33.15 -33.65 -34.20 -34.78 -35.37 -35.94 -36.45 -36.94 -37.41 -37.88 -38.35 -38.81 -39.27 -39.74 -40.21 -40.67 -41.12 -41.57 -42.02 -42.48 -42.95 -43.45 -43.97 -44.58 -45.29 -46.05 -46.81 -47.51 -48.12 -48.58 -48.83 -48.88 -48.78 -48.55 -48.20 -47.77 -47.26 -46.70
-31.26 -31.52 -31.75 -31.94 -32.09 -32.23 -32.34 -32.45 -32.56 -32.68 -32.82 -32.99 -33.16 -33.32 -33.46 -33.56 -33.59 -33.55 -33.42 -33.18 -32.88 -32.54 -32.20 -31.87 -31.59 -31.39 -31.24 -31.10 -30.97 -30.88 -30.84 -30.86 -30.96 -31.15 -31.45 -31.88 -32.39 -32.95 -33.55 -34.14 -34.71 -35.22 -35.69 -36.14 -36.58 -37.01 -37.43 -37.86 -38.29 -38.72 -39.14 -39.55 -39.96 -40.37 -40.78 -41.23 -41.70 -42.22 -42.83 -43.54 -44.32 -45.11 -45.85 -46.50 -47.02 -47.34 -47.48 -47.47 -47.35 -47.13 -46.82 -46.45 -46.03
-30.38 -30.62 -30.84 -31.02 -31.18 -31.31 -31.43 -31.54 -31.66 -31.78 -31.92 -32.08 -32.25 -32.41 -32.55 -32.64 -32.67 -32.62 -32.46 -32.21 -31.89 -31.52 -31.15 -30.80 -30.50 -30.29 -30.12 -29.97 -29.83 -29.74 -29.69 -29.71 -29.80 -29.99 -30.29 -30.71 -31.23 -31.80 -32.39 -32.99 -33.54 -34.04 -34.48 -34.90 -35.30 -35.69 -36.07 -36.46 -36.84 -37.23 -37.61 -37.97 -38.32 -38.67 -39.04 -39.44 -39.88 -40.38 -41.00 -41.73 -42.53 -43.34 -44.13 -44.84 -45.41 -45.81 -46.03 -46.13 -46.12 -46.02 -45.85 -45.62 -45.34
-29.53 -29.74 -29.94 -30.11 -30.27 -30.40 -30.52 -30.64 -30.75 -30.87 -31.01 -31.17 -31.34 -31.50 -31.63 -31.72 -31.75 -31.69 -31.53 -31.26 -30.92 -30.54 -30.15 -29.78 -29.47 -29.24 -29.07 -28.90 -28.76 -28.66 -28.61 -28.62 -28.70 -28.88 -29.18 -29.60 -30.10 -30.67 -31.26 -31.84 -32.38 -32.85 -33.27 -33.65 -34.01 -34.36 -34.70 -35.03 -35.37 -35.71 -36.04 -36.33 -36.61 -36.89 -37.19 -37.54 -37.94 -38.43 -39.04 -39.77 -40.59 -41.44 -42.27 -43.03 -43.68 -44.15 -44.47 -44.67 -44.79 -44.82 -44.78 -44.69 -44.56
-28.70 -28.90 -29.08 -29.24 -29.38 -29.51 -29.63 -29.74 -29.85 -29.97 -30.11 -30.27 -30.44 -30.60 -30.73 -30.82 -30.85 -30.79 -30.62 -30.35 -30.01 -29.63 -29.23 -28.86 -28.54 -28.31 -28.13 -27.96 -27.81 -27.70 -27.64 -27.64 -27.72 -27.88 -28.16 -28.57 -29.06 -29.61 -30.18 -30.74 -31.26 -31.71 -32.08 -32.43 -32.75 -33.05 -33.34 -33.62 -33.90 -34.19 -34.45 -34.67 -34.87 -35.07 -35.30 -35.58 -35.94 -36.40 -37.00 -37.75 -38.59 -39.48 -40.35 -41.17 -41.89 -42.44 -42.85 -43.16 -43.40 -43.57 -43.67 -43.72 -43.73
-27.93 -28.10 -28.26 -28.40 -28.53 -28.65 -28.76 -28.87 -28.98 -29.09 -29.23 -29.39 -29.56 -29.73 -29.86 -29.95 -29.98 -29.93 -29.77 -29.52 -29.19 -28.82 -28.44 -28.08 -27.77 -27.54 -27.35 -27.18 -27.03 -26.91 -26.84 -26.83 -26.90 -27.04 -27.31 -27.69 -28.16 -28.68 -29.22 -29.75 -30.23 -30.64 -30.97 -31.27 -31.54 -31.79 -32.03 -32.25 -32.48 -32.71 -32.90 -33.04 -33.15 -33.27 -33.42 -33.63 -33.94 -34.37 -34.97 -35.73 -36.60 -37.52 -38.45 -39.34 -40.12 -40.76 -41.26 -41.69 -42.05 -42.34 -42.58 -42.78 -42.93
-27.21 -27.36 -27.49 -27.62 -27.73 -27.84 -27.95 -28.05 -28.15 -28.26 -28.39 -28.55 -28.72 -28.89 -29.03 -29.13 -29.17 -29.13 -29.00 -28.77 -28.47 -28.14 -27.80 -27.47 -27.18 -26.97 -26.80 -26.63 -26.48 -26.36 -26.28 -26.25 -26.30 -26.42 -26.66 -27.01 -27.44 -27.92 -28.42 -28.90 -29.33 -29.69 -29.97 -30.22 -30.44 -30.63 -30.80 -30.97 -31.13 -31.30 -31.42 -31.47 -31.49 -31.52 -31.59 -31.73 -31.98 -32.39 -32.99 -33.77 -34.68 -35.66 -36.65 -37.61 -38.48 -39.19 -39.79 -40.32 -40.80 -41.22 -41.58 -41.91 -42.18
-26.55 -26.67 -26.79 -26.89 -26.99 -27.08 -27.17 -27.26 -27.35 -27.46 -27.58 -27.74 -27.91 -28.08 -28.23 -28.34 -28.40 -28.39 -28.29 -28.12 -27.89 -27.62 -27.35 -27.08 -26.84 -26.66 -26.51 -26.35 -26.20 -26.07 -25.98 -25.94 -25.95 -26.05 -26.25 -26.55 -26.93 -27.35 -27.78 -28.20 -28.56 -28.85 -29.07 -29.25 -29.40 -29.53 -29.63 -29.72 -29.81 -29.90 -29.94 -29.90 -29.81 -29.73 -29.70 -29.77 -29.97 -30.35 -30.96 -31.78 -32.75 -33.80 -34.88 -35.93 -36.90 -37.71 -38.40 -39.05 -39.64 -40.18 -40.67 -41.12 -41.52
-25.94 -26.03 -26.12 -26.20 -26.28 -26.35 -26.42 -26.49 -26.58 -26.67 -26.80 -26.95 -27.12 -27.29 -27.44 -27.57 -27.65 -27.68 -27.64 -27.55 -27.41 -27.24 -27.06 -26.88 -26.72 -26.59 -26.46 -26.32 -26.17 -26.03 -25.92 -25.85 -25.84 -25.89 -26.04 -26.28 -26.59 -26.93 -27.28 -27.61 -27.90 -28.11 -28.25 -28.35 -28.42 -28.46 -28.48 -28.49 -28.49 -28.50 -28.44 -28.28 -28.07 -27.87 -27.73 -27.70 -27.84 -28.20 -28.82 -29.69 -30.73 -31.88 -33.08 -34.25 -35.33 -36.25 -37.05 -37.81 -38.52 -39.19 -39.81 -40.38 -40.90
-25.38 -25.44 -25.51 -25.57 -25.62 -25.66 -25.71 -25.77 -25.84 -25.93 -26.04 -26.19 -26.36 -26.53 -26.70 -26.84 -26.96 -27.03 -27.06 -27.05 -27.02 -26.96 -26.90 -26.82 -26.74 -26.67 -26.58 -26.45 -26.31 -26.17 -26.04 -25.94 -25.89 -25.90 -26.00 -26.17 -26.40 -26.65 -26.91 -27.14 -27.34 -27.46 -27.52 -27.53 -27.52 -27.48 -27.42 -27.34 -27.26 -27.17 -27.01 -26.73 -26.40 -26.08 -25.83 -25.72 -25.79 -26.13 -26.77 -27.69 -28.81 -30.06 -31.36 -32.65 -33.84 -34.87 -35.78 -36.65 -37.48 -38.26 -39.00 -39.68 -40.32
-24.89 -24.93 -24.97 -25.00 -25.02 -25.04 -25.06 -25.10 -25.15 -25.23 -25.35 -25.49 -25.66 -25.84 -26.01 -26.18 -26.33 -26.45 -26.54 -26.63 -26.70 -26.76 -26.81 -26.83 -26.84 -26.83 -26.77 -26.67 -26.55 -26.40 -26.27 -26.15 -26.07 -26.04 -26.09 -26.19 -26.33 -26.49 -26.66 -26.80 -26.90 -26.93 -26.91 -26.85 -26.76 -26.64 -26.50 -26.35 -26.19 -26.03 -25.78 -25.40 -24.97 -24.55 -24.21 -24.01 -24.04 -24.35 -25.00 -25.96 -27.15 -28.47 -29.87 -31.25 -32.54 -33.66 -34.65 -35.61 -36.53 -37.41 -38.25 -39.03 -39.75
-24.49 -24.50 -24.51 -24.51 -24.49 -24.48 -24.48 -24.50 -24.54 -24.61 -24.72 -24.86 -25.03 -25.22 -25.42 -25.61 -25.79 -25.95 -26.11 -26.28 -26.44 -26.60 -26.75 -26.87 -26.95 -27.00 -26.98 -26.91 -26.81 -26.68 -26.54 -26.42 -26.32 -26.27 -26.27 -26.31 -26.37 -26.45 -26.52 -26.57 -26.59 -26.55 -26.46 -26.33 -26.18 -26.00 -25.80 -25.59 -25.38 -25.16 -24.85 -24.41 -23.91 -23.42 -23.02 -22.78 -22.77 -23.06 -23.72 -24.69 -25.91 -27.28 -28.72 -30.16 -31.50 -32.67 -33.71 -34.73 -35.72 -36.66 -37.56 -38.41 -39.19
-24.16 -24.13 -24.11 -24.07 -24.03 -23.98 -23.95 -23.94 -23.97 -24.03 -24.15 -24.30 -24.48 -24.69 -24.91 -25.13 -25.36 -25.57 -25.78 -26.03 -26.28 -26.54 -26.77 -26.98 -27.14 -27.24 -27.27 -27.25 -27.17 -27.07 -26.95 -26.83 -26.73 -26.65 -26.61 -26.59 -26.58 -26.56 -26.54 -26.51 -26.44 -26.33 -26.19 -26.01 -25.81 -25.58 -25.35 -25.10 -24.85 -24.59 -24.25 -23.79 -23.26 -22.75 -22.33 -22.07 -22.05 -22.33 -22.97 -23.94 -25.14 -26.51 -27.95 -29.38 -30.73 -31.91 -32.97 -34.01 -35.03 -36.01 -36.94 -37.82 -38.64
-23.90 -23.83 -23.77 -23.69 -23.61 -23.53 -23.47 -23.43 -23.44 -23.50 -23.62 -23.78 -23.99 -24.22 -24.47 -24.74 -25.01 -25.27 -25.55 -25.88 -26.22 -26.57 -26.90 -27.19 -27.43 -27.60 -27.68 -27.71 -27.68 -27.61 -27.52 -27.42 -27.31 -27.22 -27.13 -27.04 -26.95 -26.84 -26.73 -26.59 -26.44 -26.27 -26.07 -25.85 -25.61 -25.35 -25.09 -24.81 -24.54 -24.27 -23.92 -23.45 -22.93 -22.43 -22.02 -21.76 -21.73 -22.00 -22.63 -23.56 -24.73 -26.06 -27.46 -28.86 -30.18 -31.33 -32.39 -33.43 -34.45 -35.44 -36.38 -37.27 -38.10
-23.73 -23.61 -23.51 -23.39 -23.27 -23.15 -23.06 -23.00 -22.99 -23.04 -23.16 -23.34 -23.56 -23.82 -24.11 -24.41 -24.73 -25.04 -25.38 -25.78 -26.21 -26.64 -27.06 -27.43 -27.75 -27.97 -28.11 -28.19 -28.21 -28.19 -28.13 -28.05 -27.95 -27.85 -27.73 -27.58 -27.40 -27.21 -27.00 -26.78 -26.55 -26.31 -26.07 -25.81 -25.54 -25.26 -24.98 -24.69 -24.41 -24.13 -23.79 -23.33 -22.84 -22.37 -21.98 -21.75 -21.73 -21.99 -22.59 -23.48 -24.60 -25.87 -27.21 -28.55 -29.82 -30.93 -31.96 -32.98 -33.98 -34.95 -35.89 -36.76 -37.57
-23.65 -23.50 -23.36 -23.19 -23.03 -22.87 -22.74 -22.66 -22.63 -22.67 -22.79 -22.97 -23.21 -23.49 -23.80 -24.14 -24.49 -24.84 -25.23 -25.68 -26.18 -26.68 -27.17 -27.61 -27.99 -28.27 -28.46 -28.59 -28.66 -28.69 -28.67 -28.62 -28.54 -28.43 -28.29 -28.09 -27.85 -27.58 -27.30 -27.00 -26.71 -26.43 -26.15 -25.86 -25.57 -25.27 -24.97 -24.68 -24.39 -24.12 -23.79 -23.36 -22.91 -22.48 -22.13 -21.92 -21.92 -22.18 -22.76 -23.61 -24.67 -25.87 -27.14 -28.41 -29.62 -30.69 -31.67 -32.65 -33.62 -34.56 -35.46 -36.31 -37.09
-23.70 -23.51 -23.32 -23.12 -22.92 -22.72 -22.56 -22.44 -22.39 -22.42 -22.53 -22.70 -22.94 -23.23 -23.55 -23.90 -24.27 -24.65 -25.06 -25.55 -26.08 -26.63 -27.16 -27.65 -28.07 -28.39 -28.63 -28.81 -28.93 -29.01 -29.04 -29.03 -28.97 -28.88 -28.72 -28.50 -28.22 -27.90 -27.56 -27.21 -26.87 -26.56 -26.26 -25.95 -25.64 -25.33 -25.03 -24.73 -24.44 -24.18 -23.87 -23.48 -23.06 -22.68 -22.37 -22.21 -22.22 -22.49 -23.04 -23.85 -24.86 -26.00 -27.21 -28.42 -29.56 -30.57 -31.50 -32.44 -33.36 -34.26 -35.11 -35.91 -36.64
-23.85 -23.62 -23.40 -23.16 -22.92 -22.68 -22.48 -22.33 -22.25 -22.26 -22.35 -22.52 -22.75 -23.04 -23.37 -23.73 -24.10 -24.49 -24.92 -25.43 -25.98 -26.54 -27.10 -27.62 -28.07 -28.43 -28.71 -28.94 -29.12 -29.26 -29.34 -29.38 -29.36 -29.28 -29.13 -28.89 -28.58 -28.23 -27.85 -27.47 -27.10 -26.77 -26.46 -26.14 -25.82 -25.50 -25.19 -24.90 -24.63 -24.38 -24.10 -23.76 -23.40 -23.08 -22.83 -22.71 -22.76 -23.02 -23.55 -24.33 -25.28 -26.35 -27.48 -28.61 -29.68 -30.62 -31.49 -32.36 -33.22 -34.05 -34.84 -35.57 -36.24
-24.11 -23.84 -23.58 -23.30 -23.01 -22.74 -22.50 -22.32 -22.20 -22.19 -22.26 -22.42 -22.64 -22.92 -23.25 -23.61 -23.98 -24.37 -24.81 -25.32 -25.87 -26.45 -27.02 -27.55 -28.03 -28.41 -28.73 -29.01 -29.26 -29.46 -29.60 -29.69 -29.72 -29.67 -29.53 -29.28 -28.96 -28.59 -28.19 -27.78 -27.39 -27.05 -26.74 -26.42 -26.10 -25.78 -25.48 -25.20 -24.95 -24.73 -24.49 -24.21 -23.93 -23.68 -23.51 -23.45 -23.53 -23.81 -24.32 -25.04 -25.93 -26.92 -27.97 -29.00 -29.98 -30.84 -31.63 -32.42 -33.19 -33.93 -34.64 -35.29 -35.87
-24.47 -24.17 -23.88 -23.56 -23.23 -22.92 -22.64 -22.42 -22.27 -22.22 -22.27 -22.41 -22.61 -22.87 -23.18 -23.53 -23.89 -24.27 -24.69 -25.18 -25.72 -26.28 -26.83 -27.36 -27.84 -28.24 -28.59 -28.93 -29.24 -29.50 -29.72 -29.87 -29.95 -29.94 -29.82 -29.59 -29.28 -28.90 -28.50 -28.09 -27.71 -27.37 -27.06 -26.75 -26.43 -26.13 -25.84 -25.57 -25.34 -25.15 -24.96 -24.75 -24.55 -24.38 -24.29 -24.29 -24.42 -24.71 -25.20 -25.88 -26.71 -27.62 -28.58 -29.53 -30.42 -31.19 -31.89 -32.59 -33.26 -33.91 -34.51 -35.06 -35.54
-24.96 -24.63 -24.30 -23.95 -23.58 -23.23 -22.91 -22.65 -22.47 -22.38 -22.39 -22.49 -22.66 -22.89 -23.16 -23.47 -23.80 -24.14 -24.52 -24.96 -25.45 -25.97 -26.48 -26.98 -27.44 -27.85 -28.22 -28.60 -28.96 -29.29 -29.58 -29.80 -29.95 -29.99 -29.91 -29.72 -29.44 -29.10 -28.72 -28.34 -27.98 -27.67 -27.39 -27.08 -26.78 -26.48 -26.20 -25.95 -25.74 -25.58 -25.44 -25.29 -25.16 -25.07 -25.05 -25.11 -25.28 -25.58 -26.06 -26.72 -27.50 -28.36 -29.25 -30.13 -30.93 -31.63 -32.25 -32.85 -33.42 -33.96 -34.45 -34.89 -35.26
-25.59 -25.24 -24.89 -24.50 -24.11 -23.72 -23.36 -23.06 -22.83 -22.69 -22.65 -22.69 -22.80 -22.96 -23.17 -23.41 -23.67 -23.95 -24.26 -24.62 -25.02 -25.45 -25.89 -26.32 -26.73 -27.11 -27.50 -27.90 -28.32 -28.72 -29.08 -29.37 -29.59 -29.70 -29.69 -29.56 -29.36 -29.09 -28.79 -28.47 -28.17 -27.91 -27.66 -27.38 -27.08 -26.79 -26.51 -26.27 -26.07 -25.94 -25.84 -25.74 -25.67 -25.64 -25.67 -25.78 -25.99 -26.31 -26.80 -27.45 -28.22 -29.06 -29.92 -30.75 -31.51 -32.15 -32.69 -33.20 -33.67 -34.10 -34.47 -34.79 -35.05
-26.47 -26.11 -25.75 -25.34 -24.91 -24.49 -24.09 -23.73 -23.45 -23.24 -23.13 -23.08 -23.09 -23.15 -23.25 -23.38 -23.53 -23.69 -23.87 -24.10 -24.35 -24.63 -24.93 -25.24 -25.57 -25.89 -26.26 -26.69 -27.14 -27.60 -28.04 -28.43 -28.73 -28.93 -29.01 -29.01 -28.93 -28.80 -28.62 -28.43 -28.24 -28.06 -27.86 -27.61 -27.34 -27.05 -26.78 -26.55 -26.36 -26.25 -26.19 -26.13 -26.11 -26.13 -26.22 -26.37 -26.62 -26.98 -27.49 -28.18 -28.98 -29.84 -30.71 -31.54 -32.28 -32.88 -33.35 -33.76 -34.12 -34.42 -34.66 -34.84 -34.96
-27.55 -27.19 -26.81 -26.38 -25.92 -25.46 -25.02 -24.61 -24.25 -23.97 -23.76 -23.60 -23.49 -23.42 -23.38 -23.36 -23.37 -23.39 -23.41 -23.46 -23.52 -23.60 -23.72 -23.88 -24.08 -24.33 -24.67 -25.10 -25.60 -26.12 -26.64 -27.12 -27.53 -27.84 -28.04 -28.18 -28.27 -28.31 -28.32 -28.29 -28.23 -28.16 -28.03 -27.83 -27.58 -27.31 -27.04 -26.81 -26.64 -26.55 -26.52 -26.51 -26.54 -26.60 -26.73 -26.94 -27.23 -27.62 -28.18 -28.92 -29.77 -30.69 -31.60 -32.46 -33.20 -33.76 -34.17 -34.48 -34.71 -34.87 -34.95 -34.98 -34.96
