Instances/Falklandsund/GMRTv3_3_20170611topo.asc
ncols 831
nrows 517
xllcorner -60.374267578125
yllcorner -52.457348320853555
cellsize 0.0010986328125
nodata_value -2147483648
[rows 462 to 494 of 516, columns 0 to 72 of 831]
-124.78 -124.79 -124.80 -124.81 -124.80 -124.78 -124.76 -124.75 -124.75 -124.76 -124.81 -124.88 -124.97 -125.08 -125.20 -125.33 -125.47 -125.60 -125.73 -125.85 -125.98 -126.11 -126.25 -126.38 -126.52 -126.65 -126.78 -126.91 -127.04 -127.18 -127.31 -127.44 -127.55 -127.66 -127.74 -127.80 -127.84 -127.86 -127.87 -127.88 -127.90 -127.93 -127.98 -128.06 -128.16 -128.27 -128.39 -128.51 -128.61 -128.69 -128.74 -128.76 -128.76 -128.74 -128.70 -128.65 -128.60 -128.55 -128.50 -128.45 -128.40 -128.35 -128.29 -128.23 -128.16 -128.08 -127.99 -127.88 -127.76 -127.62 -127.48 -127.33 -127.20
-125.18 -125.19 -125.20 -125.20 -125.19 -125.17 -125.15 -125.13 -125.13 -125.14 -125.19 -125.26 -125.35 -125.46 -125.59 -125.72 -125.86 -125.99 -126.12 -126.25 -126.38 -126.51 -126.64 -126.77 -126.91 -127.04 -127.17 -127.30 -127.43 -127.57 -127.71 -127.84 -127.96 -128.07 -128.15 -128.21 -128.25 -128.27 -128.28 -128.29 -128.30 -128.33 -128.38 -128.46 -128.56 -128.67 -128.79 -128.91 -129.01 -129.09 -129.13 -129.13 -129.11 -129.07 -129.01 -128.94 -128.87 -128.80 -128.73 -128.66 -128.59 -128.52 -128.45 -128.37 -128.28 -128.20 -128.10 -127.99 -127.87 -127.74 -127.61 -127.48 -127.35
-125.57 -125.58 -125.59 -125.59 -125.58 -125.56 -125.53 -125.52 -125.51 -125.53 -125.57 -125.64 -125.73 -125.85 -125.97 -126.11 -126.25 -126.38 -126.51 -126.64 -126.77 -126.91 -127.04 -127.17 -127.31 -127.44 -127.57 -127.70 -127.84 -127.98 -128.12 -128.25 -128.37 -128.48 -128.56 -128.62 -128.66 -128.68 -128.69 -128.70 -128.71 -128.73 -128.78 -128.86 -128.96 -129.07 -129.19 -129.31 -129.41 -129.48 -129.51 -129.50 -129.46 -129.40 -129.32 -129.23 -129.13 -129.04 -128.95 -128.87 -128.78 -128.69 -128.59 -128.50 -128.40 -128.30 -128.20 -128.09 -127.98 -127.86 -127.74 -127.62 -127.51
-125.97 -125.98 -125.99 -125.99 -125.97 -125.95 -125.93 -125.91 -125.90 -125.92 -125.96 -126.03 -126.13 -126.24 -126.37 -126.50 -126.64 -126.78 -126.91 -127.04 -127.17 -127.31 -127.44 -127.58 -127.72 -127.85 -127.98 -128.11 -128.25 -128.39 -128.52 -128.65 -128.77 -128.88 -128.96 -129.02 -129.06 -129.08 -129.09 -129.10 -129.11 -129.13 -129.18 -129.25 -129.35 -129.47 -129.59 -129.70 -129.79 -129.86 -129.88 -129.86 -129.81 -129.73 -129.63 -129.51 -129.40 -129.28 -129.17 -129.07 -128.97 -128.86 -128.75 -128.64 -128.53 -128.42 -128.31 -128.21 -128.10 -127.99 -127.88 -127.78 -127.68
-126.36 -126.37 -126.38 -126.39 -126.37 -126.36 -126.34 -126.32 -126.32 -126.34 -126.38 -126.45 -126.54 -126.65 -126.78 -126.91 -127.05 -127.18 -127.31 -127.44 -127.57 -127.71 -127.85 -127.98 -128.12 -128.26 -128.38 -128.51 -128.65 -128.78 -128.91 -129.04 -129.15 -129.25 -129.34 -129.40 -129.44 -129.46 -129.47 -129.49 -129.50 -129.53 -129.57 -129.65 -129.74 -129.86 -129.97 -130.08 -130.16 -130.22 -130.23 -130.20 -130.13 -130.04 -129.92 -129.79 -129.66 -129.53 -129.41 -129.29 -129.17 -129.05 -128.93 -128.80 -128.68 -128.57 -128.46 -128.35 -128.24 -128.14 -128.04 -127.95 -127.86
-126.76 -126.76 -126.78 -126.79 -126.78 -126.77 -126.76 -126.76 -126.76 -126.79 -126.83 -126.90 -126.99 -127.09 -127.21 -127.33 -127.46 -127.59 -127.72 -127.84 -127.97 -128.11 -128.25 -128.39 -128.52 -128.66 -128.78 -128.91 -129.03 -129.16 -129.28 -129.40 -129.51 -129.60 -129.68 -129.75 -129.79 -129.82 -129.84 -129.86 -129.89 -129.92 -129.97 -130.04 -130.13 -130.23 -130.34 -130.44 -130.51 -130.56 -130.56 -130.52 -130.44 -130.34 -130.21 -130.07 -129.92 -129.78 -129.65 -129.53 -129.40 -129.27 -129.13 -129.00 -128.87 -128.75 -128.64 -128.53 -128.42 -128.32 -128.23 -128.14 -128.05
-127.15 -127.16 -127.18 -127.19 -127.20 -127.20 -127.20 -127.21 -127.23 -127.26 -127.31 -127.38 -127.46 -127.56 -127.66 -127.77 -127.89 -128.01 -128.13 -128.25 -128.38 -128.52 -128.66 -128.79 -128.93 -129.06 -129.18 -129.30 -129.42 -129.53 -129.64 -129.75 -129.85 -129.93 -130.01 -130.08 -130.13 -130.17 -130.21 -130.24 -130.27 -130.31 -130.36 -130.42 -130.51 -130.61 -130.70 -130.78 -130.85 -130.88 -130.88 -130.83 -130.74 -130.62 -130.49 -130.34 -130.18 -130.03 -129.90 -129.77 -129.63 -129.49 -129.35 -129.21 -129.08 -128.95 -128.84 -128.73 -128.62 -128.52 -128.43 -128.34 -128.25
-127.54 -127.55 -127.57 -127.59 -127.61 -127.63 -127.65 -127.67 -127.71 -127.75 -127.80 -127.87 -127.94 -128.03 -128.12 -128.22 -128.32 -128.43 -128.54 -128.66 -128.79 -128.92 -129.06 -129.20 -129.34 -129.46 -129.58 -129.69 -129.80 -129.90 -130.00 -130.09 -130.17 -130.25 -130.33 -130.40 -130.46 -130.51 -130.56 -130.60 -130.65 -130.70 -130.75 -130.81 -130.89 -130.97 -131.05 -131.12 -131.17 -131.19 -131.18 -131.12 -131.02 -130.90 -130.76 -130.60 -130.44 -130.29 -130.15 -130.01 -129.87 -129.73 -129.58 -129.44 -129.31 -129.18 -129.06 -128.94 -128.84 -128.74 -128.64 -128.55 -128.46
-127.94 -127.95 -127.97 -128.00 -128.03 -128.06 -128.10 -128.14 -128.18 -128.23 -128.29 -128.36 -128.43 -128.50 -128.58 -128.66 -128.76 -128.85 -128.95 -129.07 -129.19 -129.33 -129.47 -129.60 -129.74 -129.86 -129.98 -130.08 -130.17 -130.26 -130.34 -130.42 -130.49 -130.57 -130.64 -130.71 -130.78 -130.84 -130.90 -130.96 -131.02 -131.07 -131.13 -131.19 -131.25 -131.33 -131.39 -131.45 -131.48 -131.49 -131.47 -131.40 -131.30 -131.17 -131.03 -130.87 -130.70 -130.55 -130.40 -130.26 -130.12 -129.97 -129.83 -129.68 -129.54 -129.41 -129.29 -129.17 -129.07 -128.96 -128.86 -128.77 -128.68
-128.33 -128.34 -128.37 -128.40 -128.45 -128.49 -128.54 -128.60 -128.65 -128.71 -128.77 -128.84 -128.90 -128.97 -129.03 -129.11 -129.19 -129.27 -129.37 -129.47 -129.59 -129.73 -129.86 -130.00 -130.13 -130.25 -130.36 -130.45 -130.53 -130.61 -130.68 -130.75 -130.81 -130.88 -130.95 -131.02 -131.09 -131.17 -131.24 -131.31 -131.38 -131.44 -131.50 -131.55 -131.61 -131.67 -131.73 -131.77 -131.79 -131.78 -131.75 -131.68 -131.57 -131.44 -131.29 -131.13 -130.97 -130.81 -130.66 -130.52 -130.37 -130.22 -130.08 -129.93 -129.79 -129.66 -129.53 -129.41 -129.30 -129.20 -129.10 -129.00 -128.90
-128.72 -128.74 -128.77 -128.81 -128.86 -128.92 -128.99 -129.06 -129.13 -129.20 -129.26 -129.32 -129.38 -129.44 -129.49 -129.55 -129.62 -129.69 -129.78 -129.88 -130.00 -130.12 -130.26 -130.39 -130.52 -130.63 -130.73 -130.82 -130.89 -130.95 -131.01 -131.07 -131.12 -131.18 -131.25 -131.32 -131.40 -131.49 -131.57 -131.66 -131.74 -131.80 -131.86 -131.91 -131.96 -132.01 -132.05 -132.07 -132.08 -132.06 -132.02 -131.94 -131.83 -131.70 -131.55 -131.39 -131.23 -131.07 -130.92 -130.78 -130.63 -130.49 -130.34 -130.20 -130.06 -129.92 -129.79 -129.67 -129.56 -129.45 -129.34 -129.24 -129.14
-129.12 -129.13 -129.16 -129.22 -129.28 -129.36 -129.44 -129.53 -129.61 -129.69 -129.76 -129.82 -129.87 -129.91 -129.96 -130.00 -130.05 -130.11 -130.19 -130.28 -130.40 -130.52 -130.65 -130.78 -130.90 -131.01 -131.11 -131.18 -131.24 -131.29 -131.33 -131.38 -131.42 -131.47 -131.53 -131.61 -131.70 -131.80 -131.90 -132.00 -132.08 -132.16 -132.22 -132.26 -132.30 -132.34 -132.36 -132.37 -132.36 -132.33 -132.28 -132.20 -132.09 -131.95 -131.80 -131.65 -131.49 -131.33 -131.19 -131.05 -130.90 -130.76 -130.62 -130.48 -130.34 -130.20 -130.07 -129.95 -129.83 -129.71 -129.60 -129.49 -129.38
-129.52 -129.53 -129.56 -129.62 -129.70 -129.79 -129.89 -129.99 -130.08 -130.17 -130.25 -130.30 -130.35 -130.38 -130.41 -130.44 -130.48 -130.53 -130.60 -130.69 -130.79 -130.91 -131.03 -131.16 -131.27 -131.38 -131.47 -131.53 -131.58 -131.62 -131.65 -131.68 -131.72 -131.76 -131.82 -131.90 -132.00 -132.11 -132.22 -132.33 -132.43 -132.51 -132.57 -132.61 -132.64 -132.65 -132.66 -132.65 -132.63 -132.59 -132.53 -132.44 -132.33 -132.20 -132.06 -131.90 -131.75 -131.60 -131.45 -131.32 -131.18 -131.04 -130.90 -130.76 -130.63 -130.49 -130.36 -130.23 -130.11 -129.99 -129.87 -129.75 -129.63
-129.91 -129.93 -129.96 -130.02 -130.11 -130.21 -130.31 -130.42 -130.53 -130.62 -130.70 -130.75 -130.79 -130.82 -130.85 -130.87 -130.90 -130.95 -131.01 -131.09 -131.18 -131.29 -131.41 -131.53 -131.64 -131.73 -131.81 -131.87 -131.92 -131.95 -131.97 -132.00 -132.03 -132.07 -132.12 -132.20 -132.31 -132.42 -132.54 -132.65 -132.76 -132.84 -132.90 -132.93 -132.95 -132.96 -132.95 -132.93 -132.90 -132.85 -132.78 -132.69 -132.58 -132.45 -132.31 -132.16 -132.01 -131.86 -131.72 -131.59 -131.45 -131.32 -131.18 -131.05 -130.91 -130.78 -130.65 -130.52 -130.39 -130.26 -130.13 -130.01 -129.88
-130.31 -130.33 -130.36 -130.42 -130.51 -130.61 -130.71 -130.82 -130.93 -131.03 -131.10 -131.16 -131.20 -131.23 -131.25 -131.28 -131.31 -131.35 -131.40 -131.48 -131.57 -131.67 -131.77 -131.88 -131.98 -132.07 -132.14 -132.20 -132.24 -132.27 -132.30 -132.32 -132.35 -132.39 -132.45 -132.53 -132.63 -132.74 -132.86 -132.98 -133.08 -133.16 -133.22 -133.24 -133.26 -133.26 -133.24 -133.21 -133.16 -133.11 -133.04 -132.95 -132.84 -132.71 -132.57 -132.42 -132.27 -132.13 -131.99 -131.86 -131.72 -131.59 -131.46 -131.32 -131.19 -131.06 -130.92 -130.79 -130.66 -130.53 -130.40 -130.27 -130.14
-130.73 -130.74 -130.77 -130.83 -130.90 -130.99 -131.09 -131.19 -131.29 -131.38 -131.45 -131.51 -131.55 -131.59 -131.62 -131.65 -131.69 -131.74 -131.79 -131.86 -131.94 -132.03 -132.12 -132.21 -132.30 -132.38 -132.45 -132.50 -132.55 -132.59 -132.62 -132.66 -132.70 -132.75 -132.81 -132.89 -132.98 -133.09 -133.19 -133.30 -133.39 -133.46 -133.51 -133.53 -133.54 -133.53 -133.51 -133.48 -133.43 -133.37 -133.30 -133.21 -133.10 -132.97 -132.83 -132.68 -132.53 -132.39 -132.25 -132.12 -131.99 -131.86 -131.72 -131.59 -131.46 -131.33 -131.19 -131.06 -130.93 -130.80 -130.66 -130.53 -130.39
-131.15 -131.16 -131.18 -131.23 -131.29 -131.36 -131.44 -131.53 -131.61 -131.69 -131.76 -131.82 -131.87 -131.92 -131.97 -132.02 -132.07 -132.12 -132.18 -132.24 -132.31 -132.38 -132.45 -132.52 -132.59 -132.66 -132.73 -132.79 -132.85 -132.90 -132.96 -133.01 -133.07 -133.13 -133.19 -133.26 -133.35 -133.44 -133.53 -133.61 -133.69 -133.75 -133.78 -133.80 -133.80 -133.80 -133.77 -133.74 -133.69 -133.63 -133.56 -133.47 -133.36 -133.23 -133.09 -132.94 -132.80 -132.65 -132.52 -132.38 -132.25 -132.12 -131.99 -131.86 -131.72 -131.59 -131.46 -131.32 -131.19 -131.06 -130.93 -130.79 -130.66
-131.56 -131.57 -131.59 -131.62 -131.67 -131.72 -131.78 -131.85 -131.91 -131.98 -132.04 -132.10 -132.17 -132.23 -132.30 -132.36 -132.43 -132.49 -132.55 -132.61 -132.67 -132.72 -132.77 -132.83 -132.88 -132.94 -133.00 -133.07 -133.14 -133.21 -133.29 -133.36 -133.44 -133.51 -133.57 -133.64 -133.72 -133.79 -133.86 -133.93 -133.98 -134.02 -134.05 -134.06 -134.06 -134.05 -134.03 -134.00 -133.95 -133.89 -133.82 -133.73 -133.62 -133.49 -133.35 -133.21 -133.06 -132.92 -132.78 -132.65 -132.52 -132.38 -132.25 -132.12 -131.99 -131.85 -131.72 -131.59 -131.46 -131.32 -131.19 -131.06 -130.92
-131.96 -131.96 -131.98 -132.00 -132.03 -132.07 -132.11 -132.15 -132.20 -132.26 -132.31 -132.38 -132.45 -132.53 -132.61 -132.70 -132.78 -132.85 -132.92 -132.97 -133.02 -133.06 -133.10 -133.14 -133.18 -133.23 -133.29 -133.36 -133.44 -133.53 -133.62 -133.71 -133.80 -133.88 -133.95 -134.01 -134.07 -134.13 -134.19 -134.23 -134.27 -134.30 -134.31 -134.32 -134.32 -134.31 -134.29 -134.26 -134.21 -134.16 -134.09 -133.99 -133.88 -133.76 -133.62 -133.47 -133.32 -133.18 -133.04 -132.91 -132.78 -132.65 -132.51 -132.38 -132.25 -132.12 -131.98 -131.85 -131.72 -131.59 -131.46 -131.32 -131.19
-132.32 -132.33 -132.34 -132.35 -132.37 -132.40 -132.42 -132.45 -132.49 -132.54 -132.59 -132.66 -132.74 -132.83 -132.92 -133.02 -133.11 -133.19 -133.26 -133.32 -133.36 -133.40 -133.43 -133.46 -133.50 -133.54 -133.60 -133.67 -133.76 -133.85 -133.95 -134.05 -134.15 -134.23 -134.30 -134.36 -134.41 -134.46 -134.50 -134.53 -134.55 -134.57 -134.58 -134.58 -134.57 -134.56 -134.54 -134.52 -134.47 -134.42 -134.35 -134.26 -134.15 -134.02 -133.88 -133.73 -133.59 -133.44 -133.31 -133.17 -133.04 -132.91 -132.78 -132.65 -132.51 -132.38 -132.25 -132.11 -131.98 -131.85 -131.72 -131.59 -131.45
-132.66 -132.66 -132.67 -132.68 -132.69 -132.70 -132.71 -132.74 -132.76 -132.80 -132.85 -132.92 -133.01 -133.11 -133.22 -133.32 -133.43 -133.52 -133.60 -133.65 -133.70 -133.73 -133.76 -133.79 -133.82 -133.87 -133.92 -134.00 -134.09 -134.19 -134.29 -134.39 -134.49 -134.57 -134.64 -134.69 -134.73 -134.77 -134.80 -134.82 -134.83 -134.84 -134.84 -134.84 -134.83 -134.82 -134.80 -134.78 -134.74 -134.68 -134.61 -134.52 -134.41 -134.28 -134.14 -134.00 -133.85 -133.71 -133.57 -133.44 -133.31 -133.17 -133.04 -132.91 -132.78 -132.64 -132.51 -132.38 -132.25 -132.11 -131.98 -131.85 -131.71
-132.98 -132.98 -132.98 -132.99 -132.99 -132.99 -132.99 -133.00 -133.02 -133.06 -133.11 -133.18 -133.27 -133.38 -133.50 -133.61 -133.73 -133.83 -133.91 -133.98 -134.02 -134.06 -134.09 -134.12 -134.16 -134.20 -134.26 -134.33 -134.42 -134.52 -134.62 -134.73 -134.82 -134.90 -134.96 -135.01 -135.05 -135.07 -135.09 -135.10 -135.10 -135.10 -135.10 -135.09 -135.09 -135.08 -135.06 -135.03 -135.00 -134.94 -134.87 -134.78 -134.67 -134.54 -134.41 -134.26 -134.11 -133.97 -133.83 -133.70 -133.57 -133.44 -133.31 -133.17 -133.04 -132.91 -132.78 -132.64 -132.51 -132.37 -132.24 -132.10 -131.97
-133.29 -133.28 -133.28 -133.28 -133.27 -133.26 -133.26 -133.26 -133.28 -133.31 -133.35 -133.43 -133.53 -133.64 -133.77 -133.90 -134.02 -134.13 -134.22 -134.29 -134.34 -134.39 -134.42 -134.46 -134.50 -134.55 -134.60 -134.68 -134.77 -134.86 -134.96 -135.06 -135.15 -135.22 -135.28 -135.32 -135.35 -135.37 -135.38 -135.38 -135.37 -135.37 -135.36 -135.35 -135.34 -135.33 -135.32 -135.29 -135.26 -135.21 -135.14 -135.05 -134.93 -134.81 -134.67 -134.52 -134.38 -134.23 -134.10 -133.97 -133.83 -133.70 -133.57 -133.44 -133.31 -133.17 -133.04 -132.90 -132.77 -132.63 -132.50 -132.36 -132.23
-133.58 -133.58 -133.57 -133.57 -133.55 -133.54 -133.53 -133.52 -133.53 -133.56 -133.61 -133.68 -133.79 -133.91 -134.04 -134.17 -134.30 -134.42 -134.52 -134.59 -134.66 -134.71 -134.75 -134.80 -134.84 -134.89 -134.95 -135.03 -135.11 -135.20 -135.29 -135.38 -135.46 -135.53 -135.58 -135.62 -135.64 -135.65 -135.65 -135.65 -135.64 -135.63 -135.62 -135.61 -135.60 -135.59 -135.58 -135.55 -135.52 -135.47 -135.40 -135.31 -135.20 -135.07 -134.93 -134.79 -134.64 -134.50 -134.36 -134.23 -134.10 -133.97 -133.83 -133.70 -133.57 -133.44 -133.30 -133.17 -133.03 -132.89 -132.76 -132.62 -132.49
-133.87 -133.86 -133.86 -133.85 -133.83 -133.81 -133.80 -133.79 -133.80 -133.82 -133.87 -133.95 -134.05 -134.17 -134.31 -134.45 -134.58 -134.71 -134.81 -134.89 -134.96 -135.02 -135.08 -135.13 -135.19 -135.24 -135.31 -135.38 -135.46 -135.54 -135.62 -135.70 -135.77 -135.83 -135.88 -135.90 -135.92 -135.93 -135.93 -135.92 -135.91 -135.89 -135.88 -135.87 -135.86 -135.85 -135.84 -135.81 -135.78 -135.73 -135.66 -135.57 -135.46 -135.34 -135.20 -135.05 -134.91 -134.76 -134.62 -134.49 -134.36 -134.23 -134.10 -133.97 -133.83 -133.70 -133.57 -133.43 -133.29 -133.16 -133.02 -132.88 -132.74
-134.14 -134.13 -134.12 -134.10 -134.09 -134.07 -134.05 -134.05 -134.06 -134.08 -134.13 -134.21 -134.31 -134.43 -134.57 -134.71 -134.85 -134.97 -135.08 -135.17 -135.26 -135.34 -135.41 -135.48 -135.55 -135.61 -135.68 -135.75 -135.82 -135.89 -135.95 -136.01 -136.07 -136.11 -136.15 -136.17 -136.19 -136.19 -136.19 -136.18 -136.17 -136.16 -136.14 -136.13 -136.12 -136.11 -136.10 -136.08 -136.04 -136.00 -135.93 -135.84 -135.73 -135.60 -135.46 -135.32 -135.17 -135.03 -134.89 -134.76 -134.63 -134.49 -134.36 -134.23 -134.10 -133.96 -133.83 -133.69 -133.55 -133.42 -133.28 -133.14 -133.00
-134.39 -134.38 -134.36 -134.35 -134.33 -134.32 -134.31 -134.30 -134.31 -134.34 -134.39 -134.47 -134.57 -134.69 -134.83 -134.96 -135.10 -135.23 -135.35 -135.45 -135.55 -135.65 -135.74 -135.83 -135.91 -135.99 -136.06 -136.12 -136.18 -136.23 -136.28 -136.32 -136.36 -136.39 -136.41 -136.43 -136.44 -136.44 -136.44 -136.44 -136.43 -136.42 -136.40 -136.39 -136.38 -136.38 -136.36 -136.34 -136.31 -136.26 -136.19 -136.10 -135.99 -135.86 -135.72 -135.58 -135.43 -135.29 -135.15 -135.02 -134.89 -134.76 -134.63 -134.49 -134.36 -134.23 -134.09 -133.96 -133.82 -133.67 -133.53 -133.39 -133.26
-134.65 -134.63 -134.62 -134.61 -134.59 -134.58 -134.57 -134.57 -134.59 -134.62 -134.67 -134.74 -134.84 -134.96 -135.09 -135.22 -135.36 -135.49 -135.61 -135.72 -135.83 -135.95 -136.06 -136.17 -136.27 -136.36 -136.43 -136.49 -136.54 -136.57 -136.60 -136.62 -136.64 -136.65 -136.67 -136.68 -136.69 -136.69 -136.69 -136.69 -136.69 -136.68 -136.67 -136.66 -136.65 -136.64 -136.63 -136.61 -136.57 -136.52 -136.46 -136.37 -136.26 -136.13 -135.99 -135.84 -135.70 -135.55 -135.42 -135.28 -135.15 -135.02 -134.89 -134.76 -134.62 -134.49 -134.36 -134.22 -134.08 -133.93 -133.79 -133.65 -133.52
-134.94 -134.92 -134.91 -134.90 -134.88 -134.87 -134.87 -134.87 -134.88 -134.92 -134.97 -135.04 -135.13 -135.24 -135.36 -135.49 -135.62 -135.75 -135.87 -135.99 -136.11 -136.24 -136.37 -136.50 -136.61 -136.70 -136.78 -136.84 -136.87 -136.90 -136.91 -136.91 -136.92 -136.92 -136.92 -136.93 -136.94 -136.95 -136.95 -136.95 -136.95 -136.94 -136.93 -136.92 -136.91 -136.91 -136.89 -136.87 -136.84 -136.79 -136.72 -136.63 -136.52 -136.39 -136.25 -136.11 -135.96 -135.82 -135.68 -135.55 -135.42 -135.28 -135.15 -135.02 -134.88 -134.75 -134.62 -134.48 -134.34 -134.20 -134.05 -133.91 -133.78
-135.27 -135.26 -135.25 -135.23 -135.22 -135.21 -135.21 -135.21 -135.23 -135.26 -135.30 -135.37 -135.45 -135.55 -135.66 -135.78 -135.90 -136.02 -136.13 -136.25 -136.39 -136.52 -136.66 -136.79 -136.92 -137.02 -137.10 -137.15 -137.18 -137.20 -137.20 -137.20 -137.19 -137.19 -137.19 -137.19 -137.20 -137.21 -137.21 -137.22 -137.22 -137.21 -137.20 -137.19 -137.19 -137.18 -137.17 -137.14 -137.11 -137.06 -136.99 -136.90 -136.79 -136.66 -136.52 -136.38 -136.23 -136.08 -135.94 -135.81 -135.68 -135.54 -135.41 -135.28 -135.14 -135.01 -134.88 -134.74 -134.60 -134.46 -134.32 -134.18 -134.05
-135.66 -135.64 -135.63 -135.62 -135.61 -135.60 -135.60 -135.60 -135.61 -135.64 -135.68 -135.73 -135.80 -135.89 -135.98 -136.08 -136.18 -136.29 -136.39 -136.51 -136.64 -136.79 -136.93 -137.07 -137.20 -137.30 -137.38 -137.44 -137.47 -137.48 -137.48 -137.47 -137.46 -137.45 -137.45 -137.46 -137.47 -137.48 -137.49 -137.49 -137.50 -137.49 -137.49 -137.48 -137.47 -137.46 -137.45 -137.43 -137.39 -137.34 -137.27 -137.18 -137.07 -136.94 -136.79 -136.64 -136.49 -136.35 -136.21 -136.07 -135.94 -135.80 -135.66 -135.53 -135.39 -135.26 -135.13 -135.00 -134.86 -134.72 -134.59 -134.45 -134.33
-136.06 -136.05 -136.04 -136.03 -136.03 -136.02 -136.01 -136.02 -136.03 -136.04 -136.08 -136.12 -136.17 -136.23 -136.31 -136.38 -136.47 -136.56 -136.66 -136.77 -136.90 -137.04 -137.19 -137.33 -137.46 -137.57 -137.65 -137.71 -137.73 -137.75 -137.74 -137.74 -137.73 -137.72 -137.72 -137.73 -137.74 -137.75 -137.76 -137.77 -137.78 -137.78 -137.77 -137.76 -137.76 -137.75 -137.73 -137.71 -137.68 -137.62 -137.55 -137.46 -137.34 -137.21 -137.07 -136.92 -136.76 -136.61 -136.47 -136.33 -136.20 -136.06 -135.92 -135.78 -135.64 -135.51 -135.38 -135.25 -135.12 -134.98 -134.85 -134.73 -134.61
-136.47 -136.47 -136.46 -136.45 -136.44 -136.44 -136.43 -136.43 -136.44 -136.45 -136.48 -136.51 -136.55 -136.59 -136.64 -136.70 -136.77 -136.84 -136.92 -137.03 -137.15 -137.30 -137.44 -137.58 -137.72 -137.83 -137.91 -137.96 -137.99 -138.01 -138.01 -138.00 -137.99 -137.98 -137.98 -137.99 -138.01 -138.02 -138.03 -138.05 -138.05 -138.05 -138.05 -138.04 -138.03 -138.02 -138.01 -137.99 -137.95 -137.90 -137.83 -137.73 -137.62 -137.48 -137.34 -137.18 -137.03 -136.88 -136.73 -136.60 -136.46 -136.31 -136.17 -136.03 -135.90 -135.76 -135.64 -135.51 -135.38 -135.25 -135.13 -135.01 -134.90
