Instances/ChoctawhatcheeBay/GMRTv3_3_20170611topo.asc
ncols 532
nrows 216
xllcorner -86.6590576171875
yllcorner 30.311245603935006
cellsize 0.0010986328125
nodata_value -2147483648
[rows 34 to 67 of 216, columns 77 to 153 of 532]
27.02 25.02 22.18 12.89 23.90 26.00 28.02 29.00 28.00 28.00 28.00 28.02 28.02 28.02 29.00 30.02 30.02 29.00 29.00 29.00 29.00 28.98 28.02 29.02 31.04 30.98 28.02 28.00 26.02 25.97 25.97 25.00 25.03 21.10 21.12 18.12 10.98 16.70 9.76 5.08 10.23 11.99 19.00 21.02 24.03 25.05 25.07 25.06 26.07 25.09 26.04 27.04 28.00 27.02 24.02 13.07 12.19 19.26 15.19 16.04 17.98 17.97 20.99 21.03 19.07 18.03 18.00 20.00 23.00 24.02 24.02 19.98 16.98 16.00 14.96 12.96 8.91
25.95 23.69 14.41 17.53 24.00 25.83 26.79 27.88 28.01 27.92 27.92 27.92 28.01 28.01 28.92 28.86 28.95 29.00 28.91 29.00 29.00 28.92 28.00 27.95 29.97 31.00 27.99 26.86 26.08 28.02 28.02 25.08 22.63 15.90 14.06 11.23 16.65 22.15 18.47 7.51 3.63 9.76 17.68 20.65 21.37 22.69 22.92 24.13 24.98 23.89 26.82 26.93 26.88 25.80 23.85 18.51 10.48 6.45 7.48 16.05 19.15 19.94 18.59 18.68 15.79 15.83 17.84 19.84 21.90 22.89 22.73 18.88 16.92 14.95 14.92 13.00 11.10
26.30 21.05 12.02 21.11 24.00 23.83 24.58 26.47 27.79 26.93 26.90 26.87 27.70 27.70 27.90 28.20 29.03 29.03 28.17 28.97 29.00 27.90 27.97 27.97 29.54 31.03 28.46 26.17 27.07 26.68 26.68 26.10 20.48 19.06 20.06 19.45 21.88 21.17 19.01 12.55 2.84 6.89 11.59 13.06 12.67 18.80 22.72 25.84 24.12 22.23 23.08 25.50 25.44 23.37 21.40 20.79 18.08 9.95 6.43 14.12 19.49 17.49 14.07 14.90 14.20 14.71 15.64 17.73 19.89 21.26 18.96 17.56 15.99 15.03 13.71 13.03 11.03
26.31 21.58 13.07 19.06 23.94 24.32 24.25 24.32 26.44 27.00 27.43 27.81 27.74 27.69 28.32 28.52 28.51 28.57 29.07 29.49 28.94 28.38 28.32 28.38 27.37 30.62 30.68 27.12 27.11 25.93 25.88 25.51 23.64 23.14 22.64 22.76 22.70 22.07 20.03 14.16 3.80 3.17 3.19 2.67 4.55 11.36 18.27 21.70 19.70 19.53 20.53 23.11 23.97 21.86 19.37 17.94 17.95 17.58 11.43 6.64 14.96 14.46 10.77 10.54 11.96 13.61 14.61 15.25 13.06 18.26 13.73 14.24 15.19 14.62 12.50 12.68 10.68
23.71 21.59 13.07 17.91 24.56 26.24 26.31 25.15 26.59 26.93 28.05 29.80 29.80 30.50 30.46 29.22 28.51 27.95 29.00 29.41 29.78 29.75 30.31 29.61 27.51 29.32 29.78 26.37 25.66 25.93 26.63 25.66 24.19 24.31 23.19 22.41 21.95 22.07 19.41 12.27 11.47 10.04 6.27 4.66 4.42 4.51 8.75 13.16 15.35 17.49 18.20 20.86 23.02 22.07 19.51 17.54 14.59 16.63 14.04 5.42 8.26 8.02 5.77 7.74 10.25 12.05 12.90 12.40 9.94 13.47 9.01 10.47 13.27 13.39 12.03 10.90 8.76
22.28 22.43 12.32 17.79 25.84 27.93 27.04 26.86 27.02 27.88 28.00 29.27 29.27 29.55 29.55 30.18 29.97 28.00 29.07 28.91 28.25 29.21 31.18 30.90 28.84 28.98 28.82 25.84 25.71 26.82 27.02 25.27 22.51 21.62 21.37 21.98 22.00 21.12 15.08 13.77 19.26 17.40 13.81 10.98 9.12 6.11 3.79 3.92 5.69 11.52 15.85 18.13 19.24 21.39 20.97 18.23 14.10 10.11 8.29 3.42 2.61 6.01 3.15 5.46 7.51 7.09 9.92 9.87 7.83 6.93 6.51 11.12 13.18 12.37 11.53 7.72 7.28
20.15 16.41 9.99 20.84 26.03 27.08 27.03 27.00 27.00 27.05 28.03 28.07 28.07 27.08 27.08 28.12 28.12 28.00 28.01 29.96 29.91 29.00 29.09 30.05 29.00 28.94 30.94 27.94 27.02 27.03 27.00 24.04 20.11 20.07 20.96 22.00 21.97 21.89 20.67 20.72 19.98 18.94 17.85 14.76 12.73 10.68 9.61 5.76 2.00 3.32 7.52 8.60 10.52 18.31 19.24 15.28 12.30 8.12 3.99 1.92 1.93 4.12 1.89 3.08 4.19 3.09 3.19 4.15 3.26 4.29 3.09 6.46 10.31 9.25 6.52 4.15 5.15
17.88 10.65 13.10 21.81 24.85 25.91 25.91 26.94 26.94 27.00 26.96 26.96 26.96 27.00 27.00 27.02 27.03 28.00 29.04 29.95 29.95 29.06 29.00 29.95 29.06 31.08 29.86 26.80 24.93 26.02 26.95 23.94 19.07 19.02 21.98 22.00 23.04 24.08 23.07 22.03 21.03 20.09 19.09 19.16 18.15 16.20 14.16 9.01 4.00 2.06 0.82 0.79 3.66 11.34 13.32 9.48 4.74 4.99 8.19 6.37 4.48 3.37 7.36 3.28 2.20 4.09 5.12 5.63 -0.32 -3.35 3.58 -2.41 3.33 4.31 -4.37 3.40 2.88
16.57 7.77 13.29 18.05 22.84 24.95 24.95 25.95 25.95 27.02 27.00 27.02 27.02 27.00 27.02 27.89 27.66 27.82 28.84 28.55 28.77 29.91 29.05 28.75 29.91 30.66 27.48 23.77 25.00 27.09 25.52 22.93 21.34 20.07 20.95 21.82 22.84 23.84 23.02 22.20 21.18 21.30 20.14 18.53 16.08 15.56 13.26 6.34 3.65 4.75 2.63 2.45 2.06 3.16 3.87 3.46 5.02 7.81 10.01 10.14 10.52 9.59 9.73 8.46 7.55 5.27 6.48 -2.77 -1.03 -1.93 -4.39 -4.01 -4.62 -2.56 -4.05 7.62 1.14
14.23 8.29 16.99 21.26 23.39 24.61 24.61 25.66 25.61 26.66 27.05 26.61 26.61 27.05 26.61 26.54 25.86 26.54 27.15 26.52 27.20 28.20 28.27 27.64 28.20 27.69 25.42 24.44 25.00 26.61 23.86 23.05 22.12 20.00 20.61 20.59 21.30 22.40 22.76 23.07 22.51 21.73 19.08 13.65 8.62 9.72 8.20 6.60 8.94 7.16 5.89 4.43 3.02 3.90 4.16 5.75 9.08 13.62 15.52 12.28 9.34 7.07 8.78 10.48 7.92 6.17 8.29 1.40 9.56 9.24 1.78 -2.21 1.45 5.89 -3.62 -5.00 -2.62
11.34 10.16 21.58 23.75 24.05 23.95 23.95 24.36 25.02 25.43 26.48 25.95 26.02 26.48 26.02 26.02 26.00 26.02 25.96 25.36 25.24 26.31 26.31 25.70 26.38 25.91 25.54 24.39 25.00 25.95 24.00 22.41 21.34 19.93 20.02 19.36 17.99 18.09 20.67 23.21 22.60 20.64 14.32 7.12 7.81 9.47 10.89 12.90 9.82 7.17 8.07 6.09 3.59 8.65 9.87 11.41 15.60 17.25 17.09 16.90 15.47 12.42 14.10 14.98 9.91 4.75 6.16 8.58 10.11 12.46 11.26 5.10 7.26 4.41 2.81 -4.70 -4.34
7.45 11.54 20.64 24.17 24.00 23.93 23.93 23.90 24.22 24.20 25.27 26.00 25.22 25.27 25.29 25.29 26.07 25.22 25.22 24.97 25.82 26.05 25.97 25.72 25.05 25.08 26.03 24.68 25.00 26.00 24.00 21.97 21.68 20.78 19.22 18.90 18.40 14.17 13.77 21.32 20.99 17.44 7.13 7.79 15.04 16.58 15.32 10.85 10.85 12.33 11.10 8.54 4.03 8.77 15.53 15.29 15.91 17.78 17.78 16.95 16.76 15.66 16.20 16.37 9.81 4.58 5.55 9.90 9.86 12.13 15.39 12.98 7.43 5.73 6.21 3.77 3.74
8.84 15.64 18.00 22.14 24.00 24.93 24.89 24.93 23.99 23.99 24.06 26.04 24.95 24.06 24.06 24.02 25.07 25.04 24.99 25.00 25.08 25.03 25.96 25.96 26.90 26.90 26.04 25.94 24.96 26.00 23.91 21.96 22.98 20.96 18.99 20.06 20.15 16.15 8.33 11.83 12.81 8.54 6.47 14.38 16.03 13.34 10.18 11.58 17.51 18.68 15.69 10.03 4.00 5.24 12.52 17.96 17.82 17.96 17.96 17.89 17.98 16.40 15.46 12.62 5.10 6.48 7.56 9.16 11.95 13.77 16.95 15.89 8.94 6.94 5.96 6.05 6.05
9.08 18.04 21.04 21.97 24.00 25.00 25.99 25.00 24.00 24.00 23.97 24.92 25.99 24.03 24.00 24.99 24.97 23.98 25.00 25.00 25.03 26.05 27.02 27.02 26.01 25.98 25.01 26.00 26.02 25.97 26.05 23.08 21.97 22.02 19.00 16.78 14.69 8.94 6.28 6.21 6.06 8.11 17.36 20.15 16.00 12.09 14.28 18.20 20.08 19.03 17.00 7.86 4.08 4.04 6.82 15.92 19.02 19.02 18.99 19.02 16.98 6.78 5.96 3.86 9.13 16.24 15.23 7.10 9.86 16.08 17.03 15.97 9.00 7.00 7.02 6.00 5.94
12.99 18.31 20.10 20.92 24.00 25.00 25.12 25.00 24.00 24.00 22.93 22.85 24.77 25.07 23.98 23.73 23.93 24.15 24.98 25.20 26.07 27.10 26.83 27.02 26.92 26.02 25.90 25.83 25.83 24.93 25.65 25.15 22.50 22.00 18.58 11.08 9.84 14.73 18.53 18.55 14.58 13.57 21.28 20.57 15.93 16.71 20.54 20.26 21.05 20.23 15.64 4.77 7.95 6.21 5.56 15.25 19.00 18.83 17.93 19.00 16.78 7.19 13.39 7.31 9.74 16.88 17.13 12.48 6.78 17.08 17.95 14.49 8.85 7.00 7.00 6.00 3.87
17.97 20.49 21.03 21.39 24.00 25.00 25.73 25.04 24.00 24.04 23.00 23.34 23.93 25.04 24.34 23.62 23.96 25.46 25.39 25.38 26.04 26.36 25.97 26.70 25.58 25.66 24.93 24.93 24.93 25.04 24.24 24.66 25.39 22.35 14.45 10.15 19.26 23.00 22.71 22.37 21.20 20.93 20.66 17.74 17.38 20.34 21.46 21.85 21.34 21.12 13.38 5.43 13.61 8.58 8.56 17.53 19.00 17.93 18.00 19.04 17.00 11.81 18.44 12.99 7.59 16.23 16.96 13.33 7.21 16.87 15.89 10.79 7.58 7.00 7.04 6.04 4.00
20.20 20.99 21.54 21.52 24.07 25.00 25.01 24.52 24.00 23.46 23.07 24.12 24.00 24.46 24.99 25.05 24.54 25.58 25.58 23.88 25.46 24.27 25.46 25.47 24.94 25.01 25.07 25.00 25.07 24.46 24.52 24.01 23.23 17.99 10.69 18.57 22.83 23.06 23.12 22.00 22.12 21.06 19.88 18.54 20.36 21.22 21.65 22.10 22.12 20.59 9.17 10.04 17.79 14.94 7.23 17.45 19.00 18.00 18.00 18.46 18.63 18.62 18.00 13.98 10.99 17.60 17.54 15.08 9.42 13.43 13.89 8.22 6.88 7.00 6.46 5.46 3.87
20.99 21.74 22.03 20.89 23.26 25.07 24.34 23.23 24.00 23.04 22.26 23.26 24.07 23.89 25.81 25.88 25.11 24.23 24.23 24.00 25.04 24.78 24.97 24.23 25.00 24.26 24.26 25.00 24.26 23.97 23.97 23.34 16.60 9.62 16.64 22.99 23.03 23.00 22.26 22.00 22.00 21.00 20.74 18.96 18.53 18.46 19.57 20.13 21.19 18.64 6.76 16.80 19.83 17.75 9.80 17.63 19.00 18.00 18.00 17.97 17.97 18.40 18.00 17.60 17.14 18.03 18.03 16.80 13.97 8.41 13.34 8.70 7.74 7.00 5.97 4.82 5.33
21.90 22.01 21.95 21.85 22.99 24.21 23.09 22.99 24.05 22.10 21.94 22.99 23.10 24.95 25.11 24.21 24.10 24.04 23.99 24.00 24.10 24.06 25.00 23.94 25.05 23.99 24.10 25.42 24.15 24.00 24.11 22.20 13.20 14.30 21.82 23.01 23.00 23.00 21.99 22.00 22.05 21.00 21.01 19.95 17.93 17.98 18.03 20.84 21.84 16.13 7.79 18.94 20.01 19.86 16.32 18.91 19.05 18.00 18.00 18.00 18.05 17.09 18.05 18.07 18.14 18.00 18.00 17.01 15.88 10.41 11.99 9.01 8.01 7.00 5.95 6.75 7.87
22.00 22.00 23.01 22.99 22.98 21.98 23.01 23.01 22.99 22.00 23.01 23.00 23.01 24.01 25.01 24.01 23.99 22.99 24.00 24.01 24.01 25.01 24.99 25.01 24.00 24.01 22.00 16.91 20.91 23.92 21.90 19.91 11.97 16.01 21.00 23.00 23.00 23.00 22.00 22.00 21.00 21.00 21.00 19.01 19.02 18.02 19.02 22.00 22.99 16.97 10.05 19.01 20.00 18.99 19.02 19.00 17.99 18.00 18.00 18.00 16.99 17.00 16.98 16.99 15.99 18.00 17.99 17.00 17.01 16.05 14.03 9.01 7.99 7.00 7.01 8.01 6.99
22.01 21.88 22.74 20.85 21.14 22.12 24.06 24.19 22.97 21.99 23.13 23.12 24.19 26.15 25.94 25.07 23.07 23.13 23.99 24.93 25.20 25.14 24.06 24.85 24.92 25.07 24.25 15.10 13.08 13.43 12.11 11.02 10.99 16.76 22.18 23.00 23.00 23.00 21.99 21.99 22.06 20.99 21.00 21.12 20.19 20.11 20.05 20.94 20.87 12.66 14.87 20.06 19.86 19.00 19.00 18.87 18.00 18.00 18.00 18.00 17.00 16.86 15.93 17.00 17.06 18.01 16.94 16.87 17.00 18.13 16.27 10.21 6.94 7.00 7.00 8.01 7.00
21.70 20.59 20.78 21.60 23.11 23.34 24.00 25.11 23.60 22.26 24.07 24.41 25.11 25.44 24.63 24.70 24.07 24.07 24.34 23.89 25.81 25.81 25.45 24.56 24.19 24.62 25.07 25.08 20.51 17.40 19.91 18.47 20.83 22.71 23.37 23.00 23.00 23.00 22.30 22.30 21.96 21.30 20.96 21.00 21.07 20.30 20.30 21.00 21.30 15.40 19.67 20.00 19.23 19.00 19.00 17.93 18.00 18.00 18.00 18.00 17.00 16.23 16.30 17.00 17.00 17.74 17.04 15.93 17.04 17.77 16.59 10.51 7.00 7.00 7.04 7.74 7.08
21.06 20.37 21.99 23.06 23.43 24.50 23.88 24.44 25.06 23.56 23.94 24.57 24.50 23.38 24.00 24.00 24.00 24.00 24.57 24.56 24.44 24.44 25.01 25.63 25.68 24.99 24.94 24.50 24.94 24.56 23.81 23.38 23.75 23.56 24.06 23.00 23.00 23.00 23.06 23.06 22.50 22.06 21.50 20.94 21.00 21.06 21.06 21.00 22.06 21.50 20.06 20.00 20.12 19.00 19.00 18.00 18.00 18.00 18.00 18.00 16.94 17.00 17.00 17.00 17.00 16.44 16.50 16.06 16.63 16.25 13.63 8.44 7.00 7.06 6.50 6.50 6.01
19.47 21.66 23.00 23.69 24.81 25.73 25.39 24.58 25.77 23.89 24.62 23.89 23.96 22.96 23.31 23.31 24.07 24.00 23.89 24.27 23.89 23.96 24.62 25.04 24.65 25.46 25.77 24.58 23.81 24.38 24.04 23.69 24.04 24.04 24.00 22.93 23.00 23.00 23.00 23.00 23.11 22.00 22.04 21.69 21.00 21.00 21.00 21.00 22.07 21.00 19.93 20.00 19.23 18.93 19.00 18.00 18.00 18.00 18.00 18.00 17.69 17.69 17.69 17.00 17.00 15.96 15.96 15.31 14.72 11.53 9.19 7.34 7.07 6.31 5.96 5.27 5.00
20.58 22.88 23.93 24.01 24.15 26.07 26.09 25.94 25.09 25.73 25.88 24.87 24.00 23.00 22.99 23.05 23.13 24.00 24.87 24.79 24.80 23.94 25.07 24.13 23.97 24.12 25.21 25.94 25.79 23.93 23.94 24.01 24.06 24.06 24.06 23.93 23.00 23.00 23.00 23.00 22.07 22.00 22.00 22.07 21.00 21.00 21.00 20.94 21.07 21.00 20.87 19.94 19.85 19.93 19.00 18.00 18.00 18.00 18.06 18.00 18.01 18.01 18.01 17.00 17.00 16.00 16.06 14.99 12.24 9.13 7.08 6.12 6.13 6.05 6.06 5.05 4.20
22.99 23.00 23.00 24.00 24.00 25.01 25.00 25.01 25.99 26.00 26.00 24.99 24.00 23.00 23.00 22.01 23.00 24.00 25.01 26.00 26.00 24.99 24.00 24.00 24.00 24.00 24.01 25.01 25.01 24.99 24.99 24.00 23.00 23.01 23.01 23.01 23.00 23.00 23.00 23.00 22.99 22.00 22.01 21.01 21.00 21.00 21.00 21.99 21.98 20.99 21.00 21.00 20.00 19.01 19.00 18.00 18.00 18.00 17.01 18.00 18.00 18.00 18.00 16.99 17.00 16.01 15.02 15.01 12.02 8.02 7.01 6.00 6.01 5.01 5.02 4.01 3.01
22.04 22.99 24.04 24.00 24.00 25.10 26.05 25.00 25.90 25.90 25.90 25.96 24.00 22.99 23.00 22.10 23.10 24.00 23.95 24.85 24.96 24.90 24.96 24.00 24.00 23.99 24.09 25.01 25.01 25.11 24.91 24.01 24.06 23.21 23.10 22.99 22.90 23.01 23.01 22.90 22.81 21.90 20.96 20.90 20.90 20.90 21.00 22.01 23.05 22.16 21.00 19.84 19.90 19.01 18.90 18.00 18.00 17.90 17.00 17.91 18.02 18.02 17.82 17.87 16.91 14.96 13.86 13.77 9.71 6.96 5.95 6.00 4.95 4.90 3.96 3.90 2.92
23.33 23.29 24.29 24.00 24.00 25.82 26.06 25.06 24.96 24.96 24.96 24.67 24.00 23.26 23.00 23.07 23.82 24.03 24.00 23.93 24.74 23.93 23.93 23.97 23.97 24.23 25.36 24.77 24.77 25.59 23.67 23.74 23.74 24.63 24.10 23.29 22.18 22.71 22.71 21.96 20.85 20.93 20.71 19.93 19.99 19.96 21.03 21.74 23.03 22.85 21.03 19.18 18.96 18.74 17.96 18.00 18.00 16.96 17.03 16.70 17.52 17.52 15.63 15.63 15.70 14.77 12.76 11.46 7.63 6.74 6.00 6.03 5.03 3.99 3.77 2.93 1.32
24.12 23.67 24.73 24.11 24.11 25.05 25.16 24.16 24.61 24.66 24.61 23.99 24.06 24.12 23.00 23.06 22.99 23.55 24.00 24.06 23.99 24.00 23.94 24.45 24.45 25.63 25.73 23.54 23.48 23.42 22.99 22.99 22.99 22.87 23.55 23.62 23.07 22.38 22.38 21.44 20.94 20.94 20.38 19.94 18.99 19.55 20.61 20.93 22.55 21.43 20.49 20.12 18.61 17.93 17.55 18.06 18.06 16.55 16.55 15.48 15.42 15.47 14.48 14.48 14.54 13.65 10.76 8.07 6.54 5.99 6.06 5.61 4.61 3.04 2.43 3.00 1.21
23.50 22.45 22.73 22.78 22.70 23.78 23.34 22.26 23.38 22.59 23.38 23.42 23.42 23.35 23.00 22.42 22.50 23.10 24.07 23.35 23.35 24.07 24.72 25.26 25.26 24.89 23.66 22.23 23.03 23.03 22.35 22.35 22.42 23.07 22.96 22.96 23.00 23.04 23.12 22.25 21.58 21.58 21.04 20.72 19.13 18.88 19.23 21.00 21.96 21.60 20.60 19.35 17.38 18.07 16.96 17.35 17.35 15.96 16.03 14.96 15.03 14.31 13.96 14.03 13.53 11.23 6.92 5.82 5.31 5.35 5.35 4.23 3.23 2.56 2.60 3.00 3.13
21.46 20.32 21.20 21.13 22.03 22.20 22.22 22.05 22.22 22.86 22.22 22.22 22.15 23.05 23.00 21.09 20.26 21.34 23.24 22.98 22.98 23.17 24.19 22.45 22.58 22.24 22.90 22.74 22.10 22.17 21.98 22.05 21.15 22.24 23.00 22.93 22.93 22.93 22.17 23.17 22.98 22.91 20.93 20.12 21.00 19.90 19.81 21.13 22.20 22.22 21.22 19.11 16.15 17.24 17.07 16.98 17.05 16.07 15.17 15.00 14.17 13.98 14.20 13.51 10.70 7.53 6.01 6.00 4.98 4.98 4.98 4.88 3.81 2.95 3.02 3.00 3.00
19.09 20.02 20.06 21.02 21.09 21.09 21.09 21.09 21.09 22.09 21.06 21.03 22.00 22.03 23.03 21.96 20.94 20.97 22.03 23.03 23.00 23.00 24.00 22.96 20.98 23.01 24.07 24.07 23.02 22.02 22.03 21.03 20.97 20.98 23.00 23.97 23.97 23.99 22.02 21.10 21.07 22.06 21.99 20.96 19.04 19.04 20.05 19.10 19.13 19.16 18.16 17.12 16.00 16.03 16.06 17.05 16.06 15.06 15.05 15.03 14.00 14.05 11.21 8.20 7.10 6.03 5.03 6.00 5.00 5.00 5.03 4.04 4.00 3.99 3.00 3.00 3.00
17.96 18.90 18.90 19.83 18.85 18.85 18.85 18.85 18.91 19.85 19.96 21.00 21.94 22.00 21.96 22.00 22.04 22.04 22.00 21.96 22.94 22.93 23.87 22.94 23.09 20.99 19.84 19.84 20.85 20.96 21.02 21.13 22.10 23.08 23.06 24.00 23.94 22.83 20.96 19.96 20.94 20.90 20.90 20.88 20.05 19.07 17.99 17.89 17.89 16.92 15.92 14.92 15.94 15.94 14.96 14.92 14.90 13.83 12.87 13.84 13.75 11.66 6.77 6.89 6.94 6.00 5.06 5.94 5.00 4.94 3.96 4.00 3.94 2.96 3.00 3.00 3.00
17.78 17.71 17.71 17.67 17.95 17.93 18.17 18.17 19.24 19.14 20.00 21.00 20.93 22.00 21.97 21.97 21.97 22.00 22.03 21.78 21.71 22.19 21.88 21.95 22.57 21.64 20.00 20.00 19.93 20.78 22.12 23.17 23.31 23.27 24.17 23.86 22.52 20.74 20.94 20.08 19.86 19.75 19.71 18.59 19.35 19.72 18.91 17.17 16.93 16.78 15.78 15.00 14.95 14.95 15.00 14.81 13.76 11.67 11.31 11.26 9.55 7.52 5.93 5.93 5.93 6.00 6.07 4.93 5.03 3.93 4.00 3.78 2.93 3.00 3.00 3.00 3.00
