Instances/ChoctawhatcheeBay/GMRTv3_3_20170611topo.asc
ncols 532
nrows 216
xllcorner -86.6590576171875
yllcorner 30.311245603935006
cellsize 0.0010986328125
nodata_value -2147483648
[rows 102 to 135 of 216, columns 154 to 230 of 532]
-11.91 -11.91 -11.00 -11.00 -10.95 -11.00 -11.00 -11.00 -11.00 -11.00 -11.00 -11.00 -11.00 -11.00 -11.00 -11.00 -11.00 -11.01 -10.91 -11.01 -9.95 -10.00 -10.00 -10.00 -10.00 -10.00 -10.00 -10.00 -10.00 -10.00 -10.00 -10.00 -10.00 -10.00 -10.00 -10.00 -10.00 -10.00 -10.00 -10.00 -10.00 -10.00 -8.99 -10.00 -9.95 -9.95 -10.91 -10.91 -10.91 -10.91 -10.91 -10.91 -10.91 -9.95 -10.91 -9.95 -9.95 -9.95 -9.95 -10.00 -10.00 -10.00 -10.00 -10.00 -10.00 -10.01 -10.01 -9.91 -9.91 -9.91 -9.91 -8.95 -9.91 -8.95 -8.95 -8.95 -9.91
-12.00 -11.99 -11.00 -11.01 -12.01 -11.00 -11.00 -11.00 -11.00 -11.00 -11.00 -11.00 -11.00 -11.00 -11.00 -11.00 -11.00 -11.00 -11.00 -11.00 -11.01 -10.00 -10.00 -10.00 -10.00 -10.00 -10.00 -10.00 -10.00 -10.00 -10.00 -10.00 -10.00 -10.00 -10.00 -10.00 -10.00 -10.00 -10.00 -10.00 -10.00 -10.00 -9.00 -10.01 -11.01 -11.01 -11.00 -11.00 -11.00 -11.00 -11.00 -11.00 -11.00 -11.01 -11.00 -11.01 -11.01 -11.01 -11.01 -10.01 -10.01 -10.00 -10.00 -10.00 -10.00 -10.00 -10.00 -10.00 -10.00 -10.00 -10.00 -10.01 -10.00 -10.01 -10.01 -10.01 -10.00
-12.00 -10.94 -11.00 -12.06 -11.85 -11.14 -11.00 -11.00 -11.00 -11.00 -11.00 -11.00 -11.00 -11.00 -11.00 -11.00 -11.00 -11.00 -11.00 -11.00 -11.00 -10.00 -10.00 -10.00 -10.00 -10.00 -10.00 -10.00 -10.00 -10.00 -10.00 -10.00 -10.00 -10.00 -10.00 -10.00 -10.00 -10.00 -10.00 -10.00 -10.00 -10.00 -9.16 -11.07 -11.00 -11.00 -11.00 -11.00 -11.00 -11.00 -11.00 -11.00 -11.00 -11.00 -11.00 -11.00 -11.00 -11.00 -11.00 -11.06 -11.06 -10.14 -10.00 -10.00 -10.00 -10.00 -10.00 -10.00 -10.00 -10.00 -10.00 -10.00 -10.00 -10.00 -10.00 -10.00 -10.00
-12.04 -11.00 -11.00 -12.00 -11.23 -12.07 -11.00 -11.00 -11.00 -11.00 -11.00 -11.00 -11.00 -11.00 -11.00 -11.00 -11.00 -11.00 -11.00 -11.00 -11.04 -10.00 -10.00 -10.00 -10.00 -10.00 -10.00 -10.00 -10.00 -10.00 -10.00 -10.00 -10.00 -10.00 -10.00 -10.00 -10.00 -10.00 -10.00 -10.00 -10.00 -10.04 -9.42 -10.69 -11.00 -11.00 -11.00 -11.00 -11.00 -11.00 -11.00 -11.00 -11.00 -11.00 -11.00 -11.00 -11.00 -11.00 -11.00 -11.00 -11.00 -11.07 -10.00 -10.00 -10.00 -10.00 -10.00 -10.00 -10.00 -10.00 -10.00 -10.00 -10.00 -10.00 -10.00 -10.00 -10.00
-11.50 -11.00 -11.00 -12.06 -12.06 -12.06 -11.00 -11.00 -11.00 -11.00 -11.00 -11.00 -11.00 -11.00 -11.00 -11.00 -11.00 -11.06 -11.06 -11.06 -10.50 -10.00 -10.00 -10.00 -10.00 -10.00 -10.00 -10.00 -10.00 -10.00 -10.00 -10.00 -10.00 -10.00 -10.00 -10.00 -10.00 -10.00 -10.00 -10.00 -10.00 -9.43 -8.38 -9.94 -11.06 -11.00 -11.00 -11.00 -11.00 -11.00 -11.00 -11.00 -11.00 -11.00 -11.00 -11.00 -11.00 -11.00 -11.00 -11.06 -11.06 -11.06 -10.00 -10.00 -10.00 -10.00 -10.00 -10.00 -10.00 -10.00 -10.00 -10.00 -10.00 -10.06 -10.00 -10.06 -10.06
-10.96 -11.00 -11.00 -11.30 -12.07 -11.30 -11.00 -11.00 -11.00 -11.00 -11.00 -11.00 -11.00 -11.00 -11.07 -11.07 -11.07 -10.30 -10.30 -10.30 -9.96 -10.00 -10.00 -10.00 -10.00 -10.00 -10.00 -10.00 -10.00 -10.00 -10.00 -10.00 -10.00 -10.00 -10.00 -10.00 -10.00 -10.00 -10.00 -10.00 -10.00 -9.74 -9.11 -10.00 -10.30 -11.07 -11.07 -11.00 -11.00 -11.00 -11.00 -11.00 -11.00 -11.00 -11.00 -11.00 -11.00 -11.07 -11.07 -10.30 -10.30 -10.30 -10.00 -10.00 -10.00 -10.00 -10.00 -10.00 -10.00 -10.00 -10.00 -10.00 -10.07 -9.30 -10.00 -9.30 -9.30
-11.00 -11.06 -11.06 -11.05 -11.25 -11.11 -11.06 -11.06 -11.06 -11.06 -11.06 -11.06 -11.06 -11.06 -10.13 -10.13 -10.13 -9.99 -9.99 -9.99 -10.00 -10.00 -10.00 -10.00 -10.00 -10.00 -10.00 -10.00 -10.00 -10.00 -10.00 -10.00 -10.00 -10.00 -10.00 -10.00 -10.00 -10.00 -10.00 -10.00 -10.00 -9.08 -8.07 -10.00 -9.99 -10.13 -10.13 -11.06 -11.06 -11.00 -11.00 -11.00 -11.00 -11.00 -11.00 -11.06 -11.06 -10.13 -10.13 -9.99 -9.99 -9.99 -10.00 -10.00 -10.00 -10.00 -10.00 -10.00 -10.06 -10.06 -10.06 -10.06 -9.13 -8.99 -10.06 -8.99 -8.99
-11.00 -10.01 -10.01 -10.03 -9.04 -9.04 -10.03 -10.02 -10.01 -10.01 -10.01 -10.01 -10.01 -10.01 -10.00 -10.00 -10.00 -10.00 -10.00 -10.00 -10.00 -10.00 -10.00 -10.00 -10.00 -10.00 -10.00 -10.00 -10.00 -10.00 -10.00 -10.00 -10.00 -10.00 -10.00 -10.00 -10.00 -10.00 -10.00 -10.01 -10.01 -10.00 -8.99 -10.00 -10.00 -10.00 -10.00 -10.01 -10.01 -11.00 -11.00 -11.00 -11.01 -11.01 -11.01 -10.01 -10.01 -10.00 -10.00 -10.01 -10.01 -10.01 -10.01 -10.01 -10.00 -10.01 -10.01 -10.01 -9.01 -9.01 -9.01 -9.01 -9.00 -9.00 -9.01 -9.00 -9.00
-10.95 -9.64 -9.54 -7.51 -5.65 -5.75 -7.71 -8.87 -9.92 -10.01 -10.01 -10.00 -10.00 -10.00 -10.00 -10.00 -10.00 -10.00 -10.00 -10.00 -10.00 -10.00 -10.00 -10.00 -10.00 -10.00 -10.00 -10.01 -10.01 -10.01 -10.01 -10.01 -9.90 -9.90 -9.90 -9.90 -9.90 -9.90 -9.90 -8.95 -8.95 -8.95 -9.01 -9.90 -9.90 -9.90 -10.01 -10.00 -10.00 -10.91 -10.94 -10.72 -9.86 -9.86 -9.86 -9.90 -9.90 -9.90 -9.90 -8.95 -8.95 -8.95 -8.95 -8.95 -9.90 -8.95 -8.95 -8.95 -9.00 -9.00 -9.00 -9.00 -9.00 -9.00 -9.00 -9.00 -9.00
-8.40 -4.70 -3.85 -3.48 -3.88 -4.96 -5.59 -7.44 -8.44 -9.80 -9.74 -10.03 -10.03 -10.03 -10.03 -10.00 -10.03 -10.00 -10.00 -10.00 -10.00 -10.00 -10.03 -10.03 -10.03 -10.03 -10.03 -9.74 -9.74 -9.74 -9.74 -9.74 -8.93 -8.93 -8.93 -8.93 -8.93 -8.93 -8.93 -9.00 -9.00 -9.00 -8.74 -8.93 -8.93 -8.93 -9.74 -10.00 -10.06 -9.79 -8.95 -7.29 -8.70 -8.67 -8.67 -8.96 -8.96 -8.96 -8.96 -9.03 -9.03 -9.00 -9.00 -9.00 -8.93 -9.00 -9.00 -9.00 -9.03 -9.00 -9.00 -9.00 -9.00 -9.00 -9.00 -9.00 -9.00
-3.15 -1.28 -1.86 -2.54 -3.61 -4.61 -4.99 -5.41 -6.47 -8.09 -8.99 -9.55 -9.55 -9.55 -9.55 -10.06 -9.55 -10.06 -10.06 -10.00 -10.06 -10.06 -9.55 -9.55 -9.55 -9.55 -9.55 -8.93 -8.93 -8.93 -8.93 -8.93 -9.00 -9.00 -9.00 -9.00 -9.00 -9.00 -9.00 -9.00 -9.00 -9.06 -7.99 -9.00 -9.00 -9.00 -8.93 -10.06 -9.21 -7.18 -4.83 -5.41 -7.54 -7.99 -7.93 -8.55 -8.55 -8.55 -8.55 -8.55 -8.55 -9.06 -9.06 -9.06 -9.00 -9.06 -9.00 -9.00 -8.55 -9.00 -9.06 -9.06 -9.06 -9.06 -9.06 -9.06 -9.06
-3.03 -0.96 -1.35 -1.31 -2.38 -3.38 -4.42 -5.03 -5.31 -6.26 -8.42 -9.03 -8.96 -8.96 -8.96 -9.35 -8.96 -9.35 -9.35 -10.00 -9.35 -9.35 -8.96 -8.96 -8.96 -8.96 -8.96 -9.00 -9.00 -9.00 -9.00 -9.00 -9.00 -9.00 -9.00 -9.00 -9.00 -9.00 -9.00 -9.00 -9.00 -8.42 -7.20 -9.00 -9.00 -9.00 -9.00 -9.57 -6.83 -4.17 -3.91 -5.03 -6.38 -7.42 -8.07 -7.96 -7.96 -7.96 -7.96 -7.96 -7.96 -8.35 -8.35 -8.35 -9.07 -8.35 -9.07 -9.07 -7.96 -9.07 -8.35 -8.35 -8.35 -8.35 -8.35 -8.35 -8.35
-2.24 -1.00 -0.98 -0.98 -1.15 -2.22 -3.29 -4.24 -5.05 -6.05 -7.29 -8.31 -9.13 -9.07 -9.07 -9.05 -9.07 -8.98 -8.98 -10.07 -8.98 -8.98 -9.00 -9.00 -9.00 -9.00 -9.00 -9.00 -9.00 -9.00 -9.00 -9.00 -9.00 -9.00 -9.00 -9.00 -9.00 -9.00 -9.00 -9.00 -9.00 -7.02 -8.64 -9.00 -9.00 -9.00 -9.07 -6.63 -3.48 -4.05 -4.07 -4.17 -5.15 -6.15 -7.24 -8.07 -8.00 -8.00 -8.00 -8.00 -8.00 -7.98 -7.98 -7.98 -8.17 -7.98 -8.17 -8.17 -8.00 -8.17 -7.98 -7.98 -7.98 -7.98 -7.98 -7.98 -7.98
-1.03 -1.00 -1.00 -1.00 -1.00 -1.03 -1.07 -3.09 -4.09 -5.09 -5.09 -6.09 -7.12 -8.11 -8.09 -8.06 -8.06 -9.05 -9.03 -9.04 -9.00 -9.00 -9.00 -9.00 -9.00 -9.00 -9.00 -9.00 -9.00 -9.00 -9.00 -9.00 -9.00 -9.00 -9.00 -9.00 -9.00 -9.00 -9.00 -9.00 -9.00 -8.98 -9.03 -9.03 -9.03 -9.03 -8.09 -4.09 -3.02 -3.06 -3.04 -4.02 -5.02 -6.02 -6.03 -7.06 -8.03 -8.03 -8.00 -8.00 -8.00 -8.00 -8.00 -8.00 -8.00 -8.00 -8.00 -8.00 -8.00 -8.00 -8.00 -8.00 -8.00 -8.00 -8.00 -8.00 -8.00
-1.00 -1.00 -1.00 -1.00 -1.00 -1.00 -1.00 -0.92 -1.86 -2.86 -3.90 -4.90 -4.86 -4.81 -5.86 -6.90 -6.90 -6.92 -7.90 -8.94 -8.94 -9.00 -9.00 -9.00 -9.00 -9.00 -9.00 -9.00 -9.00 -9.00 -9.00 -8.94 -9.00 -8.94 -9.00 -9.00 -9.00 -9.00 -8.94 -8.94 -9.00 -6.92 -7.97 -7.96 -7.90 -7.84 -5.80 -2.90 -1.96 -1.96 -2.94 -2.96 -3.96 -4.90 -5.94 -5.96 -6.90 -6.96 -7.94 -8.00 -8.00 -8.00 -8.00 -8.00 -8.00 -8.00 -8.00 -8.00 -8.00 -8.00 -8.00 -8.00 -8.00 -8.00 -8.00 -8.00 -8.00
-1.00 -1.00 -1.02 -1.00 -1.00 -1.00 -1.00 -1.00 -0.93 -1.72 -2.74 -3.74 -3.95 -3.93 -4.95 -5.74 -5.72 -6.81 -6.95 -7.72 -7.95 -8.79 -8.79 -9.02 -8.79 -8.79 -8.79 -8.79 -8.79 -8.79 -8.79 -7.93 -8.79 -7.98 -8.81 -8.79 -8.79 -8.79 -7.93 -7.95 -8.81 -6.79 -7.57 -7.81 -6.74 -5.69 -3.43 -1.72 -1.79 -2.00 -1.93 -2.79 -3.81 -3.93 -4.95 -6.02 -5.93 -6.79 -6.95 -7.79 -8.02 -8.00 -8.00 -8.00 -8.00 -8.00 -8.00 -8.00 -8.00 -8.00 -8.00 -8.00 -8.00 -8.00 -8.00 -8.00 -8.00
-1.00 -1.05 -0.70 -1.05 -1.05 -1.00 -1.00 -1.00 -1.00 -0.93 -1.53 -2.58 -3.70 -4.05 -4.65 -4.53 -4.98 -5.53 -6.65 -6.98 -7.60 -7.98 -7.98 -8.60 -7.93 -7.93 -7.93 -7.98 -7.98 -7.98 -7.98 -8.05 -7.98 -7.15 -7.53 -7.98 -7.98 -7.98 -8.05 -7.65 -7.58 -5.93 -5.91 -6.58 -5.58 -4.18 -1.91 -0.93 -0.93 -2.00 -2.00 -1.93 -2.53 -4.05 -4.60 -5.65 -6.05 -5.93 -6.60 -6.98 -7.60 -8.05 -8.00 -8.05 -8.00 -8.00 -8.00 -8.00 -8.00 -8.00 -8.00 -8.00 -8.00 -8.00 -8.00 -8.00 -8.00
-1.00 -0.47 1.25 -0.61 -0.44 -1.11 -1.07 -1.00 -1.00 -1.00 -0.95 -1.35 -1.75 -3.54 -3.42 -4.02 -4.40 -5.02 -5.35 -6.40 -7.02 -7.47 -7.40 -8.02 -8.07 -8.07 -8.07 -7.40 -7.40 -7.40 -7.40 -7.40 -7.40 -6.57 -7.02 -7.47 -7.47 -7.40 -7.47 -6.35 -6.35 -6.00 -5.40 -5.42 -4.49 -2.37 -1.40 -1.00 -1.00 -2.00 -2.00 -2.00 -1.95 -3.47 -4.02 -4.35 -5.40 -6.07 -5.95 -6.40 -6.95 -7.40 -8.07 -7.40 -8.00 -8.07 -8.00 -8.00 -8.00 -8.00 -8.00 -8.00 -8.00 -8.00 -8.00 -8.00 -8.00
-0.86 0.78 2.05 2.38 0.23 0.08 -0.33 -1.07 -1.00 -1.00 -1.00 -0.97 -0.95 -1.41 -2.26 -3.29 -4.12 -4.29 -5.05 -6.12 -6.29 -6.19 -7.05 -7.29 -7.29 -7.29 -7.22 -6.97 -6.97 -7.05 -7.05 -7.05 -7.05 -6.24 -6.22 -6.19 -6.19 -7.05 -6.19 -5.97 -5.97 -6.14 -5.12 -4.26 -2.48 -1.19 -0.97 -1.00 -1.00 -2.07 -2.00 -2.00 -2.00 -2.19 -3.22 -3.97 -5.05 -5.22 -6.07 -5.97 -7.07 -6.97 -7.22 -6.97 -8.07 -7.22 -8.07 -8.07 -8.00 -8.00 -8.00 -8.07 -8.00 -8.00 -8.00 -8.00 -8.00
-2.87 1.51 1.96 2.97 3.78 2.81 1.36 -0.17 -1.14 -1.00 -1.04 -1.00 -1.00 -0.99 -1.06 -2.10 -2.17 -3.10 -4.15 -4.17 -5.10 -6.04 -6.11 -6.06 -6.06 -6.06 -7.04 -7.04 -7.04 -6.07 -6.07 -6.07 -6.07 -6.00 -6.00 -6.00 -6.00 -6.07 -6.04 -6.04 -6.08 -4.17 -3.17 -3.10 -1.06 -1.00 -1.00 -1.00 -1.00 -1.07 -2.04 -2.04 -2.04 -2.00 -3.04 -4.04 -4.07 -5.04 -5.07 -6.04 -6.07 -7.04 -7.04 -7.00 -7.07 -7.00 -7.07 -7.07 -8.04 -8.04 -8.04 -7.07 -8.04 -8.00 -8.00 -8.00 -8.00
-3.00 -2.09 3.03 4.03 4.00 4.03 4.06 2.63 2.49 -0.86 -0.02 -0.97 -1.00 -1.00 -1.00 -0.97 -0.97 -1.94 -1.92 -2.94 -3.91 -4.91 -4.95 -5.94 -5.97 -5.97 -5.94 -5.94 -5.94 -5.97 -5.97 -5.97 -5.97 -5.97 -5.97 -5.97 -5.97 -5.93 -4.94 -4.91 -3.88 -2.94 -1.94 -1.94 -1.00 -1.00 -1.00 -1.00 -1.00 -1.00 -0.97 -0.97 -0.97 -2.00 -1.97 -2.94 -3.97 -3.98 -4.97 -4.94 -5.97 -5.94 -5.98 -6.97 -6.97 -7.00 -7.00 -7.00 -6.97 -6.97 -6.97 -7.00 -6.97 -7.97 -7.97 -7.97 -7.97
-3.17 -2.00 3.07 4.00 4.00 3.98 4.17 5.17 3.69 3.41 -0.22 -0.02 -0.83 -1.02 -1.00 -1.00 -1.02 -0.93 -0.93 -1.76 -1.70 -2.53 -3.43 -3.55 -4.44 -4.63 -4.63 -4.82 -4.80 -4.80 -4.80 -4.80 -4.80 -4.80 -4.82 -4.82 -4.63 -3.73 -3.61 -2.53 -1.70 -1.76 -0.93 -0.93 -1.00 -1.00 -1.00 -1.00 -1.00 -1.00 -1.00 -1.00 -1.00 -2.02 -2.00 -1.93 -2.76 -3.85 -3.76 -3.95 -4.76 -4.95 -5.85 -5.78 -5.95 -6.85 -6.85 -6.83 -7.02 -7.02 -7.02 -7.02 -7.02 -6.97 -6.97 -6.99 -6.97
-4.07 -1.96 1.29 3.96 3.96 4.35 5.07 5.00 4.77 3.33 3.96 1.65 -0.06 -0.87 -1.24 -1.04 -0.65 -1.04 -1.04 -0.93 -0.93 -0.85 -0.78 -1.51 -1.43 -2.16 -2.16 -2.88 -3.28 -3.28 -3.28 -3.28 -3.28 -3.28 -2.88 -2.88 -2.16 -2.23 -1.51 -0.85 -0.93 -0.93 -1.00 -1.00 -1.00 -1.00 -1.00 -1.00 -1.00 -1.00 -1.00 -1.00 -1.00 -1.65 -2.00 -2.00 -1.93 -2.58 -2.97 -3.70 -3.97 -4.70 -4.58 -4.58 -5.70 -5.62 -5.58 -5.97 -6.70 -6.70 -6.70 -6.74 -6.78 -6.39 -6.39 -6.05 -6.39
-4.07 -2.55 3.19 4.61 4.55 5.06 5.00 4.93 3.81 3.92 2.88 3.97 1.64 2.81 2.11 -0.79 -0.24 -0.65 -0.70 -1.07 -1.07 -1.00 -1.00 -0.94 -0.94 -0.88 -0.88 -0.83 -1.34 -1.34 -1.34 -1.34 -1.34 -1.34 -0.83 -0.83 -0.88 -0.88 -0.94 -1.00 -1.00 -1.00 -1.00 -1.00 -1.00 -1.00 -1.07 -1.06 -1.06 -1.00 -1.00 -1.00 -1.00 -0.94 -2.00 -2.00 -2.00 -1.94 -2.45 -2.40 -3.52 -3.46 -4.01 -4.01 -4.40 -4.40 -5.01 -5.52 -5.53 -5.60 -5.60 -4.99 -4.37 -3.86 -3.86 -2.74 -3.86
-3.34 -3.11 -0.15 4.22 5.03 5.00 4.93 5.74 5.47 5.47 3.66 2.88 3.02 3.64 3.50 3.72 3.37 2.17 2.71 -0.56 -0.26 -1.00 -1.00 -1.00 -1.00 -1.07 -1.07 -1.07 -1.04 -1.04 -0.97 -0.97 -1.04 -1.04 -1.00 -1.00 -1.00 -1.00 -1.00 -1.00 -1.00 -1.00 -1.00 -1.00 -1.07 -1.00 -0.31 -0.39 -0.37 -1.00 -1.00 -1.00 -1.00 -1.00 -2.07 -2.00 -2.00 -2.00 -1.97 -1.97 -2.23 -2.23 -3.34 -3.34 -4.04 -4.12 -4.41 -4.38 -3.64 -2.83 -2.83 -2.53 -2.17 -2.20 -2.20 -1.94 -2.20
-2.60 -2.10 4.38 5.26 4.88 5.00 5.95 6.01 6.02 6.02 4.86 3.90 3.90 2.98 3.89 5.10 4.09 3.93 4.00 3.61 -0.26 -1.26 -1.32 -1.32 -1.00 -0.05 -0.10 -0.05 -0.05 -0.05 -1.00 -1.00 -0.05 -0.05 -1.00 -1.00 -1.00 -1.00 -0.95 -1.00 -1.26 -1.05 -1.05 -1.32 -0.31 -1.00 0.50 0.50 0.51 -1.05 -1.00 -1.00 -1.00 -1.00 -1.10 -2.00 -2.00 -2.00 -2.00 -2.00 -1.99 -1.99 -2.09 -2.09 -3.21 -2.25 -2.25 -2.25 -1.18 -1.07 -1.07 -1.08 -1.99 -1.99 -1.99 -2.00 -1.99
7.65 -1.95 1.95 -2.05 7.30 4.99 4.99 6.00 6.00 6.00 6.01 4.02 4.00 3.01 4.00 3.99 4.00 4.00 4.00 3.99 5.02 4.03 5.04 5.05 -0.93 -0.94 0.05 -0.95 -0.94 -0.95 -0.94 -0.95 -0.99 -0.99 -0.98 -1.00 -1.00 -1.01 -2.02 -1.00 4.07 0.06 0.05 5.04 4.04 -0.98 1.36 1.36 1.35 0.02 -1.00 -1.00 -1.00 -1.00 -1.00 -1.99 -1.99 -2.00 -1.99 -1.99 -1.99 -1.99 -1.99 -1.99 -0.99 -0.99 -0.99 -0.99 -1.00 -1.00 -1.00 -1.00 -1.99 -1.99 -2.00 -2.00 -2.00
3.79 4.36 -1.96 -2.01 -3.59 3.36 4.89 5.90 6.01 6.01 6.00 6.12 4.11 4.03 3.97 4.00 4.00 4.00 4.00 3.07 2.87 2.94 3.81 5.68 7.90 7.90 5.97 6.05 8.61 7.54 6.98 6.05 2.17 1.91 1.86 -0.59 -1.29 -2.07 -3.03 0.34 8.44 7.35 5.59 4.96 4.75 2.35 2.20 2.50 2.21 2.23 -0.54 -1.05 -1.01 -1.00 -1.00 -0.94 -0.94 -1.87 -0.94 -0.94 -0.94 -0.94 -0.94 -0.94 -1.00 -1.00 -1.00 -1.00 -1.00 -1.00 -1.00 -1.00 -0.94 -0.94 -1.87 -1.87 -2.01
4.00 3.89 -0.74 -1.96 0.45 1.48 3.67 4.41 5.85 5.81 6.04 6.04 5.37 4.59 4.59 3.93 4.00 4.00 4.00 4.07 3.30 3.00 2.93 2.78 2.63 2.63 2.78 2.44 6.18 5.48 2.37 2.44 2.79 1.61 1.97 2.75 -2.39 -1.88 0.60 8.33 7.33 4.44 6.33 5.96 4.04 4.17 4.46 5.84 3.12 2.97 3.09 0.10 -0.96 -1.00 -1.00 -1.04 -1.00 -0.93 -1.00 -1.00 -1.00 -1.00 -1.00 -1.00 -1.04 -1.00 -1.00 -1.04 -1.00 -1.00 -1.00 -1.00 -1.00 -1.00 -0.93 -0.93 -1.70
4.00 5.47 1.81 2.57 6.57 6.38 2.38 1.83 2.85 3.46 5.51 5.57 6.06 6.13 6.13 4.98 4.00 4.00 4.00 4.00 4.06 3.00 3.00 3.00 3.00 3.00 3.00 2.43 2.11 2.17 2.43 2.37 1.57 2.16 1.83 3.71 2.24 1.30 4.54 2.70 2.19 0.68 2.89 7.27 7.31 7.38 8.45 6.76 2.86 3.94 3.82 5.51 3.57 -1.31 -1.30 -0.73 -1.18 -1.25 -1.24 -1.31 -1.06 -1.37 -1.00 -1.00 -0.51 -1.06 -1.06 -0.76 -1.06 -1.06 -1.06 -1.06 -1.06 -1.06 -1.06 -1.06 -0.94
4.00 7.27 6.54 5.66 5.31 6.07 2.65 1.46 2.14 1.88 5.11 4.35 6.07 6.00 6.00 6.08 3.85 3.93 4.00 4.00 4.00 2.93 3.00 3.00 3.00 3.07 3.15 3.11 3.04 2.89 2.74 3.65 6.27 7.02 3.91 1.07 0.94 4.20 1.64 1.92 1.27 1.00 1.16 5.16 6.31 5.85 6.92 4.73 1.25 1.97 1.86 5.24 6.69 2.39 2.26 2.69 1.14 1.95 1.68 2.51 -0.46 3.20 -1.30 -1.30 -0.15 -0.50 -0.39 2.90 -0.61 -0.49 -0.46 -0.46 -0.68 -0.76 -0.61 -0.31 -1.07
3.88 5.28 3.36 4.06 4.99 5.14 2.83 3.61 3.83 1.88 3.22 3.13 5.20 6.06 6.06 6.00 5.72 4.80 4.00 4.00 4.00 3.86 3.00 3.00 3.00 2.08 1.16 2.14 2.94 4.66 6.50 5.00 6.55 6.59 2.29 1.67 4.38 4.70 4.35 2.00 0.99 1.00 1.72 5.78 6.11 2.45 2.53 2.25 0.99 0.96 1.76 2.11 4.87 4.42 4.41 1.41 1.12 1.29 2.17 3.27 1.73 4.35 2.56 2.56 2.20 2.21 0.73 2.77 3.50 2.00 1.73 1.80 4.50 5.17 3.33 -0.17 -0.22
5.96 5.00 3.98 5.00 5.00 5.00 5.97 5.97 4.97 3.96 3.97 2.99 4.03 5.04 5.04 6.03 6.01 5.98 3.99 4.00 4.00 4.00 2.99 3.00 3.00 2.98 2.97 1.99 4.00 6.03 6.06 3.03 3.05 2.05 1.99 2.00 1.02 5.32 5.27 2.00 1.00 1.00 4.00 7.03 4.07 1.01 2.00 2.00 0.99 1.00 3.01 3.97 3.00 4.86 1.99 1.00 2.00 1.98 2.00 2.02 2.00 2.03 1.02 1.02 3.30 3.30 3.27 3.27 3.23 3.05 2.00 1.02 2.06 6.06 6.01 2.98 1.27
6.87 5.00 4.00 3.95 5.00 5.10 4.94 5.90 6.05 5.05 5.05 4.14 3.05 2.99 2.99 3.81 4.77 6.01 5.14 3.99 4.00 4.00 4.05 3.09 2.99 2.99 3.00 3.05 2.95 2.85 2.85 3.01 3.09 3.13 3.04 2.27 4.25 3.94 4.99 1.98 0.98 0.97 1.98 3.67 0.85 0.99 1.99 1.99 2.14 1.09 0.89 4.09 5.12 5.04 5.27 1.10 0.95 2.01 2.00 2.00 2.00 2.00 2.05 2.05 0.98 0.89 0.98 1.08 0.89 3.59 1.91 0.99 0.94 1.71 2.67 0.89 1.95
