Instances/ChoctawhatcheeBay/GMRTv3_3_20170611topo.asc
ncols 532
nrows 216
xllcorner -86.6590576171875
yllcorner 30.311245603935006
cellsize 0.0010986328125
nodata_value -2147483648
[rows 170 to 203 of 216, columns 0 to 76 of 532]
-20.00 -20.00 -20.00 -20.82 -21.00 -21.00 -22.00 -22.74 -20.96 -19.96 -20.00 -20.00 -20.00 -20.00 -20.00 -20.00 -20.00 -20.00 -20.00 -20.00 -20.00 -20.82 -20.00 -20.00 -20.00 -20.00 -20.00 -20.82 -20.00 -20.00 -20.00 -20.00 -20.00 -20.00 -20.00 -20.00 -20.29 -20.29 -20.00 -20.29 -20.29 -19.97 -19.97 -19.93 -21.00 -21.00 -21.00 -21.00 -20.97 -20.97 -20.97 -20.97 -21.00 -22.07 -22.00 -22.29 -21.74 -21.67 -20.93 -20.96 -21.00 -21.00 -21.00 -21.97 -22.00 -21.00 -20.26 -21.00 -21.26 -22.33 -22.33 -21.26 -20.00 -20.00 -20.06 -20.06 -19.74
-20.00 -20.00 -20.00 -20.10 -21.00 -21.00 -22.00 -23.01 -21.85 -20.90 -20.00 -20.00 -20.00 -20.00 -20.00 -20.00 -20.00 -20.00 -20.00 -20.00 -20.00 -20.10 -20.00 -20.00 -20.00 -20.00 -20.00 -20.10 -20.00 -20.00 -20.00 -20.00 -20.00 -20.00 -20.00 -20.00 -19.99 -19.99 -20.00 -19.94 -19.94 -19.95 -19.95 -20.90 -21.00 -21.00 -21.00 -21.00 -21.00 -21.00 -21.00 -21.00 -21.00 -21.04 -22.00 -21.99 -22.01 -22.91 -21.85 -21.85 -20.95 -21.00 -21.00 -22.00 -22.00 -20.95 -19.94 -21.00 -20.99 -21.09 -21.09 -21.04 -20.00 -20.00 -20.00 -20.00 -20.01
-20.00 -20.00 -20.00 -20.00 -21.00 -21.00 -22.00 -23.00 -23.01 -21.01 -20.00 -20.00 -20.00 -20.00 -20.00 -20.00 -20.00 -20.00 -20.00 -20.00 -20.00 -20.00 -20.00 -20.00 -20.00 -20.00 -20.00 -20.00 -20.00 -20.00 -20.00 -20.00 -20.00 -20.00 -20.01 -20.00 -20.00 -20.00 -20.00 -21.01 -21.01 -21.01 -21.01 -21.00 -21.00 -21.00 -21.00 -21.00 -21.00 -21.00 -21.00 -21.00 -21.00 -22.00 -22.00 -22.00 -22.00 -22.99 -23.00 -23.01 -22.02 -21.01 -21.01 -22.00 -22.00 -22.02 -21.01 -21.00 -21.00 -21.00 -20.99 -19.99 -20.00 -20.00 -20.00 -20.00 -20.00
-20.00 -20.00 -20.00 -20.13 -21.00 -21.00 -21.87 -22.87 -23.00 -22.18 -20.12 -19.99 -20.00 -20.00 -20.00 -20.00 -20.00 -20.00 -20.00 -20.00 -20.00 -20.00 -20.00 -20.00 -20.00 -20.00 -20.00 -20.00 -20.00 -20.00 -20.00 -20.00 -20.00 -20.00 -20.93 -20.00 -20.14 -20.00 -20.13 -21.00 -21.00 -21.00 -21.00 -21.00 -21.00 -21.00 -21.00 -21.00 -21.00 -21.00 -21.00 -21.00 -20.99 -20.94 -21.86 -22.00 -22.00 -21.94 -21.94 -22.87 -23.07 -22.19 -22.19 -22.00 -22.00 -23.06 -21.25 -20.97 -20.99 -21.00 -19.93 -20.00 -20.00 -19.87 -19.87 -19.87 -20.01
-20.00 -20.00 -20.00 -21.07 -21.00 -21.00 -20.93 -21.93 -23.04 -23.41 -21.38 -20.30 -20.00 -20.00 -20.00 -20.00 -20.00 -20.00 -20.00 -20.00 -19.96 -19.96 -20.00 -20.00 -20.00 -20.00 -20.00 -20.00 -20.00 -20.00 -20.00 -20.00 -20.00 -20.00 -19.93 -20.00 -20.77 -20.00 -21.07 -21.00 -21.00 -21.00 -21.00 -21.00 -21.00 -21.00 -21.00 -21.00 -21.00 -21.00 -21.00 -21.00 -21.34 -21.00 -21.23 -22.00 -22.00 -22.00 -22.00 -21.93 -22.70 -23.07 -23.07 -21.96 -22.00 -23.04 -23.49 -21.57 -21.26 -20.96 -20.30 -20.00 -20.00 -18.89 -18.89 -18.93 -19.70
-20.00 -20.00 -20.00 -21.06 -21.06 -21.00 -20.94 -22.00 -22.57 -23.57 -22.00 -21.00 -19.94 -20.00 -20.00 -20.00 -20.00 -20.00 -20.00 -20.00 -20.50 -20.50 -20.00 -20.00 -20.00 -20.00 -20.00 -20.00 -20.00 -20.00 -20.00 -20.00 -20.00 -20.00 -19.94 -19.94 -19.88 -19.94 -21.00 -21.00 -21.00 -21.00 -21.00 -21.00 -21.00 -21.00 -21.00 -21.00 -21.00 -21.00 -21.00 -21.00 -21.57 -20.94 -22.06 -22.00 -22.00 -22.00 -22.00 -22.00 -21.94 -23.00 -23.00 -22.50 -21.88 -22.50 -23.63 -23.62 -22.56 -21.43 -21.00 -19.94 -19.94 -19.43 -19.50 -19.00 -18.94
-20.00 -20.00 -20.00 -20.31 -20.24 -21.00 -21.76 -22.00 -21.20 -23.04 -22.69 -21.62 -20.69 -19.93 -20.00 -20.00 -20.00 -20.00 -20.00 -19.93 -21.04 -21.04 -19.93 -19.93 -20.00 -20.00 -20.00 -20.00 -20.00 -20.00 -20.00 -20.00 -20.00 -19.93 -20.69 -20.69 -20.69 -20.69 -21.00 -21.00 -21.00 -21.00 -21.00 -21.00 -21.00 -21.00 -21.00 -21.00 -21.00 -21.00 -20.93 -20.93 -20.89 -21.69 -22.00 -22.00 -22.00 -22.00 -22.00 -22.00 -21.93 -23.00 -23.00 -23.04 -23.38 -21.89 -22.27 -24.11 -23.04 -22.66 -21.54 -20.62 -20.62 -20.66 -19.96 -18.93 -19.00
-20.00 -20.00 -20.00 -19.99 -20.85 -21.00 -21.15 -22.06 -21.85 -22.14 -23.01 -22.88 -20.95 -20.86 -19.94 -19.94 -20.00 -20.00 -19.94 -20.86 -21.00 -21.00 -20.86 -20.86 -19.94 -19.94 -19.94 -20.00 -19.94 -20.00 -20.00 -20.00 -20.00 -20.86 -21.01 -21.01 -21.01 -21.01 -21.00 -21.00 -21.00 -20.94 -20.94 -20.94 -20.94 -20.94 -20.94 -20.94 -20.94 -20.94 -21.86 -21.86 -21.86 -22.01 -22.00 -22.00 -22.00 -22.00 -22.00 -21.94 -22.86 -23.00 -22.94 -23.00 -24.03 -22.86 -21.92 -23.14 -22.94 -23.88 -23.80 -21.88 -21.88 -21.81 -20.74 -19.80 -18.94
-20.00 -20.00 -20.00 -20.00 -21.01 -21.00 -21.00 -21.01 -22.00 -21.99 -23.00 -23.00 -21.97 -20.99 -20.99 -20.99 -19.99 -20.00 -20.99 -21.00 -21.00 -21.00 -21.00 -21.00 -20.99 -20.99 -20.99 -19.99 -21.00 -20.00 -20.00 -20.00 -20.00 -21.00 -21.00 -21.00 -21.00 -21.00 -21.00 -21.00 -21.00 -21.99 -21.99 -21.99 -21.99 -21.99 -21.99 -21.99 -21.99 -21.99 -22.00 -22.00 -22.00 -22.00 -22.00 -22.00 -22.00 -22.00 -22.00 -22.99 -23.00 -23.00 -23.99 -23.00 -24.00 -22.99 -22.97 -22.99 -24.00 -24.00 -23.02 -21.99 -21.99 -22.97 -22.96 -20.97 -19.97
-20.00 -20.00 -20.00 -20.00 -19.94 -21.00 -21.00 -21.00 -22.01 -23.06 -23.00 -23.00 -23.05 -22.14 -21.08 -21.09 -21.04 -20.08 -21.00 -21.00 -21.00 -21.00 -21.00 -21.00 -21.00 -21.00 -21.00 -21.05 -20.04 -20.09 -20.09 -20.09 -20.09 -21.00 -21.00 -21.00 -21.00 -21.00 -21.00 -21.00 -21.00 -22.00 -22.00 -22.00 -22.00 -22.00 -22.00 -22.00 -21.99 -21.99 -21.99 -22.00 -22.00 -22.00 -22.00 -21.99 -21.99 -22.09 -21.99 -23.00 -23.00 -23.00 -24.00 -23.08 -23.99 -24.04 -24.05 -24.05 -23.04 -23.91 -22.91 -22.96 -23.05 -23.96 -24.06 -22.05 -21.05
-20.00 -20.00 -20.00 -20.00 -20.28 -21.03 -21.03 -21.00 -21.75 -22.75 -23.03 -23.00 -23.00 -23.04 -22.29 -22.04 -21.22 -21.32 -20.97 -20.97 -21.00 -21.00 -21.00 -21.00 -21.00 -21.00 -21.00 -21.00 -21.07 -21.07 -21.07 -21.07 -21.07 -21.00 -21.00 -21.00 -21.00 -21.00 -21.00 -21.00 -21.00 -22.00 -22.00 -22.00 -22.00 -22.00 -22.00 -21.97 -22.25 -22.25 -22.25 -21.97 -22.00 -22.00 -22.00 -22.28 -22.28 -23.07 -22.25 -23.00 -23.00 -23.00 -24.00 -24.35 -24.25 -24.25 -24.00 -24.00 -24.07 -22.93 -21.93 -21.93 -23.00 -22.93 -23.72 -22.00 -21.00
-20.00 -20.00 -20.00 -20.00 -20.63 -20.56 -20.51 -21.00 -20.93 -21.99 -22.56 -23.00 -23.00 -23.49 -23.51 -22.44 -22.51 -22.07 -21.44 -21.44 -21.00 -21.00 -21.00 -21.00 -21.00 -20.94 -20.94 -20.94 -20.94 -20.94 -20.94 -20.94 -20.94 -21.00 -21.00 -21.00 -20.94 -20.94 -20.94 -20.94 -20.94 -22.00 -22.00 -22.00 -21.94 -21.94 -21.94 -22.44 -23.07 -23.07 -23.07 -22.44 -21.94 -21.94 -21.94 -22.58 -22.58 -23.00 -23.07 -22.94 -23.00 -23.00 -24.00 -24.63 -25.12 -25.07 -23.94 -23.94 -24.00 -23.00 -22.00 -22.00 -23.06 -23.00 -23.37 -22.00 -21.00
-20.00 -20.00 -20.00 -20.00 -19.95 -19.88 -20.59 -21.07 -21.00 -21.37 -21.95 -23.07 -23.07 -23.41 -24.12 -23.05 -23.05 -21.93 -22.05 -22.05 -21.00 -21.00 -21.00 -21.00 -21.00 -21.71 -21.63 -21.63 -21.63 -21.63 -21.63 -21.63 -21.63 -21.00 -21.00 -20.93 -21.63 -21.63 -21.63 -21.63 -21.63 -22.00 -22.00 -22.00 -22.71 -22.71 -22.63 -23.05 -23.00 -23.00 -23.00 -23.05 -22.63 -22.63 -22.63 -22.59 -22.59 -23.00 -23.00 -23.63 -23.00 -23.00 -24.00 -23.95 -24.44 -25.07 -24.63 -24.63 -23.93 -22.93 -21.93 -22.00 -22.37 -23.00 -24.05 -22.00 -21.07
-20.00 -20.00 -20.00 -20.00 -20.00 -20.88 -21.02 -20.12 -21.00 -20.98 -22.07 -22.18 -22.18 -23.05 -23.18 -23.00 -23.00 -22.82 -21.93 -21.93 -20.93 -21.00 -21.00 -21.00 -21.00 -21.21 -22.02 -22.02 -22.02 -22.02 -22.02 -22.02 -22.02 -20.93 -20.93 -21.82 -22.02 -22.02 -22.02 -22.02 -22.02 -22.00 -22.00 -22.00 -22.21 -22.14 -23.02 -23.00 -23.00 -23.00 -23.00 -23.00 -23.02 -22.95 -23.02 -23.02 -23.02 -23.00 -23.00 -24.02 -22.93 -22.93 -24.00 -24.00 -23.10 -24.18 -25.02 -25.02 -24.82 -23.75 -22.82 -22.00 -21.91 -23.00 -24.07 -22.00 -20.18
-20.00 -20.00 -20.00 -20.00 -20.00 -20.05 -21.00 -20.95 -21.00 -21.00 -21.04 -22.03 -22.00 -22.04 -23.03 -23.03 -23.00 -23.00 -22.96 -22.96 -21.96 -20.97 -21.00 -21.00 -21.00 -21.00 -22.00 -22.00 -22.00 -22.00 -22.00 -22.00 -22.00 -21.96 -21.96 -22.00 -22.00 -22.00 -22.00 -22.00 -22.00 -22.00 -22.00 -22.00 -22.00 -22.95 -23.00 -23.00 -23.00 -23.00 -22.97 -22.97 -22.97 -23.99 -23.00 -22.97 -22.97 -22.97 -22.97 -24.00 -23.96 -23.96 -24.00 -24.00 -23.95 -23.97 -25.00 -25.03 -25.00 -24.93 -23.00 -21.97 -22.96 -23.00 -23.01 -21.97 -19.97
-20.00 -20.00 -20.00 -20.00 -20.00 -20.05 -21.00 -21.00 -21.00 -21.00 -21.00 -20.96 -21.95 -22.00 -21.96 -21.96 -22.95 -22.95 -22.95 -22.95 -22.00 -22.04 -21.05 -21.00 -21.00 -21.00 -22.00 -22.00 -22.00 -22.00 -22.00 -22.00 -22.05 -22.00 -22.00 -22.00 -22.00 -22.00 -22.00 -22.00 -22.00 -22.05 -22.00 -22.00 -22.05 -23.00 -23.00 -23.00 -23.00 -23.00 -24.04 -24.04 -24.04 -23.02 -23.05 -24.04 -24.04 -24.04 -24.04 -24.00 -24.00 -24.00 -24.05 -24.05 -24.05 -25.04 -24.95 -23.97 -25.00 -25.99 -23.06 -23.04 -23.00 -23.00 -23.98 -23.03 -21.14
-20.00 -20.00 -20.00 -20.00 -20.00 -21.07 -21.00 -21.00 -21.00 -21.00 -21.00 -21.00 -20.93 -21.80 -22.00 -22.00 -21.93 -21.93 -21.93 -21.93 -22.00 -22.00 -22.07 -21.20 -20.98 -21.00 -21.80 -22.00 -22.00 -22.00 -22.00 -22.20 -23.07 -22.20 -22.20 -22.20 -21.98 -21.98 -21.98 -21.98 -22.20 -23.07 -21.98 -22.20 -23.07 -23.00 -23.00 -23.00 -22.98 -23.00 -24.00 -24.00 -24.00 -24.07 -24.07 -24.00 -23.98 -24.00 -24.00 -24.00 -24.00 -24.00 -25.07 -25.07 -25.05 -25.00 -23.93 -23.78 -24.83 -24.76 -23.87 -23.00 -23.00 -23.00 -23.13 -23.17 -23.31
-20.00 -20.00 -20.00 -20.00 -19.95 -21.00 -21.00 -21.00 -21.00 -21.00 -21.00 -21.00 -20.95 -20.88 -22.00 -22.00 -22.00 -22.00 -22.00 -22.00 -22.00 -22.00 -22.00 -22.07 -21.38 -20.95 -20.88 -22.00 -22.00 -22.00 -22.00 -23.07 -23.00 -23.07 -23.07 -23.07 -22.38 -22.38 -22.38 -22.38 -23.07 -23.00 -22.38 -23.07 -23.00 -22.95 -22.95 -22.95 -23.38 -22.95 -24.00 -24.00 -24.00 -23.95 -24.00 -23.95 -24.38 -23.95 -23.95 -24.00 -24.00 -24.00 -25.00 -25.00 -25.38 -24.95 -24.00 -23.36 -23.55 -23.60 -22.98 -23.00 -23.00 -23.00 -24.07 -24.45 -24.40
-20.00 -20.00 -19.93 -19.93 -20.58 -21.00 -21.00 -21.00 -21.00 -21.00 -21.00 -20.93 -21.58 -21.58 -22.00 -22.00 -22.00 -22.00 -22.00 -22.00 -22.00 -22.00 -22.00 -22.00 -22.05 -21.58 -21.58 -22.00 -22.00 -22.00 -22.00 -23.00 -23.00 -23.00 -23.00 -22.93 -22.98 -23.05 -23.05 -23.05 -23.00 -22.93 -23.05 -23.00 -23.00 -23.58 -23.58 -23.58 -24.05 -23.58 -24.00 -24.00 -24.00 -24.58 -24.00 -24.58 -25.05 -24.65 -24.58 -23.93 -24.00 -24.00 -25.00 -25.00 -26.05 -25.58 -24.00 -23.41 -22.88 -22.30 -22.42 -23.07 -23.00 -23.00 -24.00 -25.05 -25.63
-19.93 -19.93 -20.84 -20.76 -21.10 -21.00 -21.00 -21.00 -21.00 -21.00 -21.00 -21.76 -22.03 -22.03 -22.00 -22.00 -22.00 -22.00 -22.00 -22.00 -22.00 -22.00 -22.00 -22.00 -22.00 -22.03 -22.03 -22.00 -22.00 -22.00 -22.00 -23.00 -23.00 -23.00 -22.93 -23.76 -23.76 -22.93 -22.93 -22.93 -22.93 -23.76 -23.00 -23.00 -23.00 -24.03 -24.03 -24.03 -24.00 -24.03 -24.00 -24.00 -24.00 -25.03 -23.93 -25.03 -25.00 -24.19 -25.03 -24.76 -23.93 -23.93 -25.00 -25.00 -26.00 -26.03 -24.00 -23.74 -23.76 -22.74 -21.97 -22.24 -23.07 -23.00 -24.07 -25.07 -26.10
-20.92 -20.92 -20.09 -21.05 -20.03 -21.00 -21.00 -21.00 -21.00 -21.00 -21.00 -22.01 -22.00 -22.00 -22.00 -22.00 -22.00 -22.00 -22.00 -22.00 -22.00 -22.00 -22.00 -22.00 -22.00 -22.00 -22.00 -22.00 -22.00 -22.00 -22.00 -23.05 -23.00 -23.00 -23.97 -24.01 -24.01 -23.92 -23.92 -23.92 -23.92 -24.01 -23.00 -23.00 -23.00 -24.00 -24.00 -24.00 -24.00 -24.00 -24.00 -24.00 -24.00 -25.05 -24.97 -25.00 -25.00 -24.91 -25.00 -25.01 -24.92 -24.92 -24.95 -25.00 -26.05 -26.05 -24.00 -24.01 -24.01 -23.01 -22.00 -22.04 -22.08 -23.00 -23.08 -24.13 -25.13
-21.00 -21.00 -20.00 -20.00 -21.02 -21.00 -21.00 -21.00 -21.00 -21.00 -21.00 -22.00 -22.00 -22.00 -22.00 -22.00 -22.00 -22.00 -22.00 -22.00 -22.00 -22.00 -22.00 -22.00 -22.00 -22.00 -22.00 -22.00 -22.00 -22.00 -22.00 -21.98 -23.00 -23.00 -22.98 -24.00 -24.00 -24.00 -24.00 -24.00 -24.00 -24.00 -23.02 -23.00 -23.00 -24.00 -24.00 -24.00 -24.00 -24.00 -24.00 -24.00 -24.00 -23.98 -23.98 -25.00 -25.00 -25.00 -25.00 -25.00 -25.02 -25.02 -26.02 -25.00 -24.98 -24.98 -24.00 -24.00 -24.00 -23.02 -21.98 -20.98 -22.00 -23.00 -22.98 -22.98 -23.98
-20.98 -21.00 -19.98 -21.06 -21.00 -21.00 -21.00 -21.00 -21.00 -21.00 -21.00 -22.00 -22.00 -22.00 -22.00 -22.15 -22.15 -22.15 -21.98 -21.98 -22.00 -22.00 -22.00 -21.98 -22.00 -22.00 -22.00 -21.98 -22.00 -22.00 -22.00 -22.00 -22.85 -23.00 -23.00 -24.00 -24.00 -24.00 -24.00 -24.00 -24.00 -24.00 -24.06 -22.98 -22.98 -24.00 -23.85 -24.00 -24.00 -24.00 -24.00 -24.00 -24.00 -24.00 -24.00 -24.85 -24.85 -25.00 -25.00 -25.00 -26.06 -26.05 -25.98 -25.15 -25.00 -25.00 -24.00 -24.00 -24.00 -23.90 -21.07 -20.98 -22.00 -22.87 -21.94 -23.00 -23.98
-21.28 -21.00 -20.32 -21.04 -21.00 -21.00 -21.00 -21.00 -21.00 -21.00 -21.00 -22.00 -22.00 -22.00 -22.00 -23.07 -23.07 -23.07 -22.32 -22.32 -22.00 -22.00 -22.00 -22.36 -22.00 -21.96 -21.96 -22.32 -22.00 -22.00 -22.00 -22.00 -21.93 -23.00 -23.00 -24.04 -24.04 -24.00 -24.00 -24.00 -24.00 -24.00 -24.00 -23.32 -23.32 -24.00 -22.89 -24.00 -24.00 -24.00 -24.00 -24.00 -24.00 -24.00 -24.00 -23.93 -23.89 -25.00 -25.00 -25.00 -26.00 -26.32 -26.36 -26.07 -24.96 -24.96 -23.96 -24.00 -24.00 -23.25 -22.40 -21.28 -22.00 -21.60 -22.04 -23.04 -24.36
-22.58 -21.00 -21.06 -20.48 -21.06 -21.00 -21.00 -21.00 -21.00 -21.00 -21.00 -22.00 -22.00 -22.00 -22.00 -23.00 -23.00 -23.00 -23.06 -23.06 -21.94 -22.00 -22.00 -22.48 -21.94 -22.52 -22.52 -23.06 -21.94 -21.94 -21.94 -21.94 -21.94 -23.00 -23.00 -23.48 -23.48 -24.06 -24.00 -24.00 -24.00 -23.94 -24.00 -24.06 -24.06 -24.00 -23.52 -24.00 -24.00 -24.00 -24.00 -23.94 -24.00 -24.00 -24.00 -24.00 -24.52 -25.00 -25.00 -25.00 -26.06 -27.12 -26.54 -26.00 -25.52 -25.52 -24.52 -23.94 -23.94 -24.00 -23.00 -22.58 -21.94 -20.88 -21.48 -22.48 -24.61
-22.96 -21.00 -21.00 -19.96 -20.29 -21.00 -21.00 -21.00 -21.00 -21.00 -21.00 -22.00 -22.00 -22.00 -22.00 -23.00 -23.00 -23.00 -23.00 -23.00 -22.71 -21.93 -21.93 -22.67 -22.71 -23.04 -23.04 -23.00 -22.71 -22.71 -22.71 -22.71 -22.71 -23.00 -23.00 -22.96 -22.96 -23.29 -24.00 -24.00 -24.00 -24.78 -24.00 -24.00 -23.93 -24.00 -24.04 -24.00 -24.00 -24.00 -24.00 -24.71 -23.93 -24.00 -24.00 -23.93 -25.04 -25.00 -25.00 -25.00 -25.29 -26.36 -26.04 -26.07 -26.04 -26.04 -24.96 -24.71 -24.64 -24.71 -23.71 -22.96 -22.71 -21.71 -20.96 -21.96 -23.33
-23.94 -21.00 -21.00 -20.00 -19.99 -21.06 -21.06 -21.06 -21.00 -21.00 -21.00 -22.00 -22.00 -22.00 -22.00 -23.00 -23.00 -23.00 -23.00 -23.00 -23.01 -22.88 -22.88 -23.01 -23.01 -23.00 -23.00 -22.94 -23.01 -23.01 -23.01 -23.01 -23.01 -23.00 -23.00 -23.00 -23.00 -22.99 -24.06 -24.00 -24.00 -24.14 -24.00 -24.00 -24.88 -24.00 -24.00 -24.00 -24.00 -24.00 -24.00 -25.01 -24.88 -23.94 -23.94 -24.88 -24.94 -24.94 -25.00 -25.00 -25.05 -25.11 -25.12 -25.12 -26.06 -26.00 -25.94 -25.01 -25.89 -25.01 -23.95 -23.88 -22.95 -21.95 -20.94 -22.00 -22.11
-23.01 -21.00 -21.00 -19.99 -19.99 -20.01 -20.01 -20.01 -21.01 -21.00 -21.00 -22.01 -22.00 -22.00 -22.00 -23.00 -23.00 -23.00 -23.00 -23.00 -23.00 -23.00 -23.00 -23.00 -23.00 -23.00 -23.00 -24.00 -22.99 -22.99 -23.00 -23.00 -23.00 -23.00 -23.00 -23.00 -23.00 -23.00 -23.01 -24.01 -24.00 -24.00 -24.00 -24.00 -25.00 -24.00 -24.00 -24.00 -24.00 -24.00 -23.99 -25.00 -25.00 -24.99 -24.99 -24.99 -25.99 -25.99 -25.00 -25.00 -24.00 -25.00 -24.99 -25.00 -25.01 -26.01 -25.01 -25.00 -26.01 -25.00 -24.99 -23.99 -23.99 -22.99 -21.99 -22.01 -22.00
-21.94 -21.10 -21.00 -21.05 -21.05 -20.10 -19.99 -20.00 -19.95 -21.01 -21.00 -20.95 -21.90 -22.00 -22.00 -22.90 -23.01 -23.01 -23.00 -23.00 -23.00 -23.00 -23.00 -23.00 -23.00 -23.00 -23.00 -22.95 -24.05 -24.05 -23.10 -22.99 -22.99 -22.99 -23.00 -23.00 -23.00 -23.00 -23.00 -22.95 -23.90 -24.00 -24.00 -24.00 -24.90 -24.00 -24.00 -24.00 -24.10 -24.00 -25.06 -25.00 -25.00 -25.10 -25.00 -26.06 -26.00 -26.01 -25.00 -25.00 -25.04 -25.10 -26.05 -25.10 -25.00 -24.95 -25.00 -25.00 -24.95 -25.00 -25.00 -25.05 -25.05 -24.04 -22.94 -21.05 -21.99
-22.26 -22.04 -20.97 -21.00 -21.00 -21.07 -20.26 -19.97 -20.00 -20.74 -21.00 -21.00 -20.93 -22.03 -22.03 -21.93 -22.74 -22.74 -23.03 -23.00 -23.00 -23.00 -23.00 -23.00 -23.00 -23.00 -23.00 -23.00 -24.03 -24.03 -24.07 -23.26 -23.26 -23.26 -22.97 -22.97 -23.00 -23.00 -23.00 -23.00 -22.93 -24.03 -24.03 -24.03 -23.93 -24.00 -24.00 -24.00 -25.11 -24.00 -24.70 -25.00 -25.00 -26.11 -25.00 -25.74 -26.03 -25.74 -25.00 -25.00 -25.26 -26.07 -26.00 -26.07 -25.00 -25.00 -25.00 -25.00 -25.00 -25.00 -25.00 -25.03 -25.00 -24.26 -22.16 -22.07 -22.30
-23.01 -22.34 -21.40 -20.94 -20.94 -21.00 -21.07 -20.46 -19.94 -19.88 -21.00 -21.00 -21.00 -21.54 -21.54 -22.06 -21.93 -21.93 -22.54 -23.00 -23.00 -23.00 -23.00 -23.06 -23.06 -23.00 -23.00 -23.00 -23.54 -23.54 -24.00 -24.07 -24.07 -24.07 -23.46 -23.46 -22.94 -23.00 -23.00 -23.00 -23.00 -23.54 -23.54 -23.54 -24.06 -24.00 -24.00 -24.00 -24.49 -24.00 -24.39 -25.00 -25.00 -25.54 -25.00 -24.88 -25.54 -24.93 -25.00 -25.00 -26.07 -26.00 -26.00 -26.00 -25.00 -25.00 -25.00 -25.06 -25.06 -25.00 -25.06 -24.54 -25.00 -25.01 -23.52 -22.00 -22.61
-23.65 -24.35 -22.62 -21.58 -21.58 -20.93 -21.00 -21.04 -20.65 -20.65 -21.07 -21.00 -21.00 -20.96 -20.96 -21.35 -22.07 -22.00 -21.96 -23.07 -23.00 -23.07 -23.07 -22.35 -22.35 -23.07 -23.07 -23.00 -22.96 -22.96 -24.07 -24.00 -24.00 -24.00 -24.04 -24.04 -23.65 -23.00 -23.00 -23.00 -23.00 -22.96 -22.96 -22.96 -23.35 -24.00 -24.00 -24.00 -24.68 -24.00 -25.04 -25.00 -25.00 -24.96 -25.00 -25.73 -24.96 -25.00 -25.00 -24.93 -26.00 -26.00 -26.00 -26.00 -24.93 -25.00 -25.07 -24.27 -24.27 -25.00 -24.35 -23.96 -25.00 -25.73 -24.04 -22.00 -21.96
-23.89 -25.04 -23.78 -22.72 -22.72 -21.76 -21.00 -21.00 -21.02 -21.02 -20.10 -21.00 -21.00 -21.00 -21.00 -20.98 -21.17 -22.07 -22.00 -22.17 -23.07 -22.17 -22.17 -21.98 -21.98 -22.17 -22.17 -23.07 -23.07 -23.00 -23.17 -24.07 -24.00 -24.00 -24.00 -24.00 -24.02 -22.93 -23.00 -23.00 -23.00 -23.00 -23.00 -23.00 -22.91 -24.00 -24.00 -24.00 -24.19 -24.00 -25.00 -25.00 -25.00 -25.00 -25.00 -25.19 -25.00 -24.93 -24.93 -25.83 -26.00 -26.00 -26.00 -26.00 -25.83 -25.00 -24.17 -24.81 -24.81 -25.00 -23.98 -24.00 -25.07 -25.19 -24.00 -22.00 -22.07
-25.96 -25.00 -24.97 -24.93 -24.93 -22.91 -20.95 -21.00 -21.00 -21.00 -20.96 -21.00 -21.00 -21.00 -21.00 -21.00 -21.00 -21.03 -22.03 -22.00 -22.03 -22.00 -22.00 -22.03 -22.03 -22.02 -22.00 -22.03 -22.03 -23.03 -23.00 -23.03 -24.03 -24.03 -24.00 -24.00 -24.00 -23.97 -22.97 -23.00 -23.00 -23.00 -23.00 -23.00 -23.97 -24.00 -24.00 -24.00 -24.00 -24.00 -25.03 -25.00 -25.00 -25.00 -25.00 -25.00 -25.00 -25.99 -25.99 -26.00 -26.00 -26.00 -26.00 -26.00 -26.00 -25.00 -24.00 -25.03 -24.98 -24.97 -24.00 -24.03 -24.03 -25.00 -23.95 -22.00 -21.03
