Instances/ChoctawhatcheeBay/GMRTv3_3_20170611topo.asc
ncols 532
nrows 216
xllcorner -86.6590576171875
yllcorner 30.311245603935006
cellsize 0.0010986328125
nodata_value -2147483648
[rows 68 to 101 of 216, columns 154 to 230 of 532]
3.00 3.00 2.33 2.62 2.53 2.39 2.46 2.32 1.42 1.56 -0.55 -1.00 -1.40 -1.95 -3.00 -4.93 -7.05 -7.00 -7.07 -6.47 -5.95 -4.82 -3.23 -3.28 -4.00 -4.00 -3.67 -3.00 -2.95 -4.02 -4.35 -6.07 -6.00 -6.00 -6.00 -6.00 -6.00 -6.55 -6.00 -5.40 -4.40 -4.00 -3.95 -4.47 -2.40 -1.35 -0.35 -0.62 3.18 4.01 1.28 2.00 3.05 3.05 3.00 3.60 4.00 4.60 4.98 5.47 2.83 4.20 6.15 5.20 5.55 5.19 10.16 12.23 14.05 14.00 14.60 15.05 15.60 16.65 16.60 17.00 17.07
3.00 3.00 3.12 2.62 1.95 1.95 1.95 1.88 3.16 -0.06 -0.55 -0.93 -1.98 -2.60 -2.93 -5.00 -6.40 -7.00 -7.00 -7.05 -7.10 -6.70 -5.18 -4.58 -4.00 -4.00 -2.88 -3.00 -3.60 -4.60 -5.65 -6.00 -6.00 -6.00 -6.00 -6.00 -6.00 -6.55 -5.93 -5.98 -4.98 -3.93 -4.53 -5.05 -2.98 -2.65 -1.58 -1.05 0.50 3.74 2.61 2.00 2.47 2.40 3.00 2.95 4.07 4.02 4.40 6.12 4.20 2.90 4.12 3.76 5.62 6.12 7.77 9.84 13.61 14.14 14.02 14.40 14.95 15.28 15.95 17.07 17.07
3.07 3.07 2.28 2.31 2.00 2.07 1.93 2.80 0.64 -0.79 -1.02 -1.79 -2.79 -3.02 -3.79 -5.00 -5.98 -7.00 -7.00 -7.00 -7.00 -7.02 -6.84 -5.74 -3.93 -4.00 -3.79 -2.93 -4.02 -5.02 -6.10 -6.07 -6.00 -6.00 -6.00 -6.00 -5.93 -7.02 -6.79 -6.79 -5.72 -4.72 -5.81 -4.93 -3.72 -3.02 -2.81 -0.93 -1.09 -0.12 3.56 1.86 1.19 1.98 3.07 3.00 3.21 3.21 4.05 5.21 5.05 2.79 3.50 5.58 5.17 5.07 6.09 7.37 10.82 12.64 13.28 13.98 15.00 15.83 16.00 16.21 16.21
2.06 2.06 1.02 1.06 2.00 1.02 2.96 2.57 -0.95 -1.00 -1.00 -2.00 -3.00 -3.00 -4.00 -5.00 -6.00 -7.04 -7.00 -7.00 -7.00 -7.00 -7.00 -6.94 -4.90 -3.96 -4.00 -3.94 -4.00 -5.00 -5.06 -5.06 -6.00 -6.00 -6.00 -6.00 -6.94 -7.00 -7.00 -7.00 -6.94 -5.90 -6.00 -5.94 -4.94 -2.96 -3.00 -1.90 -0.96 -1.02 3.27 3.87 0.87 2.04 2.06 3.04 3.00 3.04 3.06 5.04 5.00 5.85 6.82 6.01 5.93 6.91 6.97 7.03 7.17 9.26 12.22 14.08 15.04 15.07 16.04 16.04 16.04
2.00 1.96 1.99 1.03 2.19 2.03 2.19 -0.10 -1.00 -1.00 -1.04 -2.00 -3.00 -3.00 -4.00 -5.00 -6.00 -5.97 -7.00 -7.00 -7.00 -7.00 -7.00 -7.00 -6.06 -5.06 -4.04 -4.00 -4.00 -5.00 -5.00 -5.04 -6.00 -6.00 -6.00 -6.00 -6.96 -7.00 -7.00 -7.00 -7.00 -7.03 -6.04 -6.00 -4.96 -4.03 -3.00 -3.03 -2.06 -1.00 -1.11 3.22 4.27 1.05 1.96 1.93 2.92 2.01 3.04 3.97 4.96 4.97 6.89 6.00 6.00 5.97 5.97 5.97 6.96 6.91 7.82 11.76 13.83 14.90 14.91 14.95 14.91
1.81 1.13 0.89 2.63 6.40 1.84 -0.13 -1.07 -0.98 -1.17 -2.07 -2.19 -3.00 -3.00 -3.98 -5.17 -6.00 -6.00 -7.00 -7.00 -7.00 -7.00 -7.00 -7.00 -7.07 -6.26 -5.26 -4.00 -4.00 -4.83 -5.00 -6.09 -5.84 -5.84 -6.04 -6.04 -5.95 -7.00 -7.00 -7.00 -7.00 -7.17 -7.05 -5.83 -3.93 -4.00 -3.17 -2.98 -3.07 -1.17 -0.98 -0.40 3.47 3.26 1.65 1.09 1.04 3.09 3.89 3.73 4.21 5.58 3.78 5.83 6.02 5.83 5.84 5.84 5.76 5.78 5.69 6.31 8.86 10.77 11.68 12.77 11.68
1.28 1.72 1.80 4.69 0.87 0.27 -0.36 -0.95 -1.36 -2.03 -1.95 -2.67 -3.00 -2.95 -4.36 -6.07 -6.00 -6.00 -7.00 -7.00 -7.00 -7.00 -7.00 -7.00 -7.00 -6.72 -5.72 -3.95 -4.00 -3.93 -5.05 -5.69 -4.57 -4.62 -5.33 -5.29 -5.69 -7.09 -7.05 -7.00 -7.00 -8.07 -7.36 -4.88 -3.95 -3.95 -4.03 -3.36 -3.00 -2.03 -1.36 -1.07 1.46 3.61 4.98 2.38 1.94 2.60 2.84 4.61 7.79 7.15 4.36 4.93 5.64 4.93 4.62 4.57 4.93 4.62 4.97 4.90 4.64 5.30 4.82 5.47 4.78
2.12 0.95 2.06 0.60 0.25 -1.12 -1.06 -1.55 -2.06 -2.55 -2.55 -2.50 -3.00 -3.62 -5.12 -6.00 -5.93 -5.93 -7.00 -7.00 -7.00 -7.00 -7.00 -7.00 -7.00 -5.88 -4.88 -4.55 -3.93 -4.00 -4.45 -4.39 -4.01 -3.39 -3.33 -3.89 -4.39 -5.96 -6.51 -7.07 -7.00 -8.07 -8.06 -5.49 -4.49 -4.55 -4.55 -3.99 -2.93 -2.55 -1.99 -0.93 -1.22 1.30 3.50 3.64 3.66 2.30 4.04 9.73 7.59 4.90 5.06 5.00 4.94 5.00 3.39 4.01 5.00 3.39 4.51 4.45 5.07 3.77 3.33 3.28 3.95
1.25 0.99 0.26 -0.30 0.05 -1.00 -0.93 -1.96 -2.00 -3.03 -3.03 -3.03 -2.93 -3.21 -4.25 -6.00 -6.75 -6.75 -7.00 -7.00 -7.00 -7.00 -7.00 -7.00 -7.00 -6.75 -5.67 -4.96 -4.75 -4.00 -3.97 -3.97 -3.18 -2.90 -2.90 -4.00 -3.97 -4.12 -5.22 -6.25 -7.07 -7.33 -8.00 -6.70 -5.70 -4.96 -5.03 -4.75 -3.75 -2.96 -2.75 -1.75 -0.93 -0.02 2.66 3.60 4.17 5.34 6.10 6.48 3.28 4.25 5.00 5.00 5.00 5.07 2.90 3.25 5.15 2.97 3.22 4.04 4.25 3.76 2.97 2.90 3.25
1.03 0.39 -0.91 -0.90 -0.91 -0.95 -1.91 -2.91 -1.95 -3.00 -3.00 -3.00 -3.91 -3.90 -3.99 -6.00 -7.06 -7.01 -7.00 -7.00 -7.00 -7.00 -7.00 -7.00 -7.00 -7.01 -6.91 -5.86 -4.96 -3.95 -3.95 -4.00 -3.90 -3.91 -3.91 -4.00 -3.95 -4.90 -4.99 -6.04 -6.09 -6.03 -8.05 -7.91 -6.86 -5.86 -5.00 -5.01 -3.96 -3.91 -3.01 -1.96 -1.91 -0.91 2.01 3.07 5.94 5.22 2.38 3.15 3.94 3.99 5.05 5.00 5.00 4.04 3.91 2.99 3.24 3.00 2.99 3.09 4.04 3.15 3.00 3.91 2.94
0.35 -1.01 -1.00 -1.00 -1.00 -2.01 -2.01 -3.00 -3.01 -3.00 -3.00 -3.01 -4.00 -4.00 -4.01 -5.99 -5.99 -7.00 -7.00 -7.00 -7.00 -7.00 -7.00 -7.00 -7.00 -7.00 -7.00 -7.01 -6.01 -5.01 -5.01 -4.01 -4.01 -4.00 -4.00 -4.00 -5.01 -5.00 -5.00 -4.99 -6.00 -7.01 -6.99 -7.99 -8.00 -7.01 -5.01 -5.00 -5.01 -4.00 -3.01 -3.01 -2.01 -1.01 -0.03 2.18 3.23 2.99 2.00 2.99 2.99 4.00 3.99 5.00 5.00 5.01 4.00 3.03 2.03 3.05 3.00 3.00 2.99 1.99 3.01 4.01 4.02
-1.08 -1.00 -1.00 -0.99 -1.14 -1.99 -3.06 -3.00 -3.00 -2.99 -2.99 -4.06 -4.00 -4.00 -5.08 -4.95 -5.86 -6.86 -7.01 -7.01 -7.00 -7.00 -7.00 -7.00 -6.99 -7.00 -7.00 -7.00 -6.14 -5.14 -5.00 -5.06 -5.06 -4.14 -4.00 -4.00 -5.00 -5.00 -4.99 -5.14 -5.99 -7.00 -7.01 -6.94 -6.94 -7.00 -6.20 -5.14 -4.99 -4.14 -4.05 -3.14 -3.05 -2.20 -1.18 -0.26 2.33 3.85 1.82 1.94 3.01 3.86 4.00 4.86 5.00 4.85 3.84 4.85 5.21 7.26 3.12 3.00 3.00 2.14 4.30 5.38 4.77
-1.00 -1.00 -1.00 -1.31 -2.04 -2.31 -2.96 -2.96 -2.96 -3.31 -3.31 -4.00 -4.00 -4.00 -4.65 -4.65 -4.93 -5.96 -6.69 -6.69 -7.00 -7.00 -7.00 -7.00 -7.35 -7.00 -7.00 -7.00 -7.07 -6.07 -4.96 -5.00 -5.00 -5.07 -3.96 -3.96 -5.00 -5.00 -5.31 -6.04 -6.31 -7.00 -6.69 -7.00 -7.00 -7.00 -7.07 -6.04 -5.31 -5.04 -4.31 -4.04 -3.31 -3.04 -2.38 -1.34 -0.51 3.19 1.89 1.96 2.69 2.93 4.00 3.93 5.04 4.23 3.58 2.85 4.38 6.77 4.31 2.96 3.00 3.07 7.10 6.11 2.93
-1.00 -1.00 -0.87 -2.00 -2.51 -3.06 -3.51 -3.51 -3.51 -4.00 -4.00 -4.00 -3.94 -3.94 -4.44 -4.44 -5.00 -5.43 -5.94 -5.94 -7.00 -7.00 -7.00 -7.00 -7.56 -7.00 -7.00 -7.00 -7.00 -6.00 -5.51 -4.94 -5.00 -5.00 -4.51 -4.51 -5.00 -4.94 -6.06 -6.51 -7.06 -7.00 -5.88 -7.00 -7.00 -7.00 -7.00 -6.51 -6.00 -5.51 -5.00 -4.44 -4.00 -3.51 -3.00 -2.57 -1.00 2.76 4.04 2.63 1.94 3.00 4.06 4.00 4.49 5.12 4.62 3.00 2.94 5.05 6.14 3.38 2.87 2.87 5.63 5.20 7.09
-0.93 -0.93 -2.40 -2.70 -2.96 -2.93 -4.04 -4.04 -3.96 -4.70 -4.70 -3.93 -4.70 -4.70 -5.04 -5.04 -5.00 -5.66 -6.00 -5.93 -7.00 -7.00 -7.00 -6.93 -6.96 -7.00 -7.00 -7.00 -7.00 -5.93 -6.04 -5.70 -4.93 -5.00 -5.04 -5.04 -4.93 -5.70 -5.93 -7.04 -7.00 -7.00 -6.70 -7.00 -7.00 -7.00 -7.00 -7.04 -6.70 -5.96 -5.63 -5.74 -4.63 -3.96 -3.70 -2.96 -1.63 -0.03 3.56 1.44 2.00 3.00 3.30 4.07 3.96 4.30 3.96 3.00 2.23 2.45 6.60 5.59 4.48 4.55 4.97 8.88 10.67
-1.75 -1.75 -2.97 -2.95 -3.87 -3.81 -3.94 -3.94 -4.81 -4.95 -4.95 -4.81 -5.01 -5.01 -5.00 -5.00 -4.94 -6.01 -5.94 -6.87 -7.00 -7.00 -7.00 -7.87 -7.00 -7.00 -6.94 -7.00 -7.00 -6.87 -5.94 -6.01 -5.87 -4.94 -4.94 -4.94 -5.87 -5.95 -6.87 -7.00 -7.00 -7.00 -7.01 -7.00 -7.00 -7.00 -7.00 -7.00 -7.01 -6.87 -6.88 -5.95 -5.88 -4.81 -3.95 -3.87 -2.88 -0.98 -1.42 3.33 2.00 3.06 2.99 3.13 4.00 3.99 4.00 2.94 2.86 2.85 3.37 4.20 4.08 3.16 5.17 4.97 4.73
-3.98 -3.98 -3.98 -3.98 -3.98 -4.98 -4.98 -4.98 -5.98 -5.98 -5.98 -5.99 -4.99 -5.00 -5.00 -5.00 -5.99 -6.00 -6.99 -7.00 -7.00 -7.00 -7.00 -8.00 -6.99 -6.99 -7.99 -7.00 -7.00 -7.00 -6.99 -6.00 -6.00 -5.99 -5.99 -5.99 -6.00 -6.99 -7.00 -7.00 -7.00 -7.00 -7.01 -7.00 -7.00 -7.00 -7.00 -7.00 -7.00 -7.00 -7.00 -6.99 -5.99 -5.99 -4.98 -3.99 -2.99 -1.98 -1.00 3.06 1.98 2.01 3.01 3.00 4.00 4.00 4.00 4.00 3.00 2.99 2.99 5.38 5.23 5.07 4.94 -0.95 4.75
-4.09 -5.14 -5.14 -5.14 -6.20 -6.14 -7.21 -7.21 -7.15 -7.15 -7.15 -6.09 -6.15 -5.09 -5.09 -5.10 -5.99 -6.10 -6.99 -6.99 -7.10 -7.10 -7.10 -8.00 -8.05 -8.05 -8.00 -7.10 -7.00 -7.00 -7.00 -6.10 -6.10 -5.99 -6.00 -5.99 -6.10 -7.00 -7.00 -7.00 -7.00 -7.00 -6.06 -7.00 -7.00 -7.00 -7.00 -7.00 -7.00 -7.00 -7.00 -7.00 -7.05 -6.10 -6.04 -5.04 -4.14 -3.14 -2.14 -1.20 3.96 2.09 1.95 3.00 3.90 4.01 3.93 3.05 2.71 4.08 3.93 -1.42 -1.52 -2.45 -2.45 -2.14 -2.44
-5.30 -6.34 -6.34 -6.30 -7.34 -7.34 -8.07 -8.07 -8.07 -8.07 -8.07 -7.34 -7.04 -6.30 -6.34 -6.04 -6.26 -7.07 -7.26 -7.26 -8.07 -8.07 -8.07 -8.00 -8.00 -8.00 -8.00 -8.07 -6.97 -6.97 -6.97 -7.04 -7.07 -6.26 -5.97 -6.26 -7.07 -6.97 -7.00 -7.00 -7.00 -7.00 -6.78 -7.00 -7.00 -7.00 -7.00 -7.00 -7.00 -7.00 -7.00 -7.00 -7.00 -7.07 -6.26 -5.23 -5.34 -4.34 -3.34 -1.23 1.62 3.50 2.00 3.00 2.97 3.83 2.17 2.51 -0.42 -1.61 -2.68 -2.57 -3.35 -3.57 -3.57 -3.57 -3.57
-6.46 -7.01 -7.01 -7.46 -8.01 -8.01 -7.94 -7.94 -7.94 -8.00 -8.06 -8.07 -7.46 -7.58 -7.07 -6.46 -7.07 -7.00 -8.07 -8.07 -8.00 -8.00 -8.00 -8.00 -8.00 -8.00 -8.00 -8.00 -7.46 -7.46 -7.46 -7.46 -6.94 -7.07 -6.46 -7.07 -6.94 -7.46 -6.94 -6.94 -6.94 -6.94 -6.33 -6.94 -7.00 -7.00 -7.00 -7.00 -7.00 -7.00 -7.00 -7.00 -7.00 -7.00 -7.07 -6.52 -6.01 -5.01 -4.01 -2.46 -0.55 1.79 2.17 3.16 2.52 1.68 -0.54 -1.65 -1.80 -2.86 -3.92 -4.53 -4.98 -5.59 -5.59 -5.59 -5.59
-7.62 -7.58 -7.58 -8.70 -8.65 -8.65 -8.65 -8.65 -8.73 -8.00 -7.27 -8.00 -7.97 -7.24 -6.93 -6.97 -6.93 -7.00 -8.00 -8.00 -8.00 -8.00 -8.00 -8.00 -8.00 -8.00 -8.00 -8.00 -8.04 -8.04 -8.04 -8.04 -7.65 -6.93 -7.04 -7.00 -7.65 -8.04 -7.65 -7.65 -7.65 -7.65 -7.70 -7.65 -6.93 -6.93 -6.93 -7.00 -7.00 -7.00 -7.00 -7.00 -7.00 -7.00 -7.00 -7.04 -6.65 -5.58 -4.58 -3.70 -1.70 -1.22 0.04 1.29 -0.85 -1.29 -2.20 -3.20 -4.98 -5.32 -5.67 -5.62 -6.01 -5.97 -5.97 -5.97 -5.97
-8.85 -8.85 -8.85 -9.02 -9.02 -9.02 -9.02 -9.02 -8.12 -8.00 -7.81 -8.07 -8.90 -8.71 -7.83 -7.83 -7.83 -6.93 -8.00 -8.00 -8.00 -8.00 -8.00 -8.00 -8.00 -8.00 -8.00 -8.00 -8.00 -8.00 -8.00 -8.00 -8.02 -7.83 -6.93 -6.93 -8.02 -8.00 -8.02 -8.02 -8.02 -8.02 -8.08 -8.02 -7.83 -7.83 -7.83 -6.93 -6.93 -7.00 -7.00 -7.00 -7.00 -7.00 -7.00 -7.00 -7.02 -6.85 -5.85 -3.95 -2.02 -1.00 -1.05 -0.84 -2.00 -3.64 -4.57 -5.64 -6.89 -6.87 -6.85 -6.85 -6.83 -6.83 -6.83 -6.83 -6.83
-9.00 -9.00 -9.00 -9.00 -9.00 -9.00 -9.00 -9.00 -8.97 -8.00 -8.00 -7.03 -8.03 -8.04 -8.00 -7.98 -7.98 -7.94 -7.98 -7.98 -8.00 -8.00 -8.00 -8.00 -8.00 -8.00 -8.00 -8.00 -8.00 -8.00 -8.00 -8.00 -8.00 -8.00 -7.97 -7.97 -8.00 -8.00 -8.00 -8.00 -8.00 -8.00 -7.06 -8.00 -8.00 -8.00 -8.00 -7.97 -7.97 -6.98 -6.98 -6.98 -7.00 -7.00 -7.00 -7.00 -7.00 -7.00 -5.98 -4.97 -1.98 -1.00 -1.00 -0.98 -2.94 -4.92 -6.94 -6.97 -7.00 -7.00 -7.00 -7.00 -7.00 -7.00 -7.00 -7.00 -7.00
-9.07 -9.07 -9.07 -9.07 -9.00 -9.00 -9.00 -9.00 -9.00 -8.06 -8.00 -7.06 -8.00 -8.00 -8.00 -8.90 -8.97 -8.97 -9.04 -9.04 -8.07 -8.07 -8.07 -8.07 -8.00 -8.07 -8.00 -8.00 -8.00 -8.00 -8.00 -8.00 -8.00 -8.00 -8.00 -8.00 -8.00 -8.00 -8.00 -8.00 -8.00 -8.00 -6.10 -8.00 -8.00 -8.00 -8.00 -8.00 -8.00 -8.04 -8.04 -8.04 -7.07 -7.07 -7.07 -7.00 -7.00 -7.00 -7.04 -5.06 -3.04 -1.07 -1.00 -2.04 -4.17 -7.08 -7.00 -7.00 -7.00 -7.00 -7.00 -7.00 -7.00 -7.00 -7.00 -7.00 -7.00
-9.90 -9.85 -9.83 -9.85 -8.97 -8.97 -9.22 -9.22 -8.97 -9.29 -8.19 -8.26 -8.19 -8.19 -8.22 -7.05 -8.15 -8.15 -9.00 -9.00 -9.07 -9.07 -9.07 -9.07 -8.22 -9.07 -8.22 -8.22 -7.97 -8.03 -8.03 -8.03 -8.03 -8.03 -8.08 -8.03 -7.97 -7.97 -8.00 -7.97 -8.00 -7.97 -7.90 -8.00 -8.00 -8.00 -8.00 -8.00 -8.00 -8.00 -8.00 -8.00 -8.07 -8.07 -8.07 -7.22 -7.22 -6.97 -6.97 -6.29 -3.17 -2.07 -1.00 -2.22 -6.36 -6.97 -6.97 -7.00 -7.00 -7.00 -7.00 -7.00 -7.00 -7.00 -7.00 -7.00 -7.00
-8.07 -8.98 -9.44 -8.98 -9.51 -9.41 -10.07 -10.07 -9.41 -10.07 -9.48 -9.48 -9.48 -9.48 -9.02 -8.42 -9.02 -9.02 -8.95 -9.00 -9.00 -9.00 -9.00 -9.00 -9.07 -9.00 -9.07 -9.07 -8.41 -7.49 -7.54 -7.54 -7.49 -7.49 -6.63 -7.65 -8.46 -8.41 -7.95 -8.41 -7.95 -8.46 -7.39 -7.95 -7.95 -7.95 -7.95 -7.95 -7.95 -8.00 -7.95 -8.00 -8.00 -8.00 -7.95 -8.02 -8.07 -7.41 -7.41 -7.02 -4.83 -1.90 -0.90 -2.91 -7.02 -7.41 -7.41 -6.95 -6.95 -6.95 -7.00 -7.00 -7.00 -7.00 -7.00 -7.00 -7.00
-7.36 -8.25 -8.70 -8.25 -8.77 -10.05 -10.00 -10.00 -10.05 -10.00 -10.05 -10.05 -10.05 -10.05 -9.60 -9.66 -9.60 -9.60 -9.60 -8.93 -8.93 -9.00 -9.00 -9.00 -9.00 -9.00 -9.00 -9.07 -9.19 -8.23 -7.55 -7.55 -8.16 -8.16 -6.66 -6.27 -8.45 -9.05 -8.60 -9.05 -8.60 -8.37 -7.30 -8.60 -8.60 -8.60 -8.60 -8.60 -8.60 -7.93 -8.60 -7.93 -7.93 -7.93 -8.60 -8.60 -7.93 -7.98 -7.98 -7.53 -6.56 -2.85 -1.78 -4.60 -7.53 -8.05 -8.05 -7.60 -7.60 -7.60 -6.93 -6.93 -6.93 -6.93 -6.93 -7.00 -7.00
-9.75 -9.63 -9.60 -9.63 -8.74 -10.00 -10.00 -10.00 -10.00 -10.00 -10.00 -10.00 -10.00 -10.00 -10.02 -10.02 -10.02 -10.02 -10.02 -9.79 -9.79 -8.93 -8.93 -8.93 -9.00 -9.00 -9.00 -8.14 -7.28 -8.19 -7.95 -8.02 -9.05 -9.05 -8.00 -6.62 -7.90 -9.00 -9.02 -9.00 -9.02 -8.77 -8.56 -9.02 -9.02 -9.02 -9.02 -9.02 -9.02 -8.79 -9.02 -8.79 -8.79 -8.79 -9.02 -9.02 -8.79 -8.79 -8.79 -8.82 -8.54 -7.93 -7.72 -8.45 -8.82 -7.93 -8.00 -8.02 -8.02 -8.02 -7.79 -7.79 -7.79 -7.79 -7.79 -6.93 -6.93
-8.01 -8.99 -8.99 -8.99 -8.93 -9.96 -9.96 -10.00 -10.00 -10.00 -10.00 -10.00 -10.00 -10.00 -10.00 -10.00 -10.00 -10.00 -10.00 -10.00 -10.00 -9.94 -9.94 -9.94 -8.96 -8.96 -9.00 -8.94 -8.87 -8.94 -8.98 -8.00 -9.04 -9.00 -8.94 -8.88 -8.94 -9.00 -9.00 -9.00 -9.00 -9.00 -9.01 -9.00 -9.00 -9.00 -9.00 -9.00 -9.00 -9.00 -9.00 -9.00 -9.00 -9.00 -9.00 -9.00 -9.00 -9.00 -8.96 -8.96 -9.95 -9.96 -9.96 -9.01 -9.00 -8.94 -7.96 -8.00 -8.00 -8.00 -8.00 -8.00 -8.00 -8.00 -8.00 -7.94 -7.94
-11.08 -11.06 -11.06 -11.06 -11.06 -11.03 -11.03 -10.04 -10.04 -10.04 -10.04 -10.04 -10.00 -10.00 -10.00 -10.00 -10.00 -10.00 -10.00 -10.00 -10.00 -10.00 -10.00 -10.00 -10.03 -10.03 -9.04 -9.04 -9.04 -9.04 -8.01 -8.04 -8.01 -9.00 -9.00 -9.00 -9.00 -9.00 -9.00 -9.00 -9.00 -9.00 -9.00 -9.00 -9.00 -9.00 -9.04 -9.04 -9.04 -9.00 -9.04 -9.04 -9.04 -9.04 -9.04 -9.04 -9.04 -9.04 -10.03 -10.03 -10.00 -10.00 -10.00 -9.00 -9.00 -9.00 -9.03 -8.04 -8.00 -8.00 -8.00 -8.00 -8.00 -8.00 -8.00 -8.00 -8.00
-11.00 -11.00 -11.00 -11.00 -11.00 -11.00 -11.00 -11.07 -11.07 -11.07 -11.07 -11.07 -10.18 -9.98 -9.98 -10.00 -10.00 -10.00 -10.00 -10.00 -10.00 -10.00 -10.00 -10.00 -10.00 -10.00 -10.07 -10.07 -10.07 -10.07 -9.24 -9.24 -9.05 -8.98 -8.98 -9.18 -9.18 -9.18 -9.18 -9.18 -9.18 -9.18 -8.78 -8.98 -9.18 -9.18 -10.07 -10.07 -10.07 -9.18 -10.07 -10.07 -10.07 -10.07 -10.07 -10.07 -10.07 -10.07 -10.00 -10.00 -9.63 -10.00 -10.00 -9.00 -9.00 -9.00 -9.00 -9.07 -8.18 -8.18 -8.18 -8.18 -8.18 -7.98 -7.98 -8.18 -7.98
-11.00 -11.00 -11.00 -11.00 -11.00 -11.00 -11.00 -11.00 -11.00 -11.00 -11.00 -11.00 -11.07 -10.36 -10.36 -9.95 -9.95 -10.00 -10.00 -10.00 -10.00 -10.00 -10.00 -10.00 -10.00 -10.00 -10.00 -10.00 -10.00 -10.00 -10.07 -10.07 -9.36 -9.36 -9.36 -10.07 -10.07 -10.07 -10.07 -10.07 -10.07 -10.07 -8.64 -9.36 -10.07 -10.07 -10.00 -10.00 -10.00 -10.07 -10.00 -10.00 -10.00 -10.00 -10.00 -10.00 -10.00 -10.00 -10.00 -10.00 -8.17 -10.00 -10.00 -8.95 -8.95 -9.00 -9.00 -9.00 -9.07 -9.07 -9.07 -9.07 -9.07 -8.36 -8.36 -9.07 -8.36
-11.00 -11.00 -11.00 -11.00 -11.00 -11.00 -11.00 -11.00 -11.00 -11.00 -11.00 -11.00 -11.00 -11.06 -11.06 -10.55 -10.55 -9.93 -10.00 -9.93 -10.00 -10.00 -10.00 -10.00 -10.00 -10.00 -10.00 -10.00 -10.00 -10.00 -10.00 -10.00 -10.06 -10.06 -10.06 -10.00 -10.00 -10.00 -10.00 -10.00 -10.00 -10.00 -10.18 -10.06 -10.00 -10.00 -10.00 -10.00 -10.00 -10.00 -10.00 -10.00 -10.00 -10.00 -10.00 -10.00 -10.00 -10.00 -10.00 -10.00 -9.61 -10.00 -10.00 -9.55 -9.55 -8.93 -8.93 -9.00 -9.00 -9.00 -9.00 -9.00 -9.00 -9.06 -9.06 -9.00 -9.06
-10.93 -10.93 -11.00 -11.00 -11.00 -11.00 -11.00 -11.00 -11.00 -11.00 -11.00 -11.00 -11.00 -11.00 -11.00 -11.03 -11.03 -10.75 -9.93 -10.75 -10.00 -10.00 -10.00 -10.00 -10.00 -10.00 -10.00 -10.00 -10.00 -10.00 -10.00 -10.00 -10.00 -10.00 -10.00 -10.00 -10.00 -10.00 -10.00 -10.00 -10.00 -10.00 -9.25 -10.00 -10.00 -10.00 -9.93 -9.93 -9.93 -9.93 -9.93 -9.93 -9.93 -10.00 -9.93 -10.00 -10.00 -10.00 -10.00 -10.00 -10.03 -10.00 -10.00 -10.03 -10.03 -9.75 -9.75 -8.93 -8.93 -8.93 -8.93 -9.00 -8.93 -9.00 -9.00 -9.00 -8.93
