Instances/KarkinytskaGulf/GMRTv3_3_20170610topo.asc
ncols 592
nrows 377
xllcorner 32.499755859375
yllcorner 45.41541887757019
cellsize 0.002197265625
nodata_value -2147483648
[rows 68 to 101 of 377, columns 456 to 531 of 592]
5.95 5.96 4.04 4.14 5.10 5.00 4.13 4.97 4.11 4.09 3.23 2.02 1.00 0.35 0.02 -0.10 -0.15 -0.24 -0.40 -0.57 -0.73 -0.87 -0.97 -1.05 -1.11 -1.14 -1.13 -1.09 -1.03 -1.00 -0.99 -0.99 -1.00 -1.00 -1.00 -1.00 -1.00 -1.00 -1.00 -1.00 -1.00 -1.00 -1.00 -1.00 -1.00 -1.00 -1.00 -1.00 -1.00 -1.00 -1.00 -1.01 -1.02 -1.02 -1.07 -1.14 -1.16 -1.03 -0.70 -0.22 0.30 0.74 1.47 4.12 5.99 8.23 12.01 7.61 4.91 3.89 3.94 4.09 4.23 4.31 6.20 6.01
6.12 5.34 4.98 4.33 4.34 4.53 5.64 3.22 5.06 4.57 4.49 3.63 2.12 1.47 1.10 0.90 0.77 0.57 0.29 -0.02 -0.32 -0.58 -0.79 -0.96 -1.10 -1.18 -1.19 -1.13 -1.05 -1.00 -0.98 -0.99 -0.99 -1.00 -1.00 -1.00 -1.00 -1.00 -1.00 -1.00 -1.00 -1.00 -1.00 -1.00 -1.00 -1.00 -1.00 -1.00 -1.00 -1.00 -1.00 -1.00 -1.00 -1.01 -1.05 -1.12 -1.15 -1.07 -0.82 -0.44 -0.05 0.26 5.20 6.18 6.66 9.80 7.11 3.60 4.53 4.77 4.66 5.12 5.59 6.71 5.95 5.02
6.99 6.01 6.00 6.00 5.00 5.01 5.99 5.00 5.00 4.00 4.99 3.65 2.94 2.37 2.02 1.82 1.65 1.41 1.08 0.70 0.31 -0.03 -0.33 -0.62 -0.86 -1.03 -1.10 -1.08 -1.03 -1.00 -1.00 -1.00 -1.00 -1.00 -1.00 -1.00 -1.00 -1.00 -1.00 -1.00 -1.00 -1.00 -1.00 -1.00 -1.00 -1.00 -1.00 -1.00 -1.00 -1.00 -1.00 -0.99 -0.99 -1.00 -1.04 -1.10 -1.14 -1.11 -0.95 -0.72 -0.47 -0.28 4.97 4.99 6.00 4.97 3.00 4.00 5.00 4.99 4.00 3.99 3.99 3.99 3.99 3.99
4.81 6.06 5.49 3.92 3.99 5.19 4.44 3.39 4.03 4.11 3.36 4.05 3.61 3.17 2.91 2.74 2.58 2.34 1.99 1.59 1.16 0.75 0.35 -0.07 -0.45 -0.74 -0.90 -0.97 -0.99 -1.01 -1.03 -1.02 -1.01 -1.00 -1.00 -1.00 -1.00 -1.00 -1.00 -1.00 -1.00 -1.00 -1.00 -1.00 -1.00 -1.00 -1.00 -1.00 -1.00 -1.00 -1.00 -0.99 -0.99 -1.00 -1.03 -1.07 -1.11 -1.12 -1.10 -1.05 -0.98 -0.90 -1.19 4.22 2.67 1.77 3.68 3.43 4.62 3.93 4.63 3.37 4.00 3.94 3.89 4.00
5.97 5.11 4.18 3.00 3.01 3.99 4.95 4.69 4.49 4.29 3.06 4.04 3.04 3.53 3.37 3.29 3.15 3.05 2.72 2.37 2.02 1.60 1.12 0.59 0.07 -0.33 -0.61 -0.80 -0.93 -1.03 -1.07 -1.06 -1.02 -1.00 -1.00 -1.00 -1.00 -1.00 -1.00 -1.00 -1.00 -1.00 -1.00 -1.00 -1.00 -1.00 -1.00 -1.00 -1.00 -1.00 -1.00 -0.99 -0.99 -1.00 -1.01 -1.04 -1.07 -1.11 -1.17 -1.26 -1.32 -1.31 -1.22 -0.88 4.57 1.80 2.06 3.12 3.06 4.00 3.95 4.00 4.00 4.89 5.82 3.92
4.70 3.96 3.24 4.48 4.04 3.62 3.30 3.13 3.03 3.29 3.02 2.96 3.07 3.08 3.73 4.43 5.20 3.67 4.05 4.08 2.84 2.56 2.55 1.55 0.90 0.35 -0.10 -0.50 -0.82 -1.05 -1.14 -1.11 -1.04 -1.00 -1.00 -1.00 -1.00 -1.00 -1.00 -1.00 -1.00 -1.00 -1.00 -1.00 -1.00 -1.00 -1.00 -1.00 -1.00 -1.00 -1.00 -0.99 -0.99 -1.00 -1.02 -1.05 -1.08 -1.13 -1.24 -1.39 -1.49 -1.45 -1.38 1.40 4.63 2.22 2.30 2.23 2.96 4.22 5.34 4.22 4.19 5.66 6.77 6.45
2.33 3.42 2.92 2.22 1.61 1.17 0.93 0.82 0.83 1.11 1.11 1.42 1.77 2.12 2.47 3.22 3.52 3.45 4.89 4.89 3.83 4.66 4.93 2.86 1.73 1.15 0.51 -0.13 -0.69 -1.07 -1.22 -1.18 -1.07 -1.00 -1.00 -1.00 -1.00 -1.00 -1.00 -1.00 -1.00 -1.00 -1.00 -1.00 -1.00 -1.00 -1.00 -1.00 -1.00 -1.00 -1.00 -0.99 -0.99 -1.00 -1.02 -1.05 -1.09 -1.13 -1.23 -1.39 -1.46 -1.70 2.35 -0.36 5.63 4.74 3.02 2.95 3.83 6.81 6.85 6.67 7.43 7.39 5.85 7.02
2.00 2.02 1.38 0.65 -0.03 -0.49 -0.72 -0.77 -0.69 -0.52 -0.20 0.24 0.75 1.24 1.74 2.26 2.76 1.94 3.79 3.96 4.02 4.85 4.15 3.00 4.14 1.72 0.70 0.02 -0.64 -1.08 -1.25 -1.20 -1.08 -1.00 -1.00 -1.00 -1.00 -1.00 -1.00 -1.00 -1.00 -1.00 -1.00 -1.00 -1.00 -1.00 -1.00 -1.00 -1.00 -1.00 -1.01 -1.03 -1.03 -1.03 -1.00 -0.95 -0.89 -0.83 -0.82 -0.85 -0.85 5.29 1.74 0.82 6.15 4.10 2.94 4.03 4.15 4.83 7.02 7.19 9.09 8.90 8.15 7.17
1.41 0.95 0.43 -0.16 -0.70 -1.07 -1.24 -1.27 -1.18 -1.02 -0.74 -0.35 0.09 0.52 0.94 1.38 1.81 1.97 2.49 3.02 3.16 3.37 3.30 3.07 4.07 3.98 2.51 -0.17 -0.70 -1.07 -1.20 -1.16 -1.07 -1.00 -1.00 -1.00 -1.00 -1.00 -1.00 -1.00 -1.00 -1.00 -1.00 -1.00 -1.00 -1.00 -1.00 -0.99 -0.99 -1.00 -1.05 -1.12 -1.16 -1.11 -0.96 -0.72 -0.44 -0.13 0.17 0.18 3.60 2.38 1.93 4.80 8.03 5.11 5.17 5.54 5.74 6.39 6.23 7.34 8.23 7.96 7.15 7.89
0.33 0.06 -0.27 -0.63 -0.95 -1.17 -1.27 -1.28 -1.23 -1.12 -0.94 -0.69 -0.41 -0.14 0.13 0.40 0.67 0.90 1.12 1.33 1.47 1.46 1.29 1.85 2.77 0.80 -0.22 -0.48 -0.81 -1.04 -1.12 -1.10 -1.04 -1.00 -1.00 -1.00 -1.00 -1.00 -1.00 -1.00 -1.00 -1.00 -1.00 -1.00 -1.00 -1.00 -1.00 -0.99 -0.99 -1.00 -1.08 -1.22 -1.29 -1.18 -0.86 -0.38 0.19 0.80 1.44 6.02 3.89 3.59 4.96 5.80 3.83 4.03 5.03 3.97 6.06 7.07 7.17 7.14 9.05 8.00 8.95 10.09
-0.43 -0.58 -0.77 -0.95 -1.11 -1.22 -1.27 -1.27 -1.24 -1.17 -1.07 -0.93 -0.77 -0.62 -0.47 -0.32 -0.17 -0.04 0.09 0.21 0.29 0.31 0.22 -0.00 -0.28 -0.38 -0.52 -0.72 -0.90 -1.02 -1.07 -1.05 -1.02 -1.00 -1.00 -1.00 -1.00 -1.00 -1.00 -1.00 -1.00 -1.00 -1.00 -1.00 -1.00 -1.00 -1.00 -1.00 -1.00 -1.01 -1.10 -1.24 -1.30 -1.12 -0.63 0.09 0.64 1.63 2.73 3.42 3.50 3.89 3.37 3.32 3.87 4.37 5.37 6.17 7.61 8.06 9.18 8.56 8.38 7.93 6.82 9.51
-0.88 -0.95 -1.04 -1.09 -1.13 -1.16 -1.17 -1.17 -1.16 -1.13 -1.09 -1.03 -0.97 -0.91 -0.85 -0.79 -0.73 -0.68 -0.63 -0.58 -0.54 -0.53 -0.56 -0.62 -0.69 -0.75 -0.82 -0.89 -0.96 -1.01 -1.02 -1.02 -1.01 -1.00 -1.00 -1.00 -1.00 -1.00 -1.00 -1.00 -1.00 -1.00 -1.00 -1.00 -1.00 -1.00 -1.01 -1.01 -1.02 -1.02 -1.09 -1.21 -1.21 -0.93 -0.26 0.70 5.96 4.99 2.99 4.99 3.99 5.98 4.98 4.99 5.99 5.98 6.98 7.00 8.00 8.01 8.01 8.01 9.01 9.01 8.00 8.01
-1.14 -1.15 -1.15 -1.12 -1.07 -1.04 -1.03 -1.03 -1.03 -1.03 -1.04 -1.05 -1.06 -1.07 -1.09 -1.10 -1.11 -1.12 -1.13 -1.14 -1.14 -1.14 -1.13 -1.11 -1.08 -1.06 -1.05 -1.03 -1.01 -1.00 -0.99 -0.99 -1.00 -1.00 -1.00 -1.00 -1.00 -1.00 -1.00 -1.00 -1.00 -1.00 -1.00 -1.00 -1.00 -1.00 -1.02 -1.04 -1.05 -1.03 -1.05 -1.10 -1.01 -0.60 0.14 2.79 6.87 3.06 4.27 5.00 5.68 7.17 7.24 6.12 4.88 5.95 6.13 6.59 6.72 6.52 6.52 6.52 6.86 6.86 6.98 7.64
-1.24 -1.23 -1.20 -1.13 -1.05 -1.00 -0.98 -0.97 -0.98 -1.00 -1.02 -1.06 -1.10 -1.14 -1.18 -1.22 -1.26 -1.29 -1.32 -1.35 -1.37 -1.37 -1.34 -1.29 -1.24 -1.18 -1.13 -1.08 -1.03 -0.99 -0.98 -0.98 -0.99 -1.00 -1.00 -1.00 -1.00 -1.00 -1.00 -1.00 -1.00 -1.00 -1.00 -1.00 -1.00 -1.00 -1.03 -1.09 -1.11 -1.05 -0.97 -0.87 -0.62 -0.07 2.73 5.03 2.30 2.85 3.90 4.90 5.85 5.13 5.13 5.04 5.86 6.86 5.90 5.99 5.94 5.99 6.04 5.99 7.05 7.00 6.04 6.08
-1.16 -1.16 -1.15 -1.10 -1.03 -0.99 -0.98 -0.98 -0.99 -1.00 -1.01 -1.04 -1.06 -1.08 -1.11 -1.13 -1.16 -1.18 -1.20 -1.22 -1.23 -1.23 -1.21 -1.18 -1.15 -1.11 -1.08 -1.05 -1.02 -1.00 -0.99 -0.99 -1.00 -1.00 -1.00 -1.00 -1.00 -1.00 -1.00 -1.00 -1.00 -1.00 -1.00 -1.00 -1.00 -1.00 -1.06 -1.15 -1.18 -1.08 -0.85 -0.54 -0.06 0.49 4.95 5.33 3.61 4.58 4.24 6.85 7.04 6.01 6.07 6.38 7.14 7.54 5.97 5.73 5.23 6.03 4.89 5.97 5.62 6.73 7.11 6.64
-1.05 -1.06 -1.08 -1.05 -1.02 -1.00 -0.99 -1.00 -1.00 -1.00 -1.00 -1.01 -1.01 -1.01 -1.02 -1.02 -1.02 -1.03 -1.03 -1.03 -1.03 -1.03 -1.03 -1.03 -1.02 -1.02 -1.01 -1.01 -1.00 -1.00 -1.00 -1.00 -1.00 -1.00 -1.00 -1.00 -1.00 -1.00 -1.00 -1.00 -1.00 -1.00 -1.00 -1.00 -1.00 -1.00 -1.09 -1.22 -1.27 -1.11 -0.70 -0.13 0.61 5.60 5.33 4.22 4.84 6.77 5.68 6.77 7.80 7.59 6.00 6.23 5.33 5.95 6.87 4.98 5.09 5.06 5.80 6.87 5.70 5.91 6.27 5.65
-1.04 -1.04 -1.06 -1.04 -1.02 -1.00 -1.00 -1.00 -1.00 -1.00 -1.00 -1.00 -1.00 -1.00 -1.00 -0.99 -0.99 -0.99 -0.99 -0.99 -0.99 -0.99 -0.99 -0.99 -0.99 -1.00 -1.00 -1.00 -1.00 -1.00 -1.00 -1.00 -1.00 -1.00 -1.00 -1.00 -1.00 -1.00 -1.00 -1.00 -1.00 -1.00 -1.00 -0.99 -0.99 -1.00 -1.12 -1.31 -1.38 -1.15 -0.51 0.41 1.41 9.74 7.13 7.36 8.20 7.90 8.00 7.03 7.87 7.71 6.14 5.86 6.06 6.14 5.76 5.00 7.14 7.13 6.16 5.95 7.09 7.06 5.07 5.29
-1.05 -1.05 -1.05 -1.04 -1.01 -1.00 -1.00 -1.00 -1.00 -1.00 -1.00 -1.00 -1.00 -1.00 -1.00 -1.00 -1.00 -1.00 -1.00 -0.99 -0.99 -0.99 -0.99 -1.00 -1.00 -1.00 -1.00 -1.00 -1.00 -1.00 -1.00 -1.00 -1.00 -1.00 -1.00 -1.00 -1.00 -1.00 -1.00 -1.00 -1.00 -1.00 -1.00 -0.99 -0.99 -1.01 -1.16 -1.41 -1.50 -1.19 -0.28 1.04 6.03 7.61 6.93 6.57 7.26 7.62 6.29 5.67 6.22 5.91 6.97 4.81 5.93 7.04 6.28 5.00 6.34 6.93 6.38 5.26 5.60 7.00 6.71 7.09
-1.01 -1.03 -1.05 -1.04 -1.02 -1.00 -1.00 -1.00 -1.00 -1.00 -1.00 -1.00 -1.00 -1.00 -1.00 -1.00 -1.00 -1.00 -1.00 -1.00 -1.00 -1.00 -1.00 -1.00 -1.00 -1.00 -1.00 -1.00 -1.00 -1.00 -1.00 -1.00 -1.00 -1.00 -1.00 -1.00 -1.00 -1.00 -1.00 -1.00 -1.00 -1.00 -1.00 -0.99 -0.99 -1.01 -1.19 -1.48 -1.58 -1.21 -0.12 1.47 7.96 6.97 7.94 7.97 7.94 7.96 6.00 5.00 6.99 5.96 7.99 7.11 6.99 7.00 7.05 5.00 6.00 8.03 6.09 6.07 6.12 7.05 7.09 7.04
-0.88 -1.01 -1.07 -1.07 -1.04 -1.02 -1.01 -1.01 -1.00 -1.00 -1.00 -1.00 -1.00 -1.00 -1.00 -1.00 -1.00 -1.00 -1.00 -1.00 -1.00 -1.00 -1.00 -1.00 -1.00 -1.00 -1.00 -1.00 -1.00 -1.00 -1.00 -1.00 -1.00 -1.00 -1.00 -1.00 -1.00 -1.00 -1.00 -1.00 -1.00 -1.00 -1.00 -0.99 -0.99 -1.01 -1.19 -1.50 -1.61 -1.22 -0.07 3.37 6.23 7.06 6.40 5.81 5.30 6.36 5.42 4.94 5.94 4.94 5.77 7.02 5.88 6.48 6.57 5.00 5.48 7.55 8.12 8.10 8.06 7.54 9.25 8.12
-0.69 -0.97 -1.09 -1.09 -1.05 -1.03 -1.03 -1.02 -1.01 -1.00 -1.00 -1.00 -1.00 -1.00 -1.00 -1.00 -1.00 -1.00 -1.00 -1.00 -1.00 -1.00 -1.00 -1.00 -1.00 -1.00 -1.00 -1.00 -1.00 -1.00 -1.00 -1.00 -1.00 -1.00 -1.00 -1.00 -1.00 -1.00 -1.00 -1.00 -1.00 -1.00 -1.00 -0.99 -0.99 -1.01 -1.19 -1.48 -1.59 -1.21 -0.08 5.07 8.94 6.05 6.98 6.97 5.99 7.01 5.99 6.00 6.02 5.00 6.95 6.00 7.00 6.02 4.02 5.00 5.00 6.04 8.04 9.04 9.00 7.00 7.05 7.03
-0.44 -0.83 -1.00 -1.05 -1.04 -1.03 -1.04 -1.03 -1.01 -1.00 -1.00 -1.00 -1.00 -1.00 -1.00 -1.00 -1.00 -1.00 -1.00 -1.00 -1.00 -1.00 -1.00 -1.00 -1.00 -1.00 -1.00 -1.00 -1.00 -1.00 -1.00 -1.00 -1.00 -1.00 -1.00 -1.00 -1.00 -1.00 -1.00 -1.00 -1.00 -1.00 -1.00 -0.99 -0.99 -1.01 -1.18 -1.45 -1.55 -1.20 -0.14 1.19 6.77 4.56 7.80 7.47 4.93 4.86 4.93 4.51 4.56 4.63 5.88 5.68 5.60 4.98 4.42 5.37 5.00 4.98 5.90 6.11 7.23 6.68 6.68 6.63
-0.11 -0.56 -0.80 -0.92 -0.97 -1.01 -1.04 -1.04 -1.02 -1.00 -1.00 -1.00 -1.00 -1.00 -1.00 -1.00 -1.00 -1.00 -1.00 -1.00 -1.00 -1.00 -1.00 -1.00 -1.00 -1.00 -1.00 -1.00 -1.00 -1.00 -1.00 -1.00 -1.00 -1.00 -1.00 -1.00 -1.00 -1.00 -1.00 -1.00 -1.00 -1.00 -1.00 -0.99 -0.99 -1.01 -1.15 -1.40 -1.48 -1.18 -0.24 1.14 6.07 3.93 5.11 6.13 4.94 5.00 4.94 4.87 3.93 3.93 3.91 4.05 4.05 4.06 4.07 6.07 5.00 4.06 5.12 4.98 5.09 5.11 5.11 6.05
0.26 -0.23 -0.54 -0.75 -0.89 -0.99 -1.04 -1.04 -1.02 -1.01 -1.01 -1.00 -1.00 -1.00 -1.00 -1.00 -1.00 -1.00 -1.00 -1.00 -1.00 -1.00 -1.00 -1.00 -1.00 -1.00 -1.00 -1.00 -1.00 -1.00 -1.00 -1.00 -1.00 -1.00 -1.00 -1.00 -1.00 -1.00 -1.00 -1.00 -1.00 -1.00 -1.00 -0.99 -0.99 -1.00 -1.13 -1.33 -1.40 -1.14 -0.37 0.76 1.70 4.50 7.46 7.94 5.58 5.29 5.84 5.03 5.13 5.10 5.57 5.31 5.31 5.10 4.81 5.16 5.26 4.84 5.03 5.29 5.00 5.26 5.23 5.16
0.61 0.13 -0.23 -0.54 -0.78 -0.95 -1.04 -1.05 -1.02 -1.01 -1.01 -1.01 -1.00 -1.00 -1.00 -1.00 -1.00 -1.00 -1.00 -1.00 -1.00 -1.00 -1.00 -1.00 -1.00 -1.00 -1.00 -1.00 -1.00 -1.00 -1.00 -1.00 -1.00 -1.00 -1.00 -1.00 -1.00 -1.00 -1.00 -1.00 -1.00 -1.00 -1.00 -1.00 -1.00 -1.00 -1.10 -1.26 -1.31 -1.11 -0.51 0.39 1.23 1.80 5.81 6.28 4.71 4.50 5.04 4.24 3.33 4.24 6.37 6.10 6.10 4.16 4.73 6.03 5.34 3.97 4.24 4.50 5.07 5.27 6.17 6.10
1.04 0.52 0.15 -0.26 -0.64 -0.90 -1.03 -1.05 -1.03 -1.02 -1.02 -1.01 -1.01 -1.00 -1.00 -1.00 -1.00 -1.00 -1.00 -1.00 -1.00 -1.00 -1.00 -1.00 -1.00 -1.00 -1.00 -1.00 -1.00 -1.00 -1.00 -1.00 -1.00 -1.00 -1.00 -1.00 -1.00 -1.00 -1.00 -1.00 -1.00 -1.00 -1.00 -1.00 -1.00 -1.00 -1.07 -1.18 -1.22 -1.08 -0.65 -0.02 1.85 3.75 3.73 4.73 4.76 3.88 3.94 4.00 5.01 3.89 4.84 4.72 4.72 4.83 4.89 5.88 3.94 4.00 4.00 3.88 3.94 4.89 4.00 4.94
3.85 2.80 0.48 -0.03 -0.51 -0.86 -1.02 -1.05 -1.03 -1.02 -1.03 -1.02 -1.01 -1.00 -1.00 -1.00 -1.00 -1.00 -1.00 -1.00 -1.00 -1.00 -1.00 -1.00 -1.00 -1.00 -1.00 -1.00 -1.00 -1.00 -1.00 -1.00 -1.00 -1.00 -1.00 -1.00 -1.00 -1.00 -1.00 -1.00 -1.00 -1.00 -1.00 -1.00 -1.00 -1.00 -1.05 -1.12 -1.14 -1.05 -0.78 -0.39 -0.03 0.23 0.94 2.06 3.31 3.43 4.00 4.07 3.26 2.95 3.40 2.98 2.90 2.98 3.95 5.72 4.00 4.00 3.93 3.58 4.00 3.95 5.12 5.07
6.00 3.98 0.64 0.09 -0.45 -0.84 -1.01 -1.05 -1.03 -1.02 -1.03 -1.02 -1.01 -1.00 -1.00 -1.00 -1.00 -1.00 -1.00 -1.00 -1.00 -1.00 -1.00 -1.00 -1.00 -1.00 -1.00 -1.00 -1.00 -1.00 -1.00 -1.00 -1.00 -1.00 -1.00 -1.00 -1.00 -1.00 -1.00 -1.00 -1.00 -1.00 -1.00 -1.00 -1.00 -1.00 -1.03 -1.07 -1.08 -1.03 -0.87 -0.64 -0.40 -0.19 0.04 5.03 7.04 6.04 4.00 2.98 4.02 3.00 2.00 2.03 3.02 2.00 4.00 3.96 3.98 4.02 5.02 4.00 4.00 4.00 3.98 3.98
3.16 2.02 0.68 0.12 -0.43 -0.83 -1.18 -1.05 -1.03 -1.02 -1.03 -1.02 -1.01 -1.00 -1.00 -1.00 -1.00 -1.00 -1.00 -1.00 -1.00 -1.00 -1.00 -1.00 -1.00 -1.00 -1.00 -1.00 -1.00 -1.00 -1.00 -1.00 -1.00 -1.00 -1.00 -1.00 -1.00 -1.00 -1.00 -1.00 -1.00 -1.00 -1.00 -1.00 -1.00 -1.00 -1.01 -1.04 -1.04 -1.02 -0.93 -0.81 -0.68 -0.57 1.49 2.86 3.73 4.33 3.28 2.28 2.81 2.82 2.94 3.59 3.47 2.88 3.28 3.34 2.82 4.05 4.52 4.00 4.00 4.00 4.54 4.48
1.05 0.96 0.52 -0.03 -0.46 -0.84 1.96 -1.04 -1.03 -1.02 -1.03 -1.02 -1.01 -1.00 -1.00 -1.00 -1.00 -1.00 -1.00 -1.00 -1.00 -1.00 -1.00 -1.00 -1.00 -1.00 -1.00 -1.00 -1.00 -1.00 -1.00 -1.00 -1.00 -1.00 -1.00 -1.00 -1.00 -1.00 -1.00 -1.00 -1.00 -1.00 -1.00 -1.00 -1.00 -1.00 -1.01 -1.01 -1.02 -1.01 -0.97 -0.93 -0.88 -0.84 -0.81 3.86 6.78 6.76 6.84 5.74 5.73 5.82 4.87 3.92 4.87 5.82 6.80 5.82 4.94 3.85 3.83 3.93 4.00 3.97 4.02 5.00
2.34 0.63 2.26 2.17 -0.55 -0.86 -1.22 -1.03 -1.02 -1.02 -1.03 -1.02 -1.01 -1.00 -1.00 -1.00 -1.00 -1.00 -1.00 -1.00 -1.00 -1.00 -1.00 -1.00 -1.00 -1.00 -1.00 -1.00 -1.00 -1.00 -1.00 -1.00 -1.00 -1.00 -1.00 -1.00 -1.00 -1.00 -1.00 -1.00 -1.00 -1.00 -1.00 -1.00 -1.00 -1.00 -1.00 -1.00 -1.00 -1.00 -1.00 -1.00 -0.99 -0.99 -0.99 5.16 6.05 7.58 5.35 7.28 7.66 7.24 6.16 5.12 5.46 6.87 6.38 7.20 5.37 8.75 10.61 6.56 4.33 4.79 4.74 4.67
0.20 0.16 -0.09 -0.41 -0.68 -0.90 -1.00 -1.02 -1.02 -1.01 -1.02 -1.01 -1.01 -1.00 -1.00 -1.00 -1.00 -1.00 -1.00 -1.00 -1.00 -1.00 -1.00 -1.00 -1.00 -1.00 -1.00 -1.00 -1.00 -1.00 -1.00 -1.00 -1.00 -1.00 -1.00 -1.00 -1.00 -1.00 -1.00 -1.00 -1.00 -1.00 -1.00 -1.00 -1.00 -1.00 -1.00 -1.00 -1.00 -1.00 -1.01 -1.02 -1.03 -1.04 -1.05 3.56 3.20 2.31 2.08 2.21 2.38 3.47 4.30 4.15 3.06 3.37 4.06 4.39 5.58 6.94 7.01 5.44 5.14 3.07 3.98 3.98
-0.23 -0.27 -0.40 -0.59 -0.79 -0.94 -1.00 -1.01 -1.01 -1.01 -1.01 -1.01 -1.00 -1.00 -1.00 -1.00 -1.00 -1.00 -1.00 -1.00 -1.00 -1.00 -1.00 -1.00 -1.00 -1.00 -1.00 -1.00 -1.00 -1.00 -1.00 -1.00 -1.00 -1.00 -1.00 -1.00 -1.00 -1.00 -1.00 -1.00 -1.00 -1.00 -1.00 -1.00 -1.00 -1.00 -1.00 -0.99 -0.99 -1.00 -1.01 -1.03 -1.05 -1.06 -1.07 -0.70 7.93 7.08 5.38 5.40 5.01 5.36 4.17 4.19 4.03 4.85 5.68 5.26 3.91 4.60 5.54 3.29 2.67 4.29 4.00 4.24
-0.63 -0.64 -0.70 -0.80 -0.90 -0.97 -1.00 -1.01 -1.00 -1.00 -1.01 -1.00 -1.00 -1.00 -1.00 -1.00 -1.00 -1.00 -1.00 -1.00 -1.00 -1.00 -1.00 -1.00 -1.00 -1.00 -1.00 -1.00 -1.00 -1.00 -1.00 -1.00 -1.00 -1.00 -1.00 -1.00 -1.00 -1.00 -1.00 -1.00 -1.00 -1.00 -1.00 -1.00 -1.00 -1.00 -1.00 -1.00 -0.99 -1.00 -1.01 -1.02 -1.04 -1.05 -1.06 -0.10 7.94 9.49 6.90 6.03 3.89 5.31 5.76 4.89 5.30 8.21 7.46 6.11 4.65 9.65 7.23 3.48 1.89 4.31 4.00 3.59
