Instances/KarkinytskaGulf/GMRTv3_3_20170610topo.asc
ncols 592
nrows 377
xllcorner 32.499755859375
yllcorner 45.41541887757019
cellsize 0.002197265625
nodata_value -2147483648
[rows 102 to 135 of 377, columns 304 to 379 of 592]
-9.09 -9.14 -9.17 -9.19 -9.18 -9.11 -8.94 -8.70 -8.45 -8.27 -8.18 -8.16 -8.13 -8.06 -7.92 -7.73 -7.53 -7.36 -7.26 -7.18 -7.10 -6.96 -6.75 -6.50 -6.22 -5.95 -5.67 -5.38 -5.10 -4.85 -4.64 -4.44 -4.28 -4.15 -4.06 -4.00 -3.99 -4.04 -4.18 -4.37 -4.63 -4.93 -5.33 -5.82 -6.29 -6.64 -6.83 -6.93 -6.97 -7.00 -7.04 -7.07 -7.06 -7.02 -6.91 -6.77 -6.61 -6.47 -6.34 -6.22 -6.11 -6.04 -6.01 -6.03 -6.04 -5.98 -5.83 -5.63 -5.39 -5.17 -4.94 -4.69 -4.46 -4.28 -4.17 -4.09
-9.30 -9.39 -9.43 -9.46 -9.45 -9.37 -9.19 -8.92 -8.65 -8.46 -8.38 -8.38 -8.39 -8.35 -8.24 -8.10 -7.94 -7.79 -7.66 -7.54 -7.40 -7.22 -6.98 -6.70 -6.41 -6.12 -5.84 -5.56 -5.28 -5.04 -4.82 -4.63 -4.45 -4.31 -4.19 -4.10 -4.04 -4.03 -4.06 -4.12 -4.25 -4.46 -4.81 -5.26 -5.73 -6.11 -6.40 -6.64 -6.83 -6.97 -7.07 -7.13 -7.14 -7.11 -7.04 -6.91 -6.77 -6.63 -6.49 -6.33 -6.20 -6.10 -6.07 -6.09 -6.10 -6.04 -5.88 -5.66 -5.42 -5.19 -4.99 -4.79 -4.60 -4.44 -4.31 -4.20
-9.47 -9.60 -9.67 -9.71 -9.71 -9.64 -9.46 -9.19 -8.92 -8.73 -8.65 -8.65 -8.67 -8.65 -8.58 -8.51 -8.40 -8.27 -8.12 -7.93 -7.72 -7.50 -7.24 -6.97 -6.68 -6.40 -6.12 -5.83 -5.56 -5.31 -5.10 -4.91 -4.74 -4.60 -4.49 -4.40 -4.33 -4.25 -4.14 -4.00 -3.92 -3.97 -4.20 -4.56 -4.98 -5.37 -5.77 -6.19 -6.58 -6.87 -7.03 -7.10 -7.12 -7.11 -7.08 -7.01 -6.92 -6.81 -6.67 -6.49 -6.32 -6.19 -6.13 -6.12 -6.10 -6.02 -5.86 -5.64 -5.40 -5.20 -5.05 -4.91 -4.79 -4.66 -4.51 -4.35
-9.62 -9.78 -9.87 -9.92 -9.92 -9.86 -9.70 -9.45 -9.19 -9.01 -8.94 -8.92 -8.92 -8.90 -8.88 -8.85 -8.80 -8.70 -8.52 -8.29 -8.04 -7.78 -7.52 -7.25 -6.98 -6.70 -6.42 -6.13 -5.86 -5.61 -5.41 -5.22 -5.06 -4.93 -4.83 -4.77 -4.70 -4.58 -4.34 -4.03 -3.75 -3.64 -3.74 -3.97 -4.29 -4.66 -5.12 -5.69 -6.24 -6.65 -6.88 -6.99 -7.03 -7.06 -7.09 -7.09 -7.05 -6.97 -6.83 -6.64 -6.44 -6.28 -6.19 -6.13 -6.08 -5.99 -5.82 -5.62 -5.41 -5.24 -5.13 -5.05 -4.98 -4.87 -4.70 -4.49
-9.72 -9.88 -9.97 -10.02 -10.03 -9.99 -9.85 -9.65 -9.44 -9.27 -9.18 -9.12 -9.08 -9.04 -9.03 -9.03 -9.01 -8.94 -8.78 -8.57 -8.33 -8.08 -7.82 -7.55 -7.27 -6.99 -6.71 -6.42 -6.14 -5.89 -5.69 -5.51 -5.36 -5.23 -5.15 -5.12 -5.07 -4.95 -4.69 -4.34 -4.01 -3.81 -3.77 -3.82 -3.96 -4.21 -4.63 -5.20 -5.78 -6.24 -6.54 -6.77 -6.93 -7.05 -7.13 -7.16 -7.15 -7.09 -6.94 -6.73 -6.50 -6.32 -6.21 -6.14 -6.07 -5.97 -5.84 -5.67 -5.51 -5.37 -5.27 -5.20 -5.12 -5.00 -4.81 -4.57
-9.79 -9.90 -9.97 -10.02 -10.04 -10.01 -9.93 -9.80 -9.66 -9.52 -9.40 -9.28 -9.16 -9.08 -9.05 -9.06 -9.06 -9.01 -8.91 -8.77 -8.60 -8.40 -8.16 -7.87 -7.57 -7.28 -6.99 -6.69 -6.41 -6.16 -5.96 -5.79 -5.65 -5.54 -5.49 -5.49 -5.48 -5.40 -5.21 -4.94 -4.66 -4.44 -4.24 -4.04 -3.93 -3.97 -4.24 -4.68 -5.18 -5.63 -6.03 -6.44 -6.79 -7.05 -7.19 -7.25 -7.24 -7.17 -7.02 -6.78 -6.53 -6.33 -6.21 -6.13 -6.05 -5.97 -5.88 -5.79 -5.69 -5.59 -5.48 -5.37 -5.24 -5.07 -4.85 -4.60
-9.88 -9.94 -9.98 -10.01 -10.03 -10.02 -9.98 -9.92 -9.83 -9.73 -9.58 -9.39 -9.21 -9.08 -9.03 -9.04 -9.05 -9.03 -8.97 -8.90 -8.79 -8.64 -8.41 -8.13 -7.83 -7.54 -7.25 -6.96 -6.68 -6.43 -6.22 -6.03 -5.88 -5.77 -5.74 -5.76 -5.78 -5.74 -5.63 -5.46 -5.26 -5.03 -4.72 -4.34 -4.01 -3.88 -4.00 -4.29 -4.67 -5.07 -5.53 -6.06 -6.56 -6.92 -7.12 -7.20 -7.20 -7.15 -7.00 -6.77 -6.52 -6.33 -6.20 -6.11 -6.04 -5.98 -5.93 -5.90 -5.87 -5.79 -5.67 -5.51 -5.32 -5.11 -4.88 -4.61
-10.05 -10.06 -10.06 -10.06 -10.04 -10.02 -9.99 -9.97 -9.92 -9.83 -9.66 -9.44 -9.22 -9.07 -9.02 -9.03 -9.05 -9.04 -8.99 -8.92 -8.82 -8.69 -8.50 -8.27 -8.01 -7.76 -7.50 -7.23 -6.97 -6.72 -6.47 -6.23 -6.03 -5.88 -5.82 -5.83 -5.85 -5.82 -5.75 -5.65 -5.52 -5.32 -4.99 -4.57 -4.18 -3.97 -3.99 -4.15 -4.41 -4.72 -5.13 -5.64 -6.14 -6.51 -6.75 -6.89 -6.95 -6.96 -6.86 -6.68 -6.47 -6.31 -6.19 -6.11 -6.03 -5.98 -5.96 -5.97 -5.97 -5.91 -5.78 -5.59 -5.37 -5.14 -4.89 -4.62
-10.26 -10.23 -10.18 -10.12 -10.06 -10.00 -9.98 -9.97 -9.94 -9.86 -9.68 -9.44 -9.21 -9.04 -8.99 -9.00 -9.03 -9.02 -8.95 -8.85 -8.74 -8.61 -8.46 -8.31 -8.13 -7.94 -7.73 -7.50 -7.26 -7.01 -6.72 -6.39 -6.10 -5.88 -5.77 -5.75 -5.74 -5.72 -5.68 -5.65 -5.58 -5.44 -5.17 -4.80 -4.44 -4.22 -4.16 -4.20 -4.32 -4.50 -4.79 -5.18 -5.58 -5.91 -6.16 -6.38 -6.55 -6.63 -6.62 -6.52 -6.38 -6.27 -6.19 -6.10 -6.03 -5.98 -5.98 -6.02 -6.04 -5.99 -5.84 -5.64 -5.40 -5.15 -4.89 -4.62
-10.50 -10.44 -10.35 -10.23 -10.12 -10.03 -9.99 -9.99 -9.97 -9.90 -9.71 -9.46 -9.22 -9.04 -8.97 -8.98 -8.99 -8.96 -8.87 -8.74 -8.60 -8.47 -8.37 -8.27 -8.17 -8.03 -7.86 -7.67 -7.45 -7.20 -6.87 -6.49 -6.12 -5.85 -5.70 -5.63 -5.60 -5.56 -5.54 -5.55 -5.53 -5.45 -5.24 -4.95 -4.67 -4.46 -4.36 -4.30 -4.31 -4.38 -4.53 -4.77 -5.03 -5.29 -5.55 -5.82 -6.07 -6.24 -6.31 -6.30 -6.25 -6.21 -6.16 -6.10 -6.03 -5.99 -6.00 -6.05 -6.08 -6.03 -5.88 -5.66 -5.41 -5.15 -4.89 -4.61
-10.79 -10.71 -10.58 -10.41 -10.24 -10.11 -10.06 -10.05 -10.03 -9.95 -9.77 -9.51 -9.26 -9.07 -8.98 -8.94 -8.92 -8.85 -8.73 -8.57 -8.41 -8.28 -8.20 -8.15 -8.09 -8.00 -7.87 -7.71 -7.52 -7.27 -6.93 -6.50 -6.09 -5.77 -5.58 -5.46 -5.40 -5.34 -5.31 -5.33 -5.33 -5.29 -5.17 -5.00 -4.83 -4.68 -4.57 -4.47 -4.39 -4.36 -4.37 -4.42 -4.51 -4.65 -4.88 -5.20 -5.51 -5.76 -5.91 -6.02 -6.09 -6.13 -6.13 -6.09 -6.04 -6.01 -6.03 -6.08 -6.10 -6.04 -5.89 -5.67 -5.41 -5.15 -4.89 -4.61
-11.11 -11.01 -10.84 -10.63 -10.41 -10.24 -10.17 -10.14 -10.11 -10.02 -9.84 -9.59 -9.34 -9.13 -9.00 -8.91 -8.83 -8.72 -8.55 -8.36 -8.18 -8.04 -7.98 -7.96 -7.94 -7.88 -7.77 -7.65 -7.48 -7.24 -6.89 -6.45 -6.01 -5.67 -5.44 -5.28 -5.17 -5.08 -5.04 -5.03 -5.04 -5.03 -5.01 -4.98 -4.94 -4.88 -4.78 -4.67 -4.54 -4.43 -4.29 -4.12 -4.01 -4.02 -4.22 -4.54 -4.91 -5.21 -5.46 -5.69 -5.88 -6.02 -6.08 -6.08 -6.05 -6.04 -6.06 -6.09 -6.09 -6.03 -5.88 -5.66 -5.41 -5.15 -4.89 -4.60
-11.40 -11.29 -11.10 -10.86 -10.61 -10.42 -10.34 -10.31 -10.27 -10.18 -9.99 -9.75 -9.49 -9.26 -9.07 -8.89 -8.73 -8.56 -8.38 -8.20 -8.02 -7.89 -7.81 -7.77 -7.74 -7.67 -7.56 -7.44 -7.29 -7.07 -6.74 -6.34 -5.94 -5.61 -5.38 -5.19 -5.05 -4.94 -4.86 -4.84 -4.83 -4.83 -4.86 -4.90 -4.94 -4.93 -4.86 -4.76 -4.63 -4.47 -4.24 -3.94 -3.69 -3.60 -3.74 -4.03 -4.39 -4.72 -5.03 -5.36 -5.66 -5.89 -6.00 -6.04 -6.05 -6.05 -6.08 -6.10 -6.09 -6.02 -5.86 -5.65 -5.40 -5.15 -4.88 -4.60
-11.68 -11.58 -11.39 -11.14 -10.89 -10.70 -10.61 -10.59 -10.56 -10.46 -10.26 -10.01 -9.72 -9.45 -9.16 -8.86 -8.58 -8.34 -8.16 -8.04 -7.93 -7.81 -7.69 -7.56 -7.44 -7.30 -7.16 -7.02 -6.86 -6.67 -6.42 -6.14 -5.86 -5.62 -5.41 -5.23 -5.07 -4.94 -4.84 -4.77 -4.72 -4.70 -4.70 -4.74 -4.78 -4.78 -4.76 -4.71 -4.63 -4.50 -4.24 -3.89 -3.58 -3.43 -3.48 -3.67 -3.94 -4.24 -4.59 -5.01 -5.41 -5.72 -5.90 -6.00 -6.04 -6.08 -6.11 -6.13 -6.11 -6.03 -5.87 -5.66 -5.40 -5.15 -4.88 -4.59
-11.90 -11.80 -11.62 -11.38 -11.15 -10.97 -10.89 -10.87 -10.85 -10.74 -10.55 -10.29 -9.99 -9.68 -9.31 -8.89 -8.49 -8.18 -8.02 -7.95 -7.90 -7.80 -7.62 -7.40 -7.17 -6.96 -6.77 -6.59 -6.42 -6.25 -6.09 -5.94 -5.79 -5.63 -5.47 -5.29 -5.13 -4.98 -4.85 -4.74 -4.65 -4.58 -4.56 -4.57 -4.59 -4.60 -4.61 -4.63 -4.61 -4.51 -4.27 -3.91 -3.57 -3.38 -3.35 -3.43 -3.59 -3.83 -4.20 -4.68 -5.17 -5.54 -5.77 -5.92 -6.01 -6.07 -6.11 -6.12 -6.09 -6.01 -5.85 -5.64 -5.39 -5.14 -4.88 -4.60
-11.94 -11.82 -11.65 -11.44 -11.24 -11.08 -11.02 -11.01 -11.00 -10.92 -10.74 -10.52 -10.25 -9.94 -9.55 -9.09 -8.65 -8.32 -8.14 -8.08 -8.03 -7.91 -7.68 -7.41 -7.12 -6.86 -6.64 -6.43 -6.24 -6.07 -5.93 -5.83 -5.73 -5.61 -5.44 -5.25 -5.07 -4.91 -4.77 -4.64 -4.54 -4.48 -4.47 -4.51 -4.56 -4.58 -4.61 -4.64 -4.63 -4.53 -4.28 -3.91 -3.56 -3.34 -3.27 -3.30 -3.41 -3.62 -3.98 -4.48 -4.98 -5.37 -5.61 -5.77 -5.87 -5.94 -5.98 -5.98 -5.95 -5.87 -5.73 -5.55 -5.33 -5.11 -4.88 -4.64
-11.78 -11.63 -11.47 -11.31 -11.16 -11.05 -11.01 -11.02 -11.03 -10.98 -10.86 -10.71 -10.51 -10.25 -9.91 -9.50 -9.09 -8.76 -8.55 -8.42 -8.30 -8.12 -7.87 -7.57 -7.26 -6.98 -6.73 -6.49 -6.27 -6.07 -5.91 -5.78 -5.66 -5.51 -5.32 -5.10 -4.89 -4.72 -4.59 -4.48 -4.40 -4.37 -4.42 -4.53 -4.65 -4.72 -4.73 -4.73 -4.68 -4.55 -4.29 -3.92 -3.57 -3.35 -3.28 -3.31 -3.43 -3.63 -3.96 -4.41 -4.86 -5.21 -5.42 -5.54 -5.62 -5.67 -5.70 -5.70 -5.67 -5.61 -5.50 -5.36 -5.20 -5.04 -4.88 -4.71
-11.60 -11.42 -11.29 -11.17 -11.08 -11.01 -10.99 -11.01 -11.03 -11.01 -10.94 -10.86 -10.73 -10.54 -10.26 -9.91 -9.55 -9.23 -9.00 -8.80 -8.62 -8.40 -8.13 -7.83 -7.53 -7.24 -6.98 -6.72 -6.47 -6.24 -6.05 -5.87 -5.70 -5.51 -5.28 -5.02 -4.78 -4.59 -4.46 -4.38 -4.33 -4.34 -4.43 -4.60 -4.77 -4.86 -4.86 -4.81 -4.70 -4.54 -4.27 -3.91 -3.57 -3.35 -3.29 -3.33 -3.45 -3.63 -3.93 -4.32 -4.72 -5.03 -5.20 -5.31 -5.36 -5.40 -5.42 -5.42 -5.39 -5.34 -5.28 -5.20 -5.10 -5.00 -4.91 -4.82
-11.50 -11.35 -11.25 -11.18 -11.12 -11.08 -11.06 -11.06 -11.06 -11.04 -11.00 -10.95 -10.88 -10.73 -10.49 -10.18 -9.85 -9.56 -9.32 -9.11 -8.91 -8.68 -8.44 -8.17 -7.91 -7.65 -7.40 -7.15 -6.91 -6.67 -6.43 -6.21 -5.98 -5.74 -5.46 -5.16 -4.87 -4.66 -4.52 -4.44 -4.42 -4.43 -4.52 -4.68 -4.83 -4.90 -4.87 -4.77 -4.63 -4.44 -4.17 -3.83 -3.50 -3.29 -3.21 -3.22 -3.31 -3.46 -3.74 -4.12 -4.51 -4.81 -4.99 -5.10 -5.18 -5.23 -5.25 -5.24 -5.21 -5.19 -5.17 -5.14 -5.11 -5.08 -5.04 -5.01
-11.46 -11.36 -11.31 -11.27 -11.24 -11.21 -11.17 -11.13 -11.09 -11.05 -11.02 -11.01 -10.96 -10.85 -10.65 -10.37 -10.07 -9.81 -9.59 -9.39 -9.20 -9.01 -8.81 -8.61 -8.41 -8.20 -7.99 -7.78 -7.56 -7.31 -7.05 -6.76 -6.47 -6.16 -5.82 -5.45 -5.11 -4.86 -4.71 -4.64 -4.62 -4.62 -4.67 -4.77 -4.85 -4.87 -4.79 -4.66 -4.48 -4.28 -4.02 -3.69 -3.39 -3.18 -3.07 -3.03 -3.06 -3.19 -3.45 -3.83 -4.23 -4.55 -4.76 -4.92 -5.04 -5.12 -5.15 -5.13 -5.10 -5.10 -5.12 -5.17 -5.21 -5.23 -5.25 -5.27
-11.44 -11.43 -11.42 -11.42 -11.41 -11.37 -11.31 -11.22 -11.13 -11.06 -11.03 -11.03 -11.01 -10.93 -10.75 -10.50 -10.23 -10.00 -9.81 -9.64 -9.48 -9.32 -9.18 -9.04 -8.91 -8.75 -8.59 -8.42 -8.23 -8.00 -7.71 -7.39 -7.04 -6.69 -6.30 -5.88 -5.50 -5.21 -5.05 -4.98 -4.96 -4.93 -4.93 -4.95 -4.96 -4.91 -4.78 -4.61 -4.40 -4.17 -3.90 -3.59 -3.30 -3.08 -2.93 -2.82 -2.79 -2.87 -3.12 -3.50 -3.90 -4.24 -4.49 -4.70 -4.86 -4.99 -5.04 -5.03 -5.01 -5.02 -5.10 -5.21 -5.31 -5.39 -5.45 -5.50
-11.49 -11.58 -11.63 -11.65 -11.64 -11.59 -11.49 -11.34 -11.19 -11.07 -11.03 -11.03 -11.01 -10.94 -10.77 -10.54 -10.29 -10.09 -9.95 -9.83 -9.73 -9.62 -9.53 -9.45 -9.37 -9.27 -9.16 -9.05 -8.91 -8.70 -8.42 -8.09 -7.72 -7.34 -6.93 -6.48 -6.07 -5.75 -5.58 -5.50 -5.46 -5.40 -5.32 -5.25 -5.15 -5.02 -4.84 -4.62 -4.38 -4.13 -3.84 -3.52 -3.21 -2.96 -2.76 -2.57 -2.46 -2.49 -2.71 -3.08 -3.49 -3.85 -4.14 -4.42 -4.67 -4.85 -4.93 -4.94 -4.94 -4.99 -5.11 -5.27 -5.43 -5.55 -5.64 -5.70
-11.58 -11.78 -11.89 -11.93 -11.91 -11.84 -11.70 -11.48 -11.26 -11.09 -11.02 -11.00 -10.98 -10.90 -10.74 -10.52 -10.29 -10.13 -10.03 -9.98 -9.95 -9.92 -9.88 -9.85 -9.81 -9.76 -9.71 -9.66 -9.58 -9.42 -9.16 -8.84 -8.47 -8.10 -7.68 -7.22 -6.78 -6.44 -6.25 -6.16 -6.10 -5.99 -5.83 -5.64 -5.44 -5.22 -4.98 -4.72 -4.44 -4.15 -3.83 -3.49 -3.15 -2.86 -2.58 -2.31 -2.12 -2.08 -2.26 -2.61 -3.02 -3.40 -3.74 -4.10 -4.43 -4.68 -4.81 -4.85 -4.88 -4.96 -5.13 -5.35 -5.56 -5.71 -5.80 -5.86
-11.60 -11.90 -12.05 -12.11 -12.08 -12.00 -11.83 -11.57 -11.31 -11.11 -11.01 -10.98 -10.96 -10.89 -10.74 -10.55 -10.37 -10.24 -10.18 -10.18 -10.19 -10.18 -10.16 -10.13 -10.10 -10.07 -10.05 -10.05 -10.01 -9.89 -9.68 -9.40 -9.08 -8.74 -8.36 -7.92 -7.51 -7.19 -6.99 -6.88 -6.79 -6.65 -6.45 -6.22 -5.97 -5.70 -5.40 -5.08 -4.75 -4.40 -4.02 -3.63 -3.24 -2.89 -2.55 -2.21 -1.96 -1.86 -1.96 -2.22 -2.56 -2.90 -3.25 -3.65 -4.04 -4.34 -4.52 -4.62 -4.70 -4.83 -5.04 -5.29 -5.53 -5.71 -5.81 -5.86
-11.53 -11.90 -12.09 -12.16 -12.14 -12.05 -11.88 -11.60 -11.32 -11.11 -11.01 -10.98 -10.96 -10.92 -10.82 -10.70 -10.58 -10.49 -10.45 -10.45 -10.44 -10.42 -10.35 -10.26 -10.17 -10.10 -10.08 -10.09 -10.08 -10.02 -9.88 -9.70 -9.49 -9.25 -8.96 -8.62 -8.29 -8.02 -7.84 -7.71 -7.60 -7.46 -7.29 -7.12 -6.91 -6.63 -6.28 -5.87 -5.42 -4.97 -4.48 -3.97 -3.47 -3.03 -2.65 -2.30 -2.02 -1.86 -1.83 -1.90 -2.06 -2.28 -2.59 -2.98 -3.40 -3.74 -3.98 -4.18 -4.35 -4.55 -4.80 -5.07 -5.33 -5.51 -5.60 -5.63
-11.42 -11.84 -12.05 -12.13 -12.11 -12.03 -11.86 -11.59 -11.30 -11.10 -11.01 -10.98 -10.98 -10.96 -10.91 -10.87 -10.82 -10.78 -10.75 -10.72 -10.69 -10.62 -10.49 -10.32 -10.15 -10.03 -9.99 -9.99 -10.01 -9.99 -9.94 -9.88 -9.79 -9.67 -9.49 -9.28 -9.05 -8.85 -8.69 -8.55 -8.42 -8.28 -8.17 -8.08 -7.94 -7.69 -7.30 -6.80 -6.25 -5.69 -5.10 -4.46 -3.85 -3.32 -2.90 -2.55 -2.26 -2.03 -1.84 -1.69 -1.63 -1.69 -1.91 -2.28 -2.69 -3.05 -3.36 -3.65 -3.92 -4.19 -4.47 -4.75 -5.00 -5.19 -5.28 -5.30
-11.29 -11.72 -11.93 -12.01 -11.99 -11.92 -11.76 -11.52 -11.27 -11.09 -11.01 -10.98 -10.98 -10.98 -10.97 -10.97 -10.97 -10.96 -10.93 -10.91 -10.86 -10.77 -10.63 -10.43 -10.23 -10.10 -10.04 -10.04 -10.05 -10.05 -10.04 -10.04 -10.01 -9.97 -9.88 -9.77 -9.64 -9.50 -9.35 -9.18 -9.01 -8.86 -8.77 -8.72 -8.62 -8.40 -8.01 -7.51 -6.94 -6.36 -5.75 -5.08 -4.44 -3.87 -3.42 -3.03 -2.69 -2.37 -2.04 -1.71 -1.46 -1.37 -1.50 -1.79 -2.16 -2.50 -2.83 -3.17 -3.52 -3.83 -4.11 -4.37 -4.60 -4.79 -4.91 -4.98
-11.15 -11.52 -11.72 -11.77 -11.75 -11.69 -11.58 -11.39 -11.20 -11.07 -11.01 -10.99 -10.99 -10.99 -11.00 -11.01 -11.03 -11.02 -11.01 -10.99 -10.94 -10.87 -10.75 -10.60 -10.44 -10.32 -10.26 -10.23 -10.22 -10.20 -10.18 -10.17 -10.15 -10.12 -10.11 -10.09 -10.05 -9.97 -9.80 -9.59 -9.36 -9.17 -9.07 -9.01 -8.93 -8.74 -8.41 -7.99 -7.51 -7.01 -6.47 -5.89 -5.30 -4.75 -4.25 -3.79 -3.34 -2.90 -2.43 -1.93 -1.52 -1.29 -1.29 -1.46 -1.73 -2.01 -2.32 -2.69 -3.07 -3.39 -3.65 -3.87 -4.07 -4.27 -4.46 -4.64
-10.99 -11.30 -11.47 -11.51 -11.48 -11.44 -11.37 -11.25 -11.13 -11.04 -11.00 -10.99 -11.00 -11.00 -11.01 -11.03 -11.04 -11.04 -11.03 -11.02 -10.99 -10.94 -10.86 -10.76 -10.66 -10.57 -10.51 -10.45 -10.41 -10.37 -10.32 -10.28 -10.24 -10.23 -10.25 -10.32 -10.35 -10.31 -10.13 -9.87 -9.59 -9.37 -9.24 -9.17 -9.08 -8.92 -8.67 -8.35 -7.99 -7.60 -7.18 -6.71 -6.22 -5.72 -5.20 -4.66 -4.12 -3.58 -3.00 -2.38 -1.85 -1.49 -1.36 -1.41 -1.56 -1.75 -2.02 -2.37 -2.74 -3.05 -3.26 -3.42 -3.57 -3.77 -4.03 -4.33
-10.80 -11.11 -11.26 -11.30 -11.28 -11.25 -11.22 -11.15 -11.07 -11.02 -11.00 -10.99 -11.00 -11.00 -11.01 -11.02 -11.03 -11.04 -11.04 -11.03 -11.01 -10.98 -10.94 -10.89 -10.83 -10.77 -10.70 -10.63 -10.57 -10.51 -10.46 -10.40 -10.36 -10.35 -10.40 -10.50 -10.57 -10.54 -10.36 -10.07 -9.77 -9.52 -9.38 -9.29 -9.19 -9.05 -8.86 -8.62 -8.36 -8.07 -7.74 -7.39 -7.00 -6.56 -6.07 -5.53 -4.96 -4.40 -3.78 -3.12 -2.53 -2.10 -1.89 -1.83 -1.87 -1.97 -2.15 -2.43 -2.73 -2.98 -3.12 -3.20 -3.30 -3.47 -3.75 -4.09
-10.59 -10.92 -11.08 -11.13 -11.11 -11.10 -11.10 -11.07 -11.03 -11.01 -11.00 -11.00 -11.00 -11.00 -11.00 -11.00 -11.00 -11.00 -11.00 -11.00 -11.01 -11.00 -10.99 -10.98 -10.96 -10.93 -10.87 -10.79 -10.72 -10.65 -10.59 -10.53 -10.48 -10.46 -10.51 -10.61 -10.68 -10.65 -10.46 -10.17 -9.86 -9.61 -9.45 -9.33 -9.22 -9.09 -8.94 -8.79 -8.61 -8.41 -8.20 -7.97 -7.70 -7.36 -6.94 -6.44 -5.92 -5.38 -4.79 -4.16 -3.57 -3.12 -2.84 -2.69 -2.62 -2.61 -2.67 -2.83 -3.00 -3.13 -3.17 -3.17 -3.19 -3.31 -3.57 -3.93
-10.35 -10.73 -10.93 -10.99 -10.99 -11.00 -11.02 -11.01 -11.00 -11.00 -11.00 -11.00 -11.00 -10.99 -10.99 -10.98 -10.97 -10.97 -10.97 -10.98 -11.00 -11.01 -11.02 -11.05 -11.06 -11.04 -11.00 -10.92 -10.85 -10.78 -10.72 -10.66 -10.61 -10.58 -10.62 -10.69 -10.74 -10.70 -10.51 -10.23 -9.93 -9.69 -9.51 -9.38 -9.26 -9.14 -9.02 -8.92 -8.81 -8.68 -8.56 -8.44 -8.28 -8.04 -7.71 -7.30 -6.85 -6.38 -5.86 -5.30 -4.76 -4.32 -4.01 -3.79 -3.63 -3.51 -3.45 -3.45 -3.47 -3.47 -3.41 -3.31 -3.24 -3.30 -3.51 -3.83
-10.09 -10.57 -10.82 -10.92 -10.95 -10.97 -11.01 -11.01 -11.00 -10.99 -11.00 -11.00 -11.00 -11.00 -10.99 -10.99 -10.98 -10.98 -10.98 -10.99 -11.00 -11.01 -11.03 -11.06 -11.08 -11.08 -11.05 -10.99 -10.93 -10.88 -10.84 -10.80 -10.77 -10.74 -10.74 -10.77 -10.77 -10.70 -10.53 -10.28 -10.02 -9.80 -9.64 -9.50 -9.38 -9.26 -9.15 -9.05 -8.95 -8.85 -8.78 -8.73 -8.66 -8.52 -8.30 -8.03 -7.71 -7.37 -6.97 -6.53 -6.08 -5.70 -5.40 -5.15 -4.93 -4.72 -4.53 -4.36 -4.21 -4.06 -3.88 -3.68 -3.53 -3.49 -3.60 -3.82
-9.80 -10.42 -10.74 -10.90 -10.96 -11.01 -11.05 -11.04 -11.01 -11.00 -11.00 -11.00 -11.00 -11.00 -11.01 -11.01 -11.01 -11.01 -11.01 -11.01 -11.00 -11.01 -11.02 -11.03 -11.04 -11.05 -11.04 -11.02 -10.99 -10.97 -10.96 -10.95 -10.94 -10.91 -10.87 -10.82 -10.75 -10.65 -10.50 -10.30 -10.10 -9.93 -9.78 -9.66 -9.54 -9.42 -9.29 -9.16 -9.04 -8.94 -8.90 -8.89 -8.88 -8.83 -8.75 -8.66 -8.53 -8.36 -8.13 -7.85 -7.55 -7.26 -7.01 -6.75 -6.50 -6.21 -5.88 -5.53 -5.17 -4.85 -4.55 -4.25 -4.01 -3.86 -3.83 -3.89
