Instances/KarkinytskaGulf/GMRTv3_3_20170610topo.asc
ncols 592
nrows 377
xllcorner 32.499755859375
yllcorner 45.41541887757019
cellsize 0.002197265625
nodata_value -2147483648
[rows 340 to 373 of 377, columns 304 to 379 of 592]
28.20 28.22 36.54 33.91 29.97 28.72 35.48 35.53 33.07 23.38 26.65 33.19 33.39 32.21 33.72 30.88 31.95 31.86 31.34 31.16 29.07 21.98 25.12 30.62 28.41 28.57 26.39 25.27 20.32 16.06 17.06 16.85 15.53 8.86 10.28 13.29 13.08 13.45 13.61 13.66 6.58 8.65 14.40 11.61 7.59 4.13 3.15 5.81 6.73 6.16 5.62 10.61 14.24 15.38 16.83 15.33 13.02 11.01 11.74 14.53 12.93 9.25 15.40 15.67 15.85 16.20 11.66 9.32 7.29 14.49 19.94 16.35 11.18 17.31 24.03 25.49
23.35 25.82 33.92 30.37 29.63 26.96 33.54 33.07 33.22 24.67 21.73 27.77 27.85 24.95 26.34 27.54 28.54 23.47 25.73 29.09 21.80 13.16 15.81 24.95 22.14 24.83 25.67 22.45 19.60 18.07 19.07 20.19 16.40 9.55 7.20 9.16 8.57 10.07 11.51 10.97 8.12 7.37 15.19 16.38 13.13 6.82 8.07 11.38 15.32 11.21 6.64 9.10 13.83 17.13 18.07 13.96 14.07 16.86 15.87 15.38 12.70 8.38 13.71 17.64 22.51 21.20 17.64 13.72 10.28 11.49 16.81 19.19 15.79 14.75 22.79 26.51
30.35 33.35 38.04 35.13 34.03 29.58 25.26 27.40 29.88 23.98 19.21 17.54 24.44 23.81 23.98 28.02 28.88 28.94 29.13 28.92 23.11 19.55 22.40 24.84 19.05 19.22 24.11 23.11 19.06 17.93 19.07 20.93 17.01 14.21 11.51 13.23 6.17 4.95 6.83 9.52 9.11 16.91 21.26 17.94 12.19 13.43 18.49 19.34 15.11 11.05 8.10 11.37 18.07 19.92 18.30 20.43 20.08 19.75 17.96 21.26 17.30 11.24 11.12 20.15 26.78 25.16 24.26 17.90 14.24 11.12 16.07 20.05 19.36 17.01 26.72 32.17
28.49 30.88 35.61 35.20 31.65 20.84 19.04 22.91 29.66 26.29 25.87 18.86 17.05 18.80 22.17 25.50 25.26 20.40 25.44 25.40 20.17 21.14 23.17 21.35 21.32 23.45 24.56 24.73 20.60 17.48 19.86 19.68 15.25 13.31 16.63 15.01 11.46 9.34 6.80 6.16 13.62 22.03 19.29 16.36 15.69 15.03 18.90 22.20 19.26 13.55 10.01 13.55 15.32 16.40 19.06 21.69 17.21 13.30 18.16 23.22 19.60 15.35 14.04 21.19 22.12 25.32 26.41 16.59 18.14 14.54 16.52 23.22 23.30 16.76 20.11 32.40
24.16 27.09 31.21 32.20 25.15 21.91 19.92 20.09 26.13 26.05 28.96 25.87 16.96 14.97 15.07 20.10 24.15 19.05 20.18 22.25 20.06 18.10 20.12 20.10 18.15 17.15 22.04 23.10 21.04 18.00 22.99 23.95 15.89 13.91 19.89 17.97 19.00 10.03 9.85 20.81 18.93 15.05 17.90 17.98 14.94 14.92 19.93 22.98 19.94 16.96 12.94 12.92 14.02 13.01 14.89 17.93 18.80 17.69 25.86 31.82 29.81 24.80 15.88 19.05 24.95 27.91 31.91 24.75 21.88 18.88 15.92 25.02 21.93 21.79 19.98 26.16
14.52 20.52 22.51 23.20 22.01 23.08 23.45 18.97 20.59 25.06 30.26 27.89 20.49 20.01 18.58 18.71 15.33 15.33 14.10 9.29 11.77 11.20 13.70 15.08 13.53 14.59 20.39 20.99 19.57 17.51 19.64 22.12 20.20 17.22 20.76 14.78 9.39 8.66 12.81 16.21 18.55 18.00 21.22 17.02 18.62 18.76 21.16 22.24 22.64 17.72 15.15 16.53 14.58 15.77 22.69 24.84 26.73 27.83 25.46 33.16 31.12 29.96 22.43 19.57 26.07 31.13 34.33 33.14 27.64 23.65 21.49 23.70 27.01 27.36 21.29 24.21
13.32 18.02 17.38 18.68 15.79 13.07 19.20 18.64 17.90 28.58 26.81 17.19 16.89 13.20 13.36 17.58 17.78 18.87 19.65 20.42 17.12 6.84 7.46 12.69 9.80 14.37 15.41 20.65 21.09 19.50 22.51 24.73 23.76 18.92 16.83 10.67 4.99 4.22 10.93 16.58 19.77 16.51 11.01 13.49 18.47 15.76 19.47 19.79 18.15 18.84 16.86 17.75 20.34 18.44 18.38 23.97 27.30 29.22 28.05 31.34 34.35 36.04 33.97 31.31 36.24 37.49 35.15 29.97 23.83 26.06 28.04 28.11 25.86 25.08 24.47 23.16
13.45 15.16 15.78 14.17 14.36 12.91 8.79 8.90 14.95 22.81 21.72 20.07 17.86 12.03 8.35 13.93 17.50 16.88 15.91 17.94 12.02 9.08 5.72 5.15 4.74 11.60 16.25 16.27 18.94 19.95 23.17 24.56 24.03 20.78 20.31 14.39 6.28 4.19 8.31 14.66 17.58 14.78 10.69 8.49 12.72 12.19 15.96 20.00 22.49 22.65 21.03 20.75 27.15 25.30 22.54 28.20 32.34 32.91 34.68 29.55 30.55 34.28 35.09 36.08 31.61 24.61 25.49 28.16 24.60 26.25 34.83 32.42 27.50 22.42 26.90 20.30
17.68 24.95 28.84 28.42 21.78 18.96 9.54 6.19 9.12 15.16 21.56 26.54 27.92 18.55 8.58 8.52 20.26 16.52 9.56 10.03 11.62 18.50 20.63 13.57 11.27 5.37 9.41 12.49 8.72 6.36 10.22 18.20 16.11 10.74 8.80 7.19 6.04 4.82 5.19 6.71 12.81 12.56 8.55 8.99 10.68 13.60 18.11 20.00 22.41 21.90 21.97 21.71 28.82 29.04 28.11 30.71 29.82 28.12 30.22 27.78 24.11 27.42 32.12 32.79 33.47 24.91 24.67 27.56 28.37 24.71 32.65 32.26 26.69 22.88 27.29 25.07
18.52 28.64 31.10 34.16 25.28 14.25 13.58 6.43 13.98 17.20 28.68 34.28 26.09 19.88 16.13 17.26 17.87 13.17 11.05 15.09 18.46 19.25 19.90 12.33 18.91 11.02 12.92 12.28 9.60 9.50 5.03 8.57 10.87 10.38 12.85 14.77 10.58 8.60 5.32 5.02 7.59 11.78 14.30 15.44 13.72 10.49 12.74 19.95 21.09 22.21 22.27 21.30 26.98 31.03 29.97 31.10 30.05 27.07 28.91 29.85 23.01 24.80 31.77 32.82 32.90 27.13 23.01 27.93 31.01 27.27 29.85 33.27 32.31 26.35 29.20 28.36
32.53 38.02 31.15 36.04 28.12 23.79 21.96 17.02 31.25 37.54 35.71 34.54 29.12 15.13 10.89 12.88 17.27 27.23 14.52 14.46 24.08 23.65 22.75 22.30 12.21 7.37 9.35 17.44 24.87 18.35 8.42 5.50 9.43 20.59 26.74 24.00 21.93 20.53 14.03 5.93 3.63 6.72 16.45 23.94 26.81 24.78 15.25 18.03 21.75 24.27 25.39 24.48 24.66 28.12 27.42 30.56 27.85 26.56 27.74 26.67 25.29 21.23 24.49 27.72 32.78 32.11 25.36 24.77 30.46 31.81 27.23 36.39 35.57 32.15 32.51 33.24
38.80 37.84 36.57 37.87 28.91 28.69 30.47 28.35 36.72 39.87 38.89 33.92 29.89 15.70 5.90 8.79 20.67 33.06 28.50 23.50 28.74 24.80 21.89 18.93 18.53 14.38 17.48 23.72 28.02 22.86 13.64 10.60 26.21 31.68 28.97 24.97 19.18 16.42 15.17 7.86 5.93 5.92 19.87 27.14 27.09 18.18 14.98 14.94 16.97 20.94 21.05 18.00 18.02 22.10 26.01 28.03 26.96 23.98 22.09 21.15 23.10 21.91 24.98 27.05 28.17 37.02 30.84 24.96 31.08 32.06 28.85 32.15 37.91 35.88 35.87 33.97
43.10 43.79 45.82 41.74 31.10 37.27 41.55 43.14 41.62 39.09 38.35 37.94 32.75 27.47 17.58 23.80 34.33 33.55 36.47 34.34 35.47 30.91 30.74 29.66 29.42 32.37 30.35 28.10 30.21 27.61 26.15 24.88 36.98 34.32 27.91 25.01 18.54 7.33 9.21 10.25 5.44 8.37 19.26 20.92 24.31 22.42 21.47 21.97 24.05 27.30 23.53 26.24 29.31 25.61 27.79 27.62 26.96 27.16 25.72 24.28 24.90 25.41 21.33 24.01 27.53 31.88 31.61 25.46 26.51 29.66 31.25 29.60 38.31 37.66 38.38 35.18
47.45 50.02 47.08 45.13 39.73 44.23 45.77 45.37 40.44 33.54 37.20 38.19 34.25 35.38 33.19 39.32 42.22 37.63 36.91 35.03 35.37 34.56 35.72 32.39 28.48 28.39 33.63 32.45 37.41 37.37 36.19 29.42 21.53 21.82 20.40 17.57 12.63 9.55 10.15 14.34 16.62 9.43 10.10 12.99 20.83 19.60 21.56 27.03 27.21 23.05 23.11 28.03 29.98 27.01 28.52 28.15 27.91 29.18 30.27 31.21 31.63 29.69 22.11 26.21 29.70 33.06 33.38 30.92 29.61 32.74 35.99 35.64 39.11 40.46 41.58 41.24
50.25 51.55 51.96 47.41 39.71 41.78 42.55 43.24 41.40 42.80 38.69 38.46 39.31 34.59 36.38 39.54 37.98 36.65 35.97 35.02 35.02 34.48 33.58 29.54 26.40 21.10 32.21 34.92 33.90 29.07 20.18 16.54 11.55 10.38 9.38 10.59 13.37 12.73 20.64 24.59 24.20 25.71 20.02 14.12 13.62 16.12 17.67 22.87 24.83 21.96 24.01 23.00 20.74 23.03 22.67 22.21 26.34 26.71 33.04 33.47 32.04 30.72 26.20 28.94 26.23 34.49 35.96 36.97 37.15 38.36 34.47 25.46 31.36 45.29 47.18 44.42
52.93 48.73 48.56 49.67 45.40 31.42 37.89 42.35 41.63 39.94 33.24 36.15 37.94 33.07 34.55 35.43 32.88 33.25 34.94 34.39 34.54 32.17 29.81 27.09 28.22 24.14 30.64 29.05 13.26 7.13 6.22 5.97 7.14 6.69 5.61 12.90 18.97 26.34 29.61 29.19 28.61 25.78 25.30 25.72 20.25 14.14 15.53 25.92 26.43 27.39 25.89 27.50 26.84 32.97 29.93 24.85 26.82 25.13 29.46 33.41 30.79 28.77 26.22 28.86 25.69 33.62 34.74 35.75 38.82 41.98 35.03 24.44 31.03 44.69 45.58 44.31
56.06 51.07 47.80 40.51 37.48 32.97 30.69 30.47 31.55 33.63 30.81 31.86 32.80 30.90 29.84 25.63 25.74 26.85 29.75 32.76 30.91 28.01 30.11 29.24 31.20 34.31 24.70 13.45 4.97 5.07 8.26 9.30 12.28 24.55 24.62 26.42 34.19 36.08 32.04 30.06 33.06 30.10 29.80 27.90 26.18 26.44 15.92 18.56 25.88 24.97 29.15 33.34 33.31 35.12 35.96 29.00 24.81 27.02 24.85 26.80 28.12 31.16 23.05 25.91 29.92 38.95 38.00 34.02 37.85 39.91 35.05 27.23 30.30 38.92 41.00 45.01
56.68 50.13 38.53 32.33 30.87 29.00 23.71 22.70 23.89 24.89 24.64 28.39 29.63 28.51 24.46 21.69 22.82 27.31 26.50 26.20 31.56 31.13 32.62 32.63 27.85 27.92 19.83 10.87 6.69 6.68 13.49 16.49 19.91 24.95 28.12 29.80 28.20 31.70 30.63 32.19 33.68 28.57 21.69 27.67 27.32 28.38 17.85 15.73 23.81 28.48 30.26 38.69 36.69 36.94 34.30 31.35 24.30 26.43 27.23 27.05 30.51 31.26 24.26 25.57 26.06 34.44 37.18 36.99 35.81 38.94 38.06 34.74 41.48 43.67 45.68 47.68
54.47 47.29 37.90 27.09 26.33 25.23 22.04 19.97 18.12 18.34 16.43 18.56 24.38 26.20 20.09 14.21 14.32 22.33 23.24 25.02 31.18 32.02 33.13 25.41 19.27 15.44 9.43 10.20 5.04 5.10 10.19 15.09 20.06 26.95 30.09 28.21 19.20 24.25 27.02 31.11 31.24 25.94 18.83 33.03 31.80 32.83 30.75 25.62 24.85 31.87 27.02 32.48 37.07 39.99 36.17 36.07 26.83 26.90 33.81 34.63 32.71 26.89 20.81 24.01 21.23 31.30 42.03 39.85 36.89 38.98 40.02 38.20 44.28 45.13 47.07 47.17
41.49 38.91 33.97 27.13 22.66 21.15 19.49 22.66 16.74 11.65 9.77 11.44 16.10 18.24 16.79 16.66 14.12 19.56 21.51 25.07 25.37 25.81 24.31 18.47 11.82 7.93 7.21 6.23 4.69 5.59 11.61 19.55 26.41 24.88 26.22 26.01 21.23 23.08 28.95 28.38 28.84 30.52 27.35 25.86 30.65 30.14 28.60 29.72 28.10 33.26 28.71 24.65 33.75 34.96 30.94 31.95 30.67 30.07 35.68 37.28 36.14 33.29 27.73 26.45 22.69 27.63 38.67 43.52 39.74 37.93 36.87 29.74 34.74 42.38 43.83 43.05
35.69 30.36 22.49 16.94 17.46 20.23 19.67 18.77 13.65 10.70 6.30 7.07 10.71 10.25 10.01 13.18 11.47 17.55 22.22 15.56 9.37 8.32 7.19 7.09 6.17 6.96 7.27 3.25 3.91 8.20 14.82 20.70 25.46 24.11 23.25 23.05 19.29 19.98 25.65 23.54 28.66 32.32 31.80 27.15 29.02 30.54 33.53 33.17 30.20 30.12 30.18 21.78 27.36 28.29 32.09 27.41 28.96 25.83 30.74 34.53 37.44 36.09 29.05 26.68 23.70 29.72 39.63 43.48 41.39 37.39 35.49 31.36 34.71 37.54 35.72 37.10
30.67 22.62 18.13 22.65 22.75 14.85 13.99 20.05 18.52 11.80 6.52 3.66 6.09 11.36 5.82 7.93 11.98 18.89 13.40 9.78 7.39 6.78 4.87 5.75 7.12 7.14 6.20 4.83 5.35 2.68 5.34 8.85 13.32 18.15 17.41 16.78 20.38 14.83 23.33 25.35 26.99 30.47 35.28 26.72 31.23 32.64 34.56 32.57 35.47 36.98 35.26 27.61 31.18 36.74 31.80 28.79 29.41 23.20 28.72 41.55 41.18 40.36 33.53 25.06 22.71 28.71 42.38 45.18 49.24 47.44 40.56 33.72 36.25 39.42 40.01 38.70
26.83 23.22 19.43 18.61 12.62 9.23 9.41 23.93 14.78 8.51 7.49 6.76 6.23 5.84 5.53 7.89 8.70 8.13 6.65 11.16 12.97 8.65 7.32 8.44 11.38 15.19 16.76 16.23 7.89 2.85 4.52 10.82 17.67 20.55 23.24 19.57 21.36 18.73 26.35 30.21 31.90 35.75 36.26 34.95 33.71 37.26 40.21 35.01 33.57 31.83 34.93 29.52 26.54 33.85 39.30 34.09 33.95 31.22 30.57 41.46 41.58 40.24 33.41 27.13 26.64 32.86 42.10 43.33 42.91 45.45 41.94 35.07 35.95 41.67 44.29 34.19
22.93 19.87 18.79 13.90 9.04 6.98 15.18 15.54 7.53 5.43 4.17 3.50 3.29 3.41 3.91 4.79 2.02 5.06 7.00 13.98 10.99 8.94 13.09 17.28 22.33 25.20 24.01 18.00 6.15 5.04 11.11 10.23 11.02 18.89 27.95 27.18 22.20 19.15 22.87 34.02 35.05 34.88 32.87 34.86 39.06 41.01 39.97 32.04 30.01 32.04 35.96 33.21 27.15 30.97 38.94 41.22 37.16 36.10 31.96 40.00 43.08 42.10 38.14 31.18 25.08 28.02 35.94 38.05 41.99 42.95 44.02 36.13 32.12 43.05 42.91 39.25
21.53 18.69 13.01 11.28 9.95 7.42 12.47 6.18 5.08 3.51 2.69 2.38 2.52 3.05 4.02 5.45 7.55 6.34 8.11 12.92 14.30 9.93 13.94 21.04 26.57 26.43 20.52 20.71 17.39 8.58 9.99 18.34 19.03 15.63 20.38 23.61 25.46 24.80 21.86 32.64 36.01 35.23 31.57 30.44 37.29 38.75 41.71 37.54 34.95 36.82 37.04 41.09 34.13 33.82 40.34 44.84 42.79 39.42 33.22 41.42 46.60 45.25 41.06 38.26 33.32 35.73 41.01 43.74 41.93 43.65 43.11 41.66 43.27 45.06 43.75 46.44
11.76 13.54 14.16 12.99 12.90 9.85 6.40 4.92 3.51 2.65 2.39 2.58 3.17 4.14 5.56 7.37 7.64 15.09 14.66 20.75 19.72 18.52 14.81 16.95 22.14 21.20 17.85 26.89 27.29 15.93 17.40 20.65 23.74 18.69 17.00 14.17 23.73 25.83 30.73 37.84 36.98 39.01 36.96 35.88 39.93 41.07 38.41 40.06 38.19 41.40 43.07 45.20 44.67 37.31 42.05 42.15 42.14 42.81 45.38 43.96 38.90 43.20 41.26 38.38 32.35 36.18 43.01 44.98 42.11 40.99 40.07 42.15 46.22 45.15 46.21 44.31
5.29 8.31 10.25 8.43 7.36 7.38 4.02 3.34 2.93 2.93 3.40 4.46 4.47 6.19 8.97 12.55 16.91 19.50 15.82 16.63 20.50 21.90 20.59 21.51 23.40 21.86 25.03 22.45 12.47 14.64 21.90 24.90 28.01 21.86 16.60 15.58 26.93 28.59 26.74 33.09 35.64 35.45 31.27 30.05 37.64 36.78 37.08 38.89 33.45 32.81 40.11 39.74 42.89 31.97 44.01 44.26 43.12 45.40 48.76 42.10 29.77 43.04 38.82 33.34 31.39 38.33 45.51 42.70 40.57 47.38 43.33 43.01 42.49 41.77 44.00 44.22
6.24 5.85 4.60 3.49 2.59 2.09 2.18 2.56 3.27 4.26 5.57 5.98 7.69 5.51 8.40 11.48 10.97 10.50 14.18 13.91 19.09 21.56 22.41 23.48 23.22 19.45 23.47 16.35 16.92 19.02 23.72 26.65 27.05 22.36 12.91 17.94 25.56 30.80 25.99 32.75 35.12 35.63 32.43 28.60 40.28 40.16 38.50 39.73 39.94 44.29 45.41 42.65 42.34 41.67 44.89 46.29 46.89 46.68 49.25 43.68 29.22 42.27 44.56 34.29 30.68 38.70 44.29 40.94 41.15 45.53 39.97 41.74 41.63 36.40 45.08 43.62
5.12 4.21 3.13 1.99 1.14 0.93 1.54 2.74 4.33 6.10 7.38 7.20 13.21 13.51 12.43 17.86 19.75 12.35 14.39 14.36 17.13 25.17 26.18 26.35 23.35 18.56 20.39 19.06 13.49 13.40 18.30 22.49 25.41 25.92 25.68 29.49 32.51 26.40 29.57 33.13 33.40 38.38 35.27 34.32 36.76 38.75 37.81 40.41 35.43 36.29 37.19 37.08 39.91 40.33 37.65 45.81 47.08 49.48 49.38 46.95 33.41 42.00 44.29 39.63 32.03 38.13 45.74 50.26 48.44 50.43 50.17 44.01 46.77 50.64 51.90 48.20
4.92 4.96 3.64 2.36 1.39 1.26 2.20 3.91 6.07 8.31 11.46 14.58 14.04 15.71 16.94 21.82 20.69 15.28 17.14 18.47 19.94 25.70 25.93 29.42 28.02 24.35 24.60 23.53 21.65 13.35 16.05 21.24 22.00 23.54 23.75 26.70 31.72 31.86 32.00 33.90 37.05 40.10 34.80 32.39 39.99 41.08 32.92 35.47 34.24 33.29 34.78 33.32 38.82 33.60 37.37 48.08 50.55 53.32 52.77 50.14 38.52 47.99 48.95 42.29 33.18 38.83 42.30 46.17 51.77 51.34 54.94 50.74 43.22 48.93 53.87 51.83
6.04 3.04 5.55 4.17 3.05 2.91 4.04 6.03 8.56 12.21 20.11 20.04 18.07 20.05 23.09 22.03 17.02 17.03 17.04 18.00 16.93 24.92 26.98 28.93 28.99 27.08 28.07 20.99 24.97 21.00 23.07 26.08 29.01 28.99 23.04 26.04 32.06 32.06 34.10 36.10 39.05 40.03 34.11 37.13 44.01 43.01 29.12 40.09 39.12 38.18 36.12 32.19 37.13 37.15 37.04 49.96 52.00 55.00 53.01 42.98 33.02 49.08 50.97 40.00 35.04 42.07 41.03 42.95 49.92 46.98 53.99 54.10 47.07 59.09 54.00 50.01
7.91 10.75 8.14 6.28 6.23 3.74 5.46 8.22 15.57 23.56 22.41 21.84 20.80 21.56 26.04 25.29 23.09 19.77 20.70 18.84 15.63 20.60 24.37 25.50 28.26 31.60 30.96 21.16 19.63 16.20 24.15 28.63 21.07 22.17 26.43 29.92 34.99 36.22 39.28 40.96 41.25 42.14 42.60 43.33 43.87 45.06 42.65 46.01 45.83 46.38 48.23 49.49 50.37 47.06 43.28 47.68 52.44 54.37 55.22 48.29 41.61 54.65 48.56 43.40 39.55 45.78 45.63 40.86 48.06 50.34 53.45 57.39 47.98 53.29 52.82 51.24
11.57 17.61 18.46 11.59 7.90 9.27 8.28 6.61 8.53 11.48 13.42 16.84 17.53 21.18 20.50 21.43 24.11 22.90 20.23 22.76 18.85 21.10 24.96 28.85 30.65 33.84 32.88 26.26 22.47 23.33 28.68 27.71 25.01 23.45 21.90 25.23 30.56 37.25 40.20 39.12 39.02 41.91 41.08 42.08 44.00 44.08 39.58 46.19 43.98 40.17 49.21 49.15 51.89 50.86 47.00 48.92 53.01 54.96 59.82 52.87 48.32 55.10 51.99 46.08 46.80 49.91 45.23 41.00 50.79 53.76 54.59 55.84 51.38 49.86 54.83 48.25
15.44 19.86 20.89 12.42 10.05 12.90 18.59 18.68 15.32 18.15 15.31 9.72 12.97 19.79 19.12 21.68 24.78 24.49 18.37 21.28 19.62 21.20 24.74 28.61 34.39 33.65 33.78 34.45 28.27 28.52 31.70 37.17 35.69 31.71 33.12 31.15 22.56 28.16 33.46 37.79 41.21 42.65 41.00 44.41 46.50 46.53 39.51 48.21 51.35 46.41 51.99 56.32 57.66 54.06 49.50 51.41 53.32 56.11 59.05 53.55 41.98 55.00 48.91 42.42 44.56 47.99 43.77 40.61 55.16 57.51 60.43 59.19 56.81 50.03 54.74 49.07
