Instances/KarkinytskaGulf/GMRTv3_3_20170610topo.asc
ncols 592
nrows 377
xllcorner 32.499755859375
yllcorner 45.41541887757019
cellsize 0.002197265625
nodata_value -2147483648
[rows 170 to 203 of 377, columns 0 to 75 of 592]
-28.97 -28.97 -28.98 -29.01 -29.01 -28.96 -28.82 -28.63 -28.43 -28.28 -28.20 -28.15 -28.12 -28.10 -28.09 -28.10 -28.11 -28.11 -28.09 -28.05 -28.02 -28.00 -27.99 -27.99 -27.99 -27.99 -27.99 -27.99 -27.99 -27.99 -28.00 -28.01 -28.02 -28.00 -27.97 -27.92 -27.86 -27.76 -27.60 -27.40 -27.21 -27.07 -27.01 -27.01 -27.02 -27.00 -26.93 -26.85 -26.75 -26.63 -26.49 -26.31 -26.15 -26.03 -25.98 -25.96 -25.96 -25.96 -25.95 -25.95 -25.94 -25.94 -25.94 -25.95 -25.95 -25.96 -25.96 -25.96 -25.96 -25.97 -25.97 -25.98 -25.99 -26.00 -26.00 -26.00
-29.02 -29.02 -29.03 -29.05 -29.05 -29.01 -28.91 -28.76 -28.61 -28.49 -28.43 -28.40 -28.38 -28.36 -28.36 -28.36 -28.37 -28.34 -28.27 -28.16 -28.06 -27.98 -27.95 -27.94 -27.94 -27.94 -27.94 -27.94 -27.94 -27.94 -27.95 -27.96 -27.97 -27.97 -27.97 -27.96 -27.93 -27.87 -27.74 -27.56 -27.38 -27.23 -27.14 -27.08 -27.03 -26.98 -26.93 -26.90 -26.86 -26.78 -26.64 -26.47 -26.29 -26.16 -26.07 -26.01 -25.96 -25.94 -25.92 -25.93 -25.94 -25.96 -25.96 -25.98 -25.99 -26.00 -26.01 -26.01 -26.02 -26.02 -26.03 -26.02 -26.02 -26.01 -26.00 -25.99
-29.04 -29.04 -29.05 -29.06 -29.06 -29.03 -28.97 -28.87 -28.77 -28.70 -28.66 -28.64 -28.63 -28.61 -28.61 -28.62 -28.62 -28.57 -28.45 -28.29 -28.12 -28.00 -27.95 -27.93 -27.93 -27.94 -27.93 -27.93 -27.94 -27.94 -27.95 -27.96 -27.97 -27.97 -27.98 -28.00 -27.99 -27.95 -27.85 -27.70 -27.55 -27.41 -27.28 -27.16 -27.06 -26.98 -26.94 -26.95 -26.94 -26.90 -26.78 -26.61 -26.44 -26.30 -26.18 -26.08 -25.99 -25.94 -25.92 -25.93 -25.96 -25.98 -25.99 -26.00 -26.01 -26.02 -26.02 -26.03 -26.04 -26.04 -26.04 -26.03 -26.02 -26.01 -26.00 -25.98
-29.04 -29.04 -29.05 -29.05 -29.05 -29.04 -29.00 -28.95 -28.89 -28.85 -28.83 -28.82 -28.81 -28.81 -28.81 -28.82 -28.81 -28.75 -28.62 -28.43 -28.24 -28.10 -28.04 -28.02 -28.02 -28.02 -28.02 -28.02 -28.03 -28.03 -28.04 -28.04 -28.04 -28.04 -28.04 -28.05 -28.04 -28.00 -27.92 -27.82 -27.70 -27.57 -27.43 -27.27 -27.13 -27.02 -26.98 -26.99 -27.00 -26.96 -26.86 -26.73 -26.58 -26.45 -26.33 -26.20 -26.10 -26.03 -26.01 -26.03 -26.06 -26.08 -26.08 -26.07 -26.05 -26.04 -26.04 -26.03 -26.03 -26.02 -26.02 -26.01 -26.00 -26.00 -26.00 -26.00
-29.02 -29.02 -29.02 -29.02 -29.02 -29.02 -29.01 -28.99 -28.98 -28.97 -28.97 -28.97 -28.97 -28.96 -28.97 -28.98 -28.96 -28.91 -28.77 -28.58 -28.39 -28.26 -28.19 -28.18 -28.18 -28.18 -28.18 -28.18 -28.19 -28.19 -28.19 -28.18 -28.17 -28.15 -28.13 -28.10 -28.07 -28.02 -27.97 -27.91 -27.83 -27.73 -27.59 -27.41 -27.23 -27.10 -27.04 -27.03 -27.02 -26.99 -26.92 -26.82 -26.72 -26.61 -26.49 -26.36 -26.25 -26.17 -26.15 -26.17 -26.21 -26.21 -26.19 -26.15 -26.11 -26.07 -26.04 -26.01 -25.99 -25.97 -25.96 -25.95 -25.95 -25.96 -25.99 -26.04
-29.00 -29.00 -29.00 -29.00 -29.00 -29.00 -29.01 -29.02 -29.03 -29.04 -29.05 -29.06 -29.06 -29.06 -29.07 -29.07 -29.06 -29.01 -28.89 -28.72 -28.55 -28.43 -28.38 -28.36 -28.37 -28.37 -28.37 -28.38 -28.38 -28.38 -28.37 -28.36 -28.33 -28.30 -28.24 -28.17 -28.10 -28.03 -27.99 -27.97 -27.94 -27.86 -27.72 -27.54 -27.36 -27.21 -27.13 -27.09 -27.05 -27.01 -26.95 -26.89 -26.83 -26.75 -26.65 -26.53 -26.42 -26.35 -26.34 -26.36 -26.39 -26.39 -26.34 -26.27 -26.19 -26.12 -26.07 -26.02 -25.97 -25.95 -25.93 -25.92 -25.93 -25.96 -26.02 -26.11
-29.00 -29.00 -29.00 -28.99 -28.99 -29.00 -29.01 -29.02 -29.04 -29.05 -29.05 -29.06 -29.06 -29.06 -29.07 -29.07 -29.06 -29.03 -28.95 -28.84 -28.73 -28.65 -28.62 -28.61 -28.61 -28.61 -28.61 -28.62 -28.63 -28.63 -28.61 -28.59 -28.55 -28.49 -28.39 -28.25 -28.12 -28.03 -27.99 -27.99 -27.99 -27.95 -27.84 -27.68 -27.52 -27.38 -27.27 -27.17 -27.08 -27.01 -26.96 -26.93 -26.90 -26.86 -26.80 -26.72 -26.65 -26.60 -26.60 -26.62 -26.65 -26.63 -26.56 -26.45 -26.33 -26.23 -26.14 -26.07 -26.00 -25.95 -25.93 -25.92 -25.93 -25.97 -26.07 -26.21
-29.00 -29.00 -29.00 -29.00 -29.00 -29.00 -29.00 -29.00 -29.01 -29.01 -29.01 -29.01 -29.02 -29.02 -29.02 -29.02 -29.01 -29.00 -28.98 -28.94 -28.91 -28.88 -28.87 -28.87 -28.87 -28.87 -28.88 -28.89 -28.90 -28.89 -28.86 -28.83 -28.78 -28.69 -28.54 -28.34 -28.15 -28.01 -27.97 -27.99 -28.02 -28.00 -27.93 -27.82 -27.70 -27.58 -27.43 -27.27 -27.12 -27.01 -26.96 -26.95 -26.95 -26.95 -26.93 -26.90 -26.88 -26.87 -26.88 -26.91 -26.93 -26.90 -26.80 -26.66 -26.50 -26.36 -26.25 -26.15 -26.06 -26.00 -25.96 -25.95 -25.97 -26.02 -26.15 -26.33
-29.00 -29.00 -29.00 -29.00 -29.00 -29.00 -29.00 -28.99 -28.99 -28.99 -28.98 -28.98 -28.98 -28.98 -28.98 -28.98 -28.98 -28.99 -28.99 -29.00 -29.01 -29.02 -29.02 -29.02 -29.02 -29.02 -29.03 -29.05 -29.06 -29.04 -29.02 -28.98 -28.92 -28.81 -28.63 -28.39 -28.16 -28.00 -27.96 -27.98 -28.03 -28.03 -27.99 -27.93 -27.84 -27.74 -27.58 -27.39 -27.21 -27.07 -27.01 -26.99 -26.99 -26.99 -27.00 -27.00 -27.02 -27.03 -27.05 -27.08 -27.09 -27.05 -26.95 -26.81 -26.65 -26.51 -26.40 -26.29 -26.20 -26.14 -26.10 -26.09 -26.10 -26.16 -26.29 -26.47
-29.00 -29.00 -29.00 -29.00 -29.00 -29.00 -28.99 -28.98 -28.97 -28.96 -28.95 -28.95 -28.95 -28.95 -28.95 -28.95 -28.95 -28.96 -28.98 -29.00 -29.03 -29.04 -29.05 -29.05 -29.05 -29.05 -29.06 -29.08 -29.08 -29.07 -29.04 -29.01 -28.94 -28.84 -28.65 -28.40 -28.17 -28.00 -27.95 -27.97 -28.02 -28.03 -28.01 -27.98 -27.94 -27.86 -27.72 -27.55 -27.37 -27.23 -27.13 -27.06 -27.01 -26.98 -26.98 -27.00 -27.03 -27.06 -27.07 -27.09 -27.10 -27.07 -27.00 -26.90 -26.78 -26.68 -26.60 -26.53 -26.46 -26.42 -26.39 -26.38 -26.39 -26.44 -26.53 -26.66
-29.00 -29.00 -29.00 -29.00 -29.00 -29.00 -28.99 -28.98 -28.97 -28.96 -28.95 -28.95 -28.95 -28.95 -28.95 -28.95 -28.95 -28.95 -28.97 -28.99 -29.01 -29.02 -29.03 -29.03 -29.03 -29.03 -29.04 -29.05 -29.06 -29.05 -29.02 -28.98 -28.92 -28.82 -28.63 -28.39 -28.16 -28.00 -27.95 -27.96 -28.00 -28.01 -28.01 -28.02 -28.00 -27.95 -27.85 -27.70 -27.55 -27.41 -27.28 -27.15 -27.03 -26.96 -26.94 -26.97 -27.00 -27.03 -27.04 -27.05 -27.05 -27.04 -27.00 -26.95 -26.90 -26.85 -26.81 -26.77 -26.74 -26.72 -26.71 -26.70 -26.71 -26.73 -26.77 -26.84
-29.00 -29.00 -29.00 -29.00 -29.00 -29.00 -29.01 -29.02 -29.04 -29.05 -29.05 -29.06 -29.06 -29.06 -29.06 -29.05 -29.05 -29.04 -29.03 -29.02 -29.01 -29.01 -29.01 -29.01 -29.01 -29.02 -29.03 -29.04 -29.05 -29.04 -29.01 -28.97 -28.91 -28.81 -28.62 -28.38 -28.15 -27.99 -27.94 -27.95 -27.98 -28.00 -28.02 -28.03 -28.04 -28.01 -27.93 -27.83 -27.70 -27.57 -27.42 -27.26 -27.11 -27.00 -26.96 -26.97 -26.99 -27.00 -27.00 -27.01 -27.01 -27.01 -26.99 -26.98 -26.96 -26.95 -26.94 -26.92 -26.91 -26.91 -26.90 -26.90 -26.90 -26.91 -26.93 -26.95
-28.99 -29.00 -29.00 -28.99 -28.99 -29.00 -29.05 -29.11 -29.17 -29.22 -29.25 -29.27 -29.28 -29.28 -29.28 -29.26 -29.24 -29.21 -29.16 -29.09 -29.03 -28.98 -28.97 -28.98 -28.99 -29.00 -29.02 -29.03 -29.04 -29.03 -29.00 -28.96 -28.90 -28.79 -28.61 -28.36 -28.12 -27.96 -27.91 -27.93 -27.97 -28.00 -28.01 -28.04 -28.05 -28.03 -27.98 -27.92 -27.83 -27.72 -27.58 -27.41 -27.24 -27.11 -27.03 -26.99 -26.96 -26.95 -26.94 -26.94 -26.95 -26.96 -26.96 -26.97 -26.98 -26.98 -26.99 -26.99 -27.00 -27.00 -27.00 -27.00 -27.00 -27.00 -27.00 -27.00
-28.99 -29.00 -28.99 -28.98 -28.97 -29.00 -29.09 -29.20 -29.33 -29.42 -29.47 -29.51 -29.52 -29.53 -29.53 -29.51 -29.48 -29.43 -29.33 -29.20 -29.08 -28.99 -28.96 -28.96 -28.98 -28.99 -29.00 -29.02 -29.03 -29.02 -28.99 -28.95 -28.89 -28.78 -28.60 -28.35 -28.12 -27.96 -27.91 -27.92 -27.97 -28.00 -28.01 -28.03 -28.04 -28.03 -28.01 -27.98 -27.93 -27.85 -27.72 -27.56 -27.38 -27.24 -27.13 -27.04 -26.97 -26.92 -26.90 -26.90 -26.92 -26.94 -26.95 -26.97 -26.98 -27.00 -27.01 -27.03 -27.04 -27.04 -27.05 -27.04 -27.04 -27.04 -27.03 -27.02
-28.98 -28.99 -28.98 -28.96 -28.96 -29.01 -29.12 -29.29 -29.46 -29.59 -29.66 -29.71 -29.73 -29.74 -29.75 -29.76 -29.74 -29.68 -29.55 -29.37 -29.19 -29.06 -29.01 -28.99 -28.99 -28.99 -29.00 -29.01 -29.03 -29.02 -28.99 -28.96 -28.90 -28.79 -28.62 -28.39 -28.16 -28.00 -27.95 -27.95 -27.98 -27.99 -28.00 -28.02 -28.03 -28.03 -28.03 -28.02 -28.00 -27.95 -27.84 -27.69 -27.53 -27.39 -27.26 -27.14 -27.04 -26.97 -26.95 -26.96 -26.98 -27.00 -27.01 -27.01 -27.02 -27.02 -27.03 -27.03 -27.04 -27.04 -27.04 -27.05 -27.05 -27.05 -27.04 -27.03
-28.97 -28.98 -28.97 -28.95 -28.95 -29.01 -29.16 -29.37 -29.59 -29.76 -29.85 -29.89 -29.92 -29.95 -29.98 -30.02 -30.03 -29.98 -29.83 -29.60 -29.37 -29.19 -29.10 -29.04 -29.02 -29.00 -28.99 -29.01 -29.02 -29.01 -28.99 -28.96 -28.91 -28.82 -28.66 -28.45 -28.24 -28.09 -28.02 -28.00 -28.00 -27.99 -27.99 -28.00 -28.01 -28.01 -28.02 -28.04 -28.04 -28.01 -27.93 -27.81 -27.68 -27.55 -27.42 -27.29 -27.17 -27.09 -27.07 -27.08 -27.11 -27.12 -27.11 -27.09 -27.07 -27.05 -27.03 -27.01 -27.00 -26.99 -26.99 -27.00 -27.01 -27.02 -27.02 -27.01
-28.98 -28.98 -28.96 -28.94 -28.94 -29.01 -29.18 -29.42 -29.67 -29.86 -29.97 -30.02 -30.05 -30.09 -30.16 -30.24 -30.28 -30.25 -30.09 -29.83 -29.56 -29.35 -29.22 -29.12 -29.05 -29.01 -28.99 -29.00 -29.01 -29.01 -28.99 -28.98 -28.93 -28.86 -28.72 -28.54 -28.36 -28.21 -28.12 -28.06 -28.02 -27.99 -27.98 -27.98 -27.99 -28.00 -28.02 -28.04 -28.06 -28.04 -27.99 -27.90 -27.80 -27.70 -27.59 -27.45 -27.34 -27.26 -27.24 -27.26 -27.29 -27.29 -27.26 -27.20 -27.14 -27.09 -27.05 -27.01 -26.98 -26.96 -26.95 -26.96 -26.98 -26.99 -27.00 -27.00
-28.99 -28.97 -28.94 -28.92 -28.94 -29.01 -29.18 -29.43 -29.69 -29.88 -29.99 -30.04 -30.07 -30.13 -30.24 -30.38 -30.48 -30.48 -30.34 -30.08 -29.80 -29.57 -29.40 -29.24 -29.11 -29.02 -28.98 -28.98 -29.00 -29.00 -29.00 -28.99 -28.97 -28.91 -28.81 -28.67 -28.52 -28.39 -28.27 -28.16 -28.06 -27.99 -27.96 -27.97 -27.98 -28.00 -28.01 -28.03 -28.05 -28.04 -28.01 -27.96 -27.89 -27.82 -27.74 -27.65 -27.56 -27.50 -27.49 -27.52 -27.55 -27.54 -27.47 -27.38 -27.27 -27.19 -27.11 -27.04 -26.99 -26.95 -26.94 -26.95 -26.97 -26.99 -26.99 -27.00
-29.01 -28.97 -28.93 -28.92 -28.93 -29.01 -29.17 -29.41 -29.65 -29.83 -29.93 -29.98 -30.02 -30.10 -30.26 -30.46 -30.63 -30.68 -30.57 -30.34 -30.07 -29.82 -29.60 -29.38 -29.18 -29.03 -28.97 -28.97 -28.99 -29.00 -29.00 -29.01 -29.01 -28.98 -28.91 -28.82 -28.72 -28.60 -28.45 -28.27 -28.10 -27.99 -27.95 -27.95 -27.98 -28.00 -28.00 -28.01 -28.02 -28.02 -28.01 -27.98 -27.96 -27.93 -27.89 -27.85 -27.81 -27.79 -27.80 -27.83 -27.85 -27.82 -27.73 -27.59 -27.44 -27.31 -27.20 -27.10 -27.02 -26.96 -26.95 -26.96 -26.98 -26.99 -27.00 -27.00
-29.06 -28.99 -28.95 -28.92 -28.94 -29.00 -29.14 -29.34 -29.56 -29.73 -29.83 -29.89 -29.96 -30.05 -30.23 -30.47 -30.66 -30.74 -30.66 -30.46 -30.22 -29.98 -29.74 -29.47 -29.22 -29.04 -28.96 -28.95 -28.98 -28.99 -29.00 -29.02 -29.03 -29.02 -28.98 -28.93 -28.85 -28.74 -28.56 -28.34 -28.13 -27.98 -27.93 -27.94 -27.98 -28.00 -28.00 -28.00 -28.00 -28.00 -28.00 -28.00 -28.00 -28.00 -27.99 -27.99 -27.99 -27.99 -28.01 -28.04 -28.05 -28.02 -27.91 -27.76 -27.59 -27.45 -27.34 -27.23 -27.14 -27.07 -27.04 -27.02 -27.02 -27.02 -27.01 -27.00
-29.14 -29.04 -28.98 -28.94 -28.94 -28.98 -29.08 -29.23 -29.39 -29.53 -29.65 -29.76 -29.87 -30.00 -30.16 -30.36 -30.52 -30.59 -30.53 -30.39 -30.21 -30.00 -29.76 -29.48 -29.21 -29.02 -28.94 -28.94 -28.97 -28.99 -29.00 -29.02 -29.04 -29.03 -29.00 -28.95 -28.88 -28.77 -28.58 -28.34 -28.11 -27.96 -27.91 -27.93 -27.97 -28.00 -28.00 -28.00 -28.00 -28.00 -28.00 -28.01 -28.01 -28.02 -28.03 -28.03 -28.04 -28.04 -28.06 -28.08 -28.09 -28.06 -27.98 -27.86 -27.73 -27.62 -27.54 -27.46 -27.40 -27.33 -27.26 -27.19 -27.12 -27.07 -27.03 -27.01
-29.26 -29.12 -29.03 -28.98 -28.96 -28.97 -29.01 -29.09 -29.19 -29.31 -29.45 -29.61 -29.78 -29.93 -30.07 -30.20 -30.30 -30.34 -30.32 -30.24 -30.12 -29.96 -29.74 -29.46 -29.19 -29.01 -28.93 -28.93 -28.97 -28.99 -29.00 -29.02 -29.04 -29.03 -29.00 -28.95 -28.87 -28.76 -28.57 -28.33 -28.10 -27.94 -27.90 -27.92 -27.97 -28.00 -28.00 -28.00 -28.00 -28.00 -28.00 -28.01 -28.01 -28.01 -28.02 -28.02 -28.03 -28.03 -28.04 -28.06 -28.06 -28.04 -28.00 -27.93 -27.86 -27.80 -27.76 -27.73 -27.70 -27.64 -27.53 -27.39 -27.25 -27.14 -27.07 -27.02
-29.39 -29.24 -29.14 -29.06 -29.00 -28.98 -28.98 -29.00 -29.05 -29.14 -29.30 -29.51 -29.72 -29.88 -30.00 -30.09 -30.15 -30.17 -30.17 -30.13 -30.06 -29.94 -29.75 -29.50 -29.25 -29.07 -28.99 -28.97 -28.98 -28.99 -29.00 -29.02 -29.04 -29.03 -29.00 -28.95 -28.88 -28.77 -28.60 -28.37 -28.15 -28.00 -27.94 -27.95 -27.98 -28.00 -28.00 -28.00 -28.00 -28.00 -28.00 -28.00 -28.01 -28.01 -28.01 -28.02 -28.02 -28.03 -28.03 -28.04 -28.04 -28.03 -28.01 -27.98 -27.94 -27.92 -27.91 -27.92 -27.91 -27.85 -27.74 -27.57 -27.40 -27.26 -27.16 -27.08
-29.56 -29.41 -29.29 -29.18 -29.09 -29.02 -28.98 -28.96 -28.98 -29.05 -29.21 -29.44 -29.68 -29.86 -29.96 -30.02 -30.05 -30.07 -30.08 -30.07 -30.03 -29.95 -29.79 -29.59 -29.38 -29.22 -29.12 -29.06 -29.03 -29.00 -28.99 -29.01 -29.02 -29.02 -29.00 -28.96 -28.91 -28.82 -28.67 -28.47 -28.27 -28.13 -28.05 -28.02 -28.01 -27.99 -27.99 -27.99 -27.99 -28.00 -28.00 -28.00 -28.00 -28.01 -28.01 -28.01 -28.02 -28.02 -28.02 -28.02 -28.02 -28.02 -28.01 -28.00 -27.99 -27.99 -27.99 -28.01 -28.02 -27.98 -27.87 -27.73 -27.57 -27.43 -27.30 -27.18
-29.72 -29.60 -29.46 -29.32 -29.18 -29.08 -29.01 -28.95 -28.94 -28.99 -29.16 -29.40 -29.66 -29.84 -29.93 -29.98 -29.99 -30.00 -30.01 -30.02 -30.00 -29.95 -29.85 -29.70 -29.54 -29.40 -29.29 -29.17 -29.08 -29.01 -28.99 -28.99 -29.01 -29.01 -28.99 -28.98 -28.94 -28.87 -28.75 -28.59 -28.43 -28.29 -28.19 -28.10 -28.04 -27.99 -27.97 -27.98 -27.99 -28.00 -28.00 -28.00 -28.00 -28.00 -28.00 -28.00 -28.00 -28.00 -28.00 -28.00 -28.00 -28.00 -28.01 -28.01 -28.02 -28.02 -28.04 -28.06 -28.07 -28.04 -27.97 -27.86 -27.74 -27.61 -27.46 -27.30
-29.86 -29.76 -29.61 -29.43 -29.26 -29.13 -29.03 -28.95 -28.92 -28.96 -29.12 -29.38 -29.64 -29.83 -29.92 -29.96 -29.96 -29.97 -29.99 -30.00 -30.00 -29.97 -29.90 -29.81 -29.70 -29.58 -29.44 -29.28 -29.13 -29.02 -28.98 -28.98 -29.00 -29.00 -29.00 -28.99 -28.97 -28.92 -28.83 -28.71 -28.57 -28.44 -28.32 -28.18 -28.07 -27.99 -27.96 -27.96 -27.99 -28.00 -28.00 -28.00 -28.00 -28.00 -28.00 -28.00 -28.00 -28.00 -27.99 -27.99 -27.99 -27.99 -28.00 -28.01 -28.02 -28.03 -28.05 -28.07 -28.08 -28.07 -28.02 -27.96 -27.87 -27.76 -27.62 -27.44
-29.98 -29.91 -29.75 -29.54 -29.33 -29.17 -29.06 -28.96 -28.92 -28.96 -29.12 -29.37 -29.64 -29.84 -29.93 -29.96 -29.98 -29.99 -30.00 -30.01 -30.01 -29.99 -29.96 -29.93 -29.86 -29.76 -29.60 -29.39 -29.18 -29.03 -28.97 -28.97 -28.99 -29.00 -29.00 -29.01 -29.01 -28.99 -28.92 -28.84 -28.73 -28.61 -28.45 -28.27 -28.10 -27.98 -27.94 -27.95 -27.98 -28.00 -28.00 -28.00 -28.00 -28.00 -28.00 -27.99 -27.99 -27.99 -27.98 -27.98 -27.98 -27.98 -27.98 -27.98 -27.99 -28.00 -28.01 -28.03 -28.04 -28.04 -28.03 -28.02 -27.98 -27.91 -27.77 -27.59
-30.07 -30.02 -29.86 -29.63 -29.39 -29.21 -29.09 -28.99 -28.94 -28.97 -29.13 -29.38 -29.65 -29.84 -29.94 -29.98 -30.00 -30.01 -30.03 -30.03 -30.03 -30.02 -30.01 -30.02 -29.99 -29.91 -29.72 -29.47 -29.22 -29.04 -28.97 -28.96 -28.98 -28.99 -29.00 -29.03 -29.05 -29.04 -29.00 -28.93 -28.85 -28.73 -28.56 -28.34 -28.12 -27.98 -27.93 -27.94 -27.98 -28.00 -28.00 -28.00 -28.00 -28.00 -28.00 -27.99 -27.99 -27.99 -27.98 -27.98 -27.97 -27.97 -27.97 -27.97 -27.97 -27.97 -27.98 -27.98 -27.99 -28.00 -28.02 -28.05 -28.06 -28.02 -27.90 -27.74
-30.10 -30.05 -29.90 -29.66 -29.41 -29.22 -29.09 -28.99 -28.94 -28.97 -29.13 -29.38 -29.65 -29.84 -29.94 -29.98 -30.00 -30.02 -30.03 -30.03 -30.03 -30.02 -30.03 -30.05 -30.03 -29.95 -29.77 -29.50 -29.23 -29.04 -28.97 -28.96 -28.97 -28.99 -29.01 -29.04 -29.06 -29.05 -29.02 -28.97 -28.89 -28.78 -28.59 -28.36 -28.13 -27.98 -27.93 -27.94 -27.98 -28.00 -28.00 -28.00 -28.00 -28.00 -28.00 -27.99 -27.99 -27.98 -27.98 -27.97 -27.97 -27.97 -27.96 -27.96 -27.96 -27.96 -27.97 -27.97 -27.98 -27.99 -28.01 -28.05 -28.08 -28.06 -27.98 -27.86
-30.09 -30.03 -29.88 -29.64 -29.40 -29.22 -29.09 -28.99 -28.94 -28.97 -29.13 -29.38 -29.65 -29.84 -29.94 -29.98 -30.00 -30.02 -30.03 -30.03 -30.03 -30.02 -30.02 -30.03 -30.01 -29.93 -29.75 -29.49 -29.22 -29.04 -28.97 -28.96 -28.98 -28.99 -29.01 -29.03 -29.06 -29.05 -29.01 -28.95 -28.87 -28.76 -28.58 -28.35 -28.13 -27.98 -27.93 -27.94 -27.98 -28.00 -28.00 -28.00 -28.00 -28.00 -28.00 -27.99 -27.99 -27.98 -27.98 -27.97 -27.97 -27.97 -27.96 -27.96 -27.96 -27.96 -27.97 -27.97 -27.98 -27.99 -28.00 -28.03 -28.04 -28.04 -28.00 -27.96
-30.06 -30.01 -29.86 -29.65 -29.43 -29.26 -29.15 -29.06 -29.01 -29.04 -29.19 -29.42 -29.67 -29.85 -29.94 -29.98 -30.00 -30.01 -30.03 -30.03 -30.03 -30.01 -30.00 -29.98 -29.94 -29.85 -29.67 -29.43 -29.20 -29.04 -28.97 -28.96 -28.98 -28.99 -29.01 -29.03 -29.04 -29.02 -28.97 -28.90 -28.80 -28.68 -28.51 -28.31 -28.11 -27.98 -27.94 -27.95 -27.98 -28.00 -28.00 -28.00 -28.00 -28.00 -28.00 -28.01 -28.01 -28.02 -28.03 -28.03 -28.04 -28.04 -28.04 -28.04 -28.04 -28.04 -28.04 -28.03 -28.02 -28.01 -28.01 -28.01 -28.01 -28.01 -28.02 -28.03
-30.03 -30.00 -29.89 -29.73 -29.56 -29.43 -29.34 -29.27 -29.23 -29.26 -29.37 -29.55 -29.74 -29.89 -29.96 -29.99 -30.00 -30.01 -30.02 -30.03 -30.02 -29.99 -29.93 -29.87 -29.78 -29.67 -29.52 -29.33 -29.15 -29.03 -28.98 -28.98 -29.00 -29.01 -29.01 -29.02 -29.02 -28.99 -28.90 -28.79 -28.66 -28.52 -28.38 -28.22 -28.08 -27.98 -27.95 -27.96 -27.98 -28.00 -28.00 -27.99 -27.98 -27.99 -28.01 -28.05 -28.09 -28.13 -28.16 -28.20 -28.24 -28.26 -28.28 -28.28 -28.28 -28.26 -28.23 -28.18 -28.13 -28.09 -28.06 -28.03 -28.01 -28.00 -28.02 -28.05
-29.99 -29.98 -29.92 -29.83 -29.73 -29.65 -29.59 -29.55 -29.53 -29.54 -29.61 -29.72 -29.84 -29.93 -29.98 -30.00 -30.01 -30.01 -30.02 -30.02 -30.00 -29.95 -29.85 -29.72 -29.57 -29.43 -29.31 -29.19 -29.08 -29.01 -28.99 -29.00 -29.02 -29.02 -29.02 -29.01 -28.99 -28.93 -28.81 -28.64 -28.46 -28.32 -28.21 -28.11 -28.04 -27.99 -27.97 -27.97 -27.99 -28.00 -27.99 -27.97 -27.96 -27.98 -28.03 -28.11 -28.19 -28.27 -28.35 -28.43 -28.51 -28.56 -28.59 -28.60 -28.59 -28.56 -28.49 -28.38 -28.28 -28.19 -28.12 -28.06 -28.02 -27.99 -28.00 -28.05
-29.99 -29.99 -29.96 -29.91 -29.86 -29.82 -29.79 -29.77 -29.76 -29.77 -29.80 -29.86 -29.92 -29.96 -29.99 -30.01 -30.01 -30.01 -30.01 -30.02 -30.00 -29.93 -29.79 -29.60 -29.40 -29.25 -29.15 -29.08 -29.04 -29.00 -28.99 -29.01 -29.03 -29.02 -29.00 -28.97 -28.92 -28.83 -28.69 -28.49 -28.30 -28.16 -28.08 -28.03 -28.01 -27.99 -27.98 -27.99 -28.00 -28.00 -27.98 -27.96 -27.95 -27.97 -28.04 -28.15 -28.27 -28.39 -28.50 -28.62 -28.72 -28.80 -28.84 -28.85 -28.84 -28.79 -28.69 -28.54 -28.39 -28.27 -28.17 -28.09 -28.02 -27.98 -27.99 -28.03
