Instances/GulfOfFinland/GMRTv3_3_20170610topo.asc
ncols 788
nrows 194
xllcorner 23.5546875
yllcorner 59.14438887499335
cellsize 0.0087890625
nodata_value -2147483648
[rows 0 to 32 of 194, columns 146 to 218 of 788]
93.78 95.70 91.78 88.97 89.12 94.31 97.23 93.14 88.17 87.24 88.20 91.99 105.89 120.99 126.93 119.07 109.89 101.79 95.78 91.95 84.97 81.80 94.11 100.02 97.54 92.57 87.77 88.87 91.94 92.01 91.00 90.97 91.90 92.84 92.78 90.77 90.77 92.77 91.82 91.86 92.93 93.93 95.94 97.94 99.97 101.90 104.97 108.07 110.14 109.14 110.07 116.76 116.60 112.60 104.76 98.99 98.09 105.06 113.98 118.25 117.43 114.36 111.13 114.71 118.82 114.36 106.36 99.27 95.28 94.20 92.03 89.92 89.91
102.95 104.96 104.94 98.93 94.95 92.97 94.00 92.99 88.97 88.95 87.98 90.01 100.06 110.09 122.09 121.03 112.03 103.05 95.06 90.04 85.02 85.00 91.01 103.98 109.98 100.99 92.99 92.99 94.00 92.00 91.99 91.99 93.98 98.97 100.96 100.95 99.95 99.97 98.97 96.98 94.99 95.00 96.01 97.02 100.01 102.99 104.99 107.00 107.01 106.99 109.99 118.03 121.03 116.03 108.01 99.99 95.02 98.06 106.08 106.08 103.08 104.06 107.04 110.08 109.11 101.06 97.03 96.99 94.98 92.99 91.01 89.01 93.98
104.94 102.88 99.78 98.92 97.98 94.98 94.00 93.00 93.04 93.00 93.06 96.16 101.12 100.92 93.46 90.23 87.35 83.58 78.78 77.82 77.92 85.04 89.02 95.80 96.70 92.82 89.92 89.90 89.88 89.92 90.96 93.02 97.02 100.98 102.96 102.98 100.94 99.94 98.94 99.02 96.06 95.04 95.02 94.96 98.98 105.04 107.04 106.00 108.02 109.02 108.96 109.84 107.72 105.78 100.84 96.90 91.96 89.90 89.74 88.74 88.80 88.74 93.76 99.88 97.96 95.00 95.04 95.94 94.92 92.94 89.98 87.98 91.90
101.02 98.02 100.33 107.59 102.38 96.24 95.19 96.18 95.03 92.95 91.80 93.73 97.78 95.87 85.06 71.88 66.87 68.85 84.56 84.54 85.45 92.32 96.26 100.35 98.28 93.15 91.14 87.06 86.00 86.95 87.92 89.82 93.77 96.83 100.90 103.01 98.96 96.90 96.97 98.95 101.13 100.14 95.95 93.95 97.90 105.79 108.94 108.05 106.91 107.80 105.82 103.82 100.90 98.92 97.02 95.05 93.08 91.17 89.39 88.38 88.29 88.33 92.18 95.92 97.07 99.22 100.18 95.00 90.87 87.82 85.87 84.91 86.87
107.50 106.88 108.65 112.33 108.60 109.05 104.96 100.43 97.26 89.96 87.03 92.16 100.35 99.44 79.84 74.69 81.63 82.44 89.15 85.87 85.89 88.53 92.57 94.29 90.07 88.61 90.85 93.33 92.48 91.32 90.29 90.41 92.35 96.27 100.17 100.98 100.04 97.23 95.94 95.70 95.45 93.40 91.64 90.87 92.73 96.34 101.37 105.63 103.72 100.61 99.50 99.72 99.83 101.04 99.07 97.06 97.17 98.38 98.34 98.38 97.48 96.40 96.19 98.11 102.20 102.95 99.68 93.87 89.91 89.12 89.17 88.37 90.36
111.05 115.73 120.06 125.20 126.91 123.34 118.29 113.20 104.59 95.77 97.02 98.27 103.06 104.27 94.78 95.95 103.13 100.95 96.64 89.46 87.32 88.42 93.75 91.71 88.73 91.61 90.09 91.96 92.07 91.02 94.29 99.64 101.88 102.60 105.48 104.39 101.28 101.53 97.44 93.97 92.02 90.38 91.54 94.45 94.40 92.97 94.67 98.34 98.58 96.63 95.68 94.54 94.54 95.33 96.61 95.79 95.92 96.86 95.75 96.83 96.70 99.06 99.27 96.92 96.26 95.13 93.26 89.57 87.66 86.73 87.78 88.11 92.22
111.72 122.49 127.90 132.09 140.98 137.84 131.30 118.69 106.74 103.35 99.98 97.36 103.93 106.25 107.67 104.94 100.93 95.62 95.99 92.33 91.99 97.22 106.25 109.62 102.19 95.42 95.65 97.69 100.68 96.30 93.54 98.49 106.24 107.64 107.45 108.99 109.24 106.66 104.65 96.49 97.50 104.28 103.27 98.29 97.29 95.34 94.20 93.64 92.70 91.90 92.31 92.58 92.23 92.04 92.64 94.87 96.77 97.77 100.00 100.15 97.86 98.52 99.68 98.09 93.08 89.82 87.64 84.79 84.91 86.17 88.42 95.00 99.91
107.79 118.05 134.60 146.97 143.32 133.40 119.16 110.04 102.76 100.13 101.26 108.04 121.80 129.52 127.33 118.55 112.33 104.82 100.50 101.13 103.41 106.90 109.94 108.09 101.66 98.96 97.91 97.49 97.31 95.09 92.60 96.18 107.73 114.38 117.00 120.00 117.82 112.66 107.70 101.21 97.49 102.50 105.59 100.52 96.02 95.56 95.06 93.70 93.94 97.41 101.59 102.59 98.85 97.76 93.45 90.94 90.40 91.15 92.10 92.00 90.29 90.29 94.06 96.30 96.05 91.99 88.07 85.22 86.32 88.35 92.21 101.12 102.73
111.18 113.50 119.72 123.29 129.50 133.97 126.10 123.66 118.96 109.28 104.68 107.43 122.47 131.28 128.70 121.39 113.43 102.47 100.12 105.42 106.81 106.16 103.90 103.32 98.55 95.55 93.70 94.08 95.19 99.30 100.52 96.77 99.56 108.95 114.59 117.86 117.20 115.73 113.92 111.37 106.29 102.65 99.48 92.79 89.62 92.00 93.08 87.86 88.59 92.36 95.02 95.98 97.62 99.62 99.14 95.53 92.68 92.99 92.91 93.64 93.79 93.53 90.89 89.40 88.94 87.70 88.00 87.11 87.00 87.96 89.62 93.48 94.75
121.31 122.50 125.99 120.46 117.16 117.99 115.77 122.63 126.94 119.08 107.29 101.74 107.33 111.57 114.16 111.43 112.42 105.41 104.58 106.76 104.56 99.30 98.15 99.27 97.37 94.73 95.92 96.97 96.89 95.95 94.44 93.27 92.39 94.28 101.50 105.67 106.88 106.10 103.93 102.20 100.03 95.54 89.43 90.37 94.43 97.11 95.97 93.70 92.58 93.07 93.64 95.80 94.54 93.35 93.03 95.41 95.87 96.87 96.97 97.00 95.26 93.46 91.76 88.95 90.42 90.51 87.68 85.93 85.78 86.29 87.13 89.44 92.47
130.19 122.67 116.01 113.20 112.88 108.51 114.32 117.43 110.68 102.88 99.44 99.56 101.75 100.42 102.95 112.75 125.91 112.81 104.69 104.20 102.95 99.02 94.18 93.64 93.13 91.07 90.64 90.57 90.51 88.51 86.51 87.69 90.67 93.39 92.83 90.86 89.02 91.81 97.04 97.07 96.83 97.14 92.53 86.33 90.42 91.72 91.40 93.61 93.74 93.31 92.95 92.44 92.93 93.00 90.82 90.68 92.81 93.44 91.72 88.49 86.84 87.67 89.93 90.02 92.40 90.26 85.93 85.00 76.44 82.28 91.61 94.94 97.96
122.48 117.49 110.13 106.49 105.36 105.33 108.37 107.17 107.75 107.65 107.97 107.11 105.51 106.53 112.05 129.25 130.53 109.73 100.25 99.19 95.42 91.36 89.45 89.39 89.33 88.40 86.81 87.65 89.49 87.55 84.77 83.23 86.33 89.17 93.90 95.57 94.74 96.32 100.61 95.77 92.23 89.98 89.01 88.97 88.88 91.52 96.31 98.19 97.61 96.55 94.96 91.16 91.74 93.90 94.39 94.81 95.32 93.84 92.42 92.37 90.35 88.58 90.00 91.12 88.87 86.87 86.00 77.20 75.91 88.49 100.06 99.03 94.81
114.21 111.93 105.64 105.58 106.59 110.42 108.76 108.23 112.53 119.01 127.22 126.81 125.68 127.82 141.59 142.56 118.33 100.69 91.16 92.23 91.34 87.93 85.94 88.59 91.47 91.76 90.82 93.66 98.62 94.48 87.78 84.59 86.00 91.64 96.71 97.65 95.00 94.47 99.05 98.24 94.06 94.71 95.84 93.13 91.47 92.89 95.23 98.41 98.47 97.99 97.06 89.23 86.15 94.58 97.83 99.88 99.84 96.30 92.71 87.88 86.28 88.00 89.46 89.40 88.46 87.07 85.46 76.40 86.95 101.24 102.02 98.90 94.84
111.85 107.75 111.21 118.01 122.04 121.89 120.07 121.72 118.80 116.76 129.48 144.14 148.41 148.00 144.65 121.52 103.35 96.90 89.47 92.60 92.05 86.86 82.69 84.11 95.56 105.13 102.48 97.10 93.20 88.13 83.77 82.35 84.88 89.42 94.49 96.02 96.12 95.12 95.35 95.42 95.71 95.60 95.54 95.65 96.75 98.75 100.75 101.24 100.72 99.65 97.52 96.33 89.61 91.35 91.65 93.79 94.73 89.60 85.53 84.90 86.53 87.48 87.95 88.55 86.95 85.42 88.15 84.54 91.13 95.77 85.58 82.58 82.88
122.15 115.56 113.24 120.24 127.16 124.78 123.18 125.26 119.36 117.44 123.87 134.62 140.31 130.95 120.12 106.15 100.99 97.50 91.12 92.50 93.86 93.91 91.26 89.35 98.46 108.35 105.27 98.15 94.08 90.20 85.55 82.58 82.96 86.73 93.27 96.31 98.12 100.93 100.67 99.70 97.61 94.92 94.27 95.50 96.42 94.68 95.46 96.53 97.57 98.92 98.47 98.12 95.76 94.09 94.09 94.58 93.53 89.50 87.20 85.50 85.61 85.38 84.33 84.18 81.53 82.15 95.75 102.24 104.04 104.09 84.56 74.28 76.36
124.67 122.63 123.33 129.22 134.41 130.52 129.22 130.74 131.78 134.52 139.00 143.15 139.59 122.11 112.22 109.96 108.41 100.78 90.11 89.30 92.67 102.11 108.81 106.19 105.41 106.56 105.78 102.41 100.15 95.11 89.33 84.59 82.22 82.93 87.56 92.04 96.48 97.04 96.11 94.00 91.93 89.56 88.63 91.81 94.48 93.67 92.48 91.74 92.81 94.26 95.07 95.70 97.11 95.33 95.41 96.11 94.41 92.85 90.78 88.78 86.15 83.41 81.07 77.85 77.44 80.81 85.04 86.74 93.67 95.78 92.26 78.48 82.56
127.54 130.31 132.34 130.20 126.01 128.96 135.44 142.52 150.34 156.56 153.25 144.77 130.81 122.09 120.83 114.92 109.61 98.13 85.82 86.68 89.59 105.26 110.03 105.26 100.03 100.75 103.91 104.32 101.49 96.35 92.06 88.42 85.15 82.41 83.85 87.22 89.36 90.11 88.76 88.55 88.94 88.72 84.65 80.53 86.75 94.07 95.81 95.57 94.03 92.29 90.23 91.58 94.68 95.81 94.78 93.00 91.68 90.61 89.64 87.64 83.33 79.58 76.16 76.51 80.59 86.45 85.77 81.64 82.71 84.36 81.28 78.25 78.78
125.14 131.50 135.70 134.09 126.61 125.45 122.49 129.10 146.54 156.31 151.42 137.55 124.14 123.06 123.64 111.05 103.18 98.02 85.43 80.67 80.69 91.14 94.31 93.38 91.23 91.43 92.74 93.32 93.68 93.79 91.48 90.59 87.59 83.50 80.36 80.52 84.34 84.47 84.49 85.22 88.41 85.27 77.13 70.85 79.08 91.51 93.66 95.34 94.07 91.05 89.05 87.42 87.86 86.31 86.11 84.84 84.93 85.76 86.29 85.16 80.29 76.22 77.46 85.47 87.14 88.24 88.53 81.06 78.35 82.25 84.14 80.27 78.44
114.17 123.03 131.01 135.47 134.64 133.97 132.82 134.27 139.98 142.48 130.57 116.37 110.59 108.74 106.71 102.03 100.49 96.15 80.95 76.28 76.17 78.57 83.32 83.10 80.19 79.35 79.16 77.69 76.45 77.08 78.02 76.78 74.63 72.43 72.20 72.20 75.42 79.75 82.22 82.55 78.51 77.66 76.27 78.15 81.47 88.31 92.11 93.10 91.42 89.27 87.20 85.92 85.75 83.51 83.58 81.90 80.89 82.02 80.78 77.92 75.56 75.76 79.90 88.42 89.19 89.56 89.26 87.85 81.19 79.36 82.05 81.47 82.72
105.51 113.68 124.47 134.03 137.08 142.60 146.57 139.39 135.67 126.22 111.79 103.37 98.55 95.66 94.49 92.46 95.14 93.68 79.63 76.89 75.93 76.16 78.55 80.50 81.06 79.89 78.94 77.65 77.06 75.04 72.42 70.66 69.61 66.84 65.00 64.23 64.50 67.09 71.15 72.81 70.23 69.58 72.04 78.65 80.69 80.10 84.29 86.94 86.66 86.37 87.04 88.01 87.12 86.08 85.90 83.90 82.07 80.16 77.02 73.85 74.64 78.67 85.45 89.59 91.60 95.51 96.70 93.16 84.20 77.88 76.73 77.87 81.17
96.46 101.70 110.90 122.91 134.15 145.93 147.22 136.07 126.55 111.64 102.41 97.30 93.14 92.07 91.07 94.50 101.40 94.18 76.45 73.40 73.24 72.32 67.61 67.69 73.56 80.05 79.96 80.01 81.10 80.85 79.57 77.57 74.64 71.69 67.76 64.79 62.86 61.98 64.05 68.06 68.07 65.06 66.05 68.50 64.93 62.84 65.83 69.92 70.97 72.90 77.76 80.73 81.58 82.50 85.40 83.35 80.35 77.33 76.09 77.90 78.90 81.98 85.34 88.33 91.30 93.55 92.67 87.48 83.09 84.67 88.31 89.26 86.52
93.90 96.76 103.77 116.82 136.80 145.11 141.23 134.22 120.25 107.07 102.84 99.83 93.92 87.20 91.10 101.94 102.25 88.25 70.13 70.04 70.01 68.94 68.65 67.66 67.02 78.17 82.02 80.99 81.95 83.96 84.92 82.92 79.88 75.85 69.94 65.02 63.05 61.97 64.95 67.11 69.02 66.94 66.03 65.02 61.83 60.75 62.83 65.91 65.91 67.02 70.18 69.31 67.45 66.55 67.66 67.61 65.60 67.50 71.36 72.43 74.31 79.19 83.12 84.22 85.23 82.36 78.49 77.37 78.17 79.26 86.37 90.31 88.21
102.77 115.60 127.56 131.71 140.00 139.18 133.18 123.23 109.20 104.07 104.00 99.04 95.05 84.05 82.20 93.30 95.24 85.10 70.96 71.91 74.87 76.84 78.87 79.85 72.87 69.06 76.08 77.06 80.06 82.07 83.06 83.00 81.96 79.95 75.89 67.91 63.95 63.96 64.02 62.04 62.10 62.09 63.06 63.00 63.98 64.97 65.97 68.00 67.00 66.02 66.05 65.03 65.00 64.99 62.99 60.07 57.05 54.15 55.21 61.11 65.13 71.18 72.23 74.20 79.14 78.07 74.99 74.03 77.05 80.99 81.10 78.25 76.25
118.03 133.03 139.01 139.00 134.98 125.97 120.97 110.97 99.98 98.99 105.00 99.00 85.98 79.99 71.99 70.96 71.95 70.97 72.00 78.01 81.01 82.00 81.00 80.00 79.02 78.03 79.01 79.01 79.00 78.00 79.99 83.00 83.00 83.00 81.01 75.02 69.01 67.00 66.01 67.02 66.02 63.01 63.01 65.01 67.01 68.01 68.01 67.00 65.00 65.00 64.00 63.00 60.99 58.99 56.98 54.99 55.00 54.01 57.01 62.00 63.00 61.99 61.99 64.98 66.97 69.98 70.99 68.99 68.98 69.97 66.96 61.96 60.97
128.11 136.93 136.82 130.73 120.74 117.89 112.94 100.87 94.96 98.00 102.89 95.89 82.97 79.10 74.25 68.21 67.14 68.14 70.98 75.91 80.91 81.91 80.95 86.01 87.04 83.99 80.98 78.93 76.96 78.00 79.00 78.96 79.98 81.98 83.02 80.07 73.07 68.07 69.07 71.04 70.05 69.09 71.10 72.08 72.02 72.04 72.04 71.09 71.11 69.11 68.12 67.09 61.04 55.01 54.00 54.02 56.04 57.04 56.98 59.91 62.97 62.09 61.07 61.00 60.96 64.93 66.91 63.89 60.82 59.80 56.82 52.89 51.87
127.92 128.63 121.53 117.54 113.65 114.82 112.91 101.16 97.22 98.98 94.77 90.97 82.18 88.33 93.59 84.67 79.64 81.48 72.03 72.96 75.87 75.84 75.79 76.69 79.72 79.88 77.83 75.76 74.82 77.95 81.02 82.03 83.03 82.99 83.93 79.96 76.13 73.25 73.12 73.08 71.10 70.10 69.03 68.89 67.84 68.80 69.78 69.84 71.86 71.94 71.94 68.94 64.12 61.29 58.35 58.40 59.26 58.18 57.04 58.05 62.05 67.11 66.16 64.17 64.21 64.05 63.96 58.98 53.93 51.99 49.99 48.98 48.96
125.88 121.79 117.95 109.93 104.80 107.65 107.78 106.22 103.37 98.22 95.42 95.59 93.86 93.39 98.12 95.41 94.64 89.63 73.71 75.60 77.39 76.27 74.14 74.91 76.80 77.80 74.86 69.96 67.94 74.82 78.73 77.79 78.78 80.88 80.80 81.04 81.31 78.33 76.09 74.90 73.91 73.87 72.87 69.90 66.85 64.75 63.78 63.73 64.73 65.73 66.70 64.91 65.08 67.15 68.24 69.32 67.26 65.26 61.13 61.02 63.90 66.92 67.08 67.13 66.01 64.92 63.93 62.10 59.27 58.35 55.29 51.20 49.97
121.96 118.07 117.50 111.97 107.01 105.78 107.00 107.95 109.09 105.36 105.32 107.37 106.69 102.84 101.44 101.39 101.50 102.84 95.45 93.12 86.61 82.27 79.38 75.57 74.75 75.86 75.76 75.97 75.80 74.10 72.62 74.45 76.62 77.67 77.94 81.94 83.01 82.06 76.21 71.19 68.07 66.97 66.91 65.03 63.09 62.05 61.94 62.78 63.79 64.68 63.61 64.90 67.06 66.27 67.47 69.37 69.38 67.37 63.63 59.47 60.09 64.71 67.79 67.90 64.93 62.93 61.11 61.16 60.21 60.32 59.43 54.48 49.42
102.79 101.14 104.85 107.15 104.53 102.95 106.87 105.50 104.12 103.05 100.84 102.70 106.86 108.49 106.04 103.96 104.81 106.81 103.97 99.04 91.14 84.20 83.56 86.95 93.37 96.17 92.04 88.83 85.74 76.32 68.99 69.29 72.14 74.94 78.00 80.85 81.64 81.55 79.83 78.10 75.22 72.46 71.31 70.19 67.14 64.08 61.85 59.92 59.84 60.28 60.46 63.36 67.00 71.01 76.03 75.95 73.87 72.97 72.80 67.85 63.99 62.97 64.02 66.09 66.36 64.21 63.81 63.66 63.87 65.02 64.95 61.07 57.30
97.47 98.20 97.23 96.05 98.44 101.74 105.31 102.45 96.04 92.80 89.99 89.73 91.28 95.31 99.75 99.86 99.65 101.11 95.28 92.54 88.91 85.38 86.55 91.99 97.59 96.08 92.29 90.71 89.97 81.75 72.49 73.80 75.83 74.67 77.65 80.37 80.71 80.02 79.33 78.35 77.95 77.18 75.16 70.83 66.43 62.89 60.94 61.38 62.64 66.87 70.03 68.49 66.83 67.15 68.16 69.23 68.13 65.14 63.45 61.92 62.24 65.28 64.98 66.29 66.79 63.98 58.27 57.46 58.48 60.48 58.77 57.72 53.84
98.10 94.27 95.17 93.10 96.15 101.03 107.03 107.20 101.24 95.92 93.49 92.29 89.28 83.96 86.47 94.93 96.08 94.21 82.14 80.37 78.41 78.78 81.86 88.43 90.03 87.03 82.96 84.29 87.76 85.13 75.50 70.00 70.96 71.03 74.70 81.40 85.80 90.47 94.86 92.96 88.86 86.74 85.64 80.59 73.24 67.17 65.81 66.99 69.07 74.51 76.67 71.67 65.27 62.03 62.30 62.60 60.18 60.75 64.47 66.84 68.32 69.25 66.92 61.68 56.01 53.87 53.46 53.06 52.79 54.36 55.23 53.43 50.61
107.16 100.86 98.65 96.35 96.23 99.19 105.26 104.68 100.19 95.97 90.89 87.32 86.39 82.50 78.71 80.48 86.93 85.74 79.16 78.43 77.50 78.53 81.83 86.23 88.80 86.33 82.27 82.43 84.62 82.62 78.34 75.22 75.12 74.88 74.23 75.25 78.70 83.94 91.12 93.03 91.17 88.07 83.62 81.23 82.59 85.73 81.66 76.67 74.91 74.73 77.23 77.49 72.26 66.05 63.94 64.82 65.19 67.09 68.18 70.65 72.31 72.84 70.95 67.22 60.66 54.40 49.55 45.41 43.40 42.09 40.78 40.59 41.00
104.59 100.47 101.77 100.07 93.42 94.47 97.55 99.36 99.85 101.72 97.57 92.03 89.88 84.23 79.31 81.04 81.24 74.32 75.89 76.16 75.19 74.85 77.51 84.54 88.47 87.81 86.84 84.65 82.70 80.96 79.04 79.88 80.65 78.92 75.77 74.27 74.12 76.09 81.74 86.89 86.97 84.74 81.66 82.84 85.69 86.00 82.27 79.92 77.54 74.00 73.93 77.42 78.26 76.06 80.32 86.89 80.83 72.50 66.08 67.66 70.04 66.24 62.86 62.58 61.69 57.38 51.96 46.42 40.81 37.55 34.43 33.13 34.20
