Instances/GulfOfFinland/GMRTv3_3_20170610topo.asc
ncols 788
nrows 194
xllcorner 23.5546875
yllcorner 59.14438887499335
cellsize 0.0087890625
nodata_value -2147483648
[rows 66 to 98 of 194, columns 146 to 218 of 788]
45.79 39.28 36.82 38.08 31.01 36.83 39.22 36.72 36.66 37.10 28.98 21.27 22.72 22.26 23.75 24.00 25.05 21.07 17.68 19.81 19.00 15.63 15.40 18.42 21.48 24.65 27.32 26.55 23.25 22.93 25.13 24.39 23.40 23.00 28.21 35.41 36.80 35.18 33.33 30.10 25.01 23.22 23.95 24.95 25.00 22.15 23.13 25.01 24.25 21.54 22.62 24.69 25.84 24.07 23.82 19.39 4.49 7.11 8.86 -1.15 -1.47 0.29 7.23 13.84 15.43 15.81 14.34 15.73 19.37 20.38 15.87 12.27 14.72
37.26 33.63 31.95 36.11 39.62 44.38 42.57 43.34 40.39 34.16 26.70 24.98 29.09 28.83 24.81 24.37 26.25 21.35 14.93 16.58 15.70 11.84 10.84 12.77 18.93 25.88 32.86 33.21 29.74 27.07 28.49 27.09 24.51 19.72 17.68 16.85 20.38 21.65 21.74 17.74 13.81 13.46 11.35 12.16 13.04 12.30 11.44 14.55 17.69 17.73 17.15 15.97 15.88 17.85 15.13 11.46 10.20 0.44 -0.98 -7.56 -10.67 -9.30 3.18 10.87 7.90 2.21 -0.67 3.07 8.56 10.14 12.53 13.16 8.91
40.13 31.75 23.32 25.84 30.89 34.65 36.79 35.56 33.59 29.24 29.08 33.86 34.49 29.97 26.59 25.26 26.67 23.74 14.80 13.70 14.13 13.47 12.23 14.25 19.38 25.76 30.51 32.82 32.53 30.08 30.36 25.77 18.41 16.10 16.17 13.95 14.44 14.97 13.14 8.93 5.34 2.67 -0.83 -1.00 -1.00 -1.21 -2.25 8.04 11.06 2.32 -2.67 -1.32 -0.28 -0.14 0.10 0.29 -0.91 -2.50 -6.21 -9.74 -10.19 -7.55 -3.37 -1.18 -2.09 -2.77 -1.20 -1.16 -0.10 5.86 8.88 4.92 3.85
32.98 29.27 22.19 24.01 30.30 35.14 37.17 36.29 32.81 32.05 36.41 37.26 35.57 29.37 22.40 18.52 20.69 18.32 14.03 14.51 15.03 14.83 15.41 16.51 22.26 31.41 33.90 30.79 26.40 21.55 22.35 22.52 16.01 11.08 11.05 12.49 17.49 17.20 10.20 5.17 3.15 1.71 -1.78 -3.85 -4.07 -5.10 -6.98 -5.45 -3.94 -6.50 -8.17 -6.41 -3.90 -2.88 -1.00 -3.12 -5.55 -2.06 -1.50 -4.40 -3.32 -5.12 -6.55 -6.58 -8.65 -7.55 -1.95 0.29 2.29 6.03 7.79 5.45 8.13
35.21 27.03 24.54 30.78 38.04 39.95 40.90 36.62 30.25 33.02 38.77 39.75 45.03 41.62 33.54 21.49 18.38 18.83 12.54 15.18 13.31 11.21 12.92 17.74 23.84 29.00 30.00 26.19 21.97 18.44 17.19 15.42 11.67 11.56 13.10 11.00 11.11 9.82 7.53 4.25 3.56 0.82 -1.18 -2.97 -4.00 -3.98 -3.44 -3.52 -4.56 -6.79 -6.69 -3.89 -0.36 -0.93 -1.23 -4.31 -8.07 -0.11 3.25 -0.56 -3.25 -7.51 -9.07 -7.77 -9.56 -10.10 -5.03 0.64 2.85 4.31 2.70 -2.35 -3.73
27.63 25.11 25.62 28.02 34.23 39.86 39.51 31.12 27.21 35.46 40.62 42.91 45.22 38.80 36.77 27.77 23.69 17.70 6.87 6.55 6.90 6.66 10.53 18.63 23.12 22.65 22.90 19.33 16.45 13.95 10.08 6.52 5.88 8.96 11.49 10.56 8.21 2.79 -0.06 0.93 0.71 -2.59 -4.59 -4.32 -3.81 -1.13 0.43 -0.07 -1.90 -4.71 -6.03 -3.04 -1.01 -1.50 -1.47 -4.75 -7.78 -6.37 -4.73 -3.11 -6.65 -9.82 -8.55 -7.00 -6.90 -8.68 -10.15 -6.23 -2.63 -2.38 -4.66 -10.15 -12.83
10.95 13.63 18.21 24.18 26.98 28.36 28.67 25.51 26.60 32.46 33.71 37.35 37.44 35.01 31.81 20.87 16.31 10.38 0.55 -0.72 -0.79 3.59 10.63 16.56 17.48 16.45 14.41 12.71 11.08 7.31 3.14 3.59 4.69 7.66 7.59 6.56 7.69 8.18 5.05 1.00 -1.31 -6.41 -8.68 -4.93 -0.19 2.27 -0.47 -3.10 -3.27 -2.89 -4.83 -7.02 -6.20 -2.90 -1.51 -4.23 -5.60 -8.27 -8.42 -6.79 -7.70 -9.10 -12.37 -6.07 -8.09 -8.16 -10.10 -11.09 -10.43 -10.21 -8.50 -16.13 -11.87
1.62 0.47 10.11 26.40 22.85 19.69 22.11 25.52 29.23 31.99 28.78 26.37 23.51 23.93 17.05 8.59 4.19 3.37 -1.35 -3.07 -3.11 3.28 11.95 12.55 10.85 10.64 9.78 7.71 5.32 3.08 4.02 3.31 2.93 7.10 7.07 7.18 6.03 6.78 4.84 0.72 -3.04 -6.75 -9.51 -7.74 -5.25 -6.40 -7.13 -7.37 -6.42 -4.64 -7.34 -8.99 -5.55 -7.31 -7.19 -6.60 -7.56 -11.29 -9.51 -7.99 -9.01 -7.50 -6.58 -9.95 -8.52 -12.74 -8.71 -7.03 -15.53 -11.33 -7.03 -11.47 -20.34
-2.11 -3.11 1.20 10.88 10.87 13.45 24.99 28.48 33.18 33.56 31.85 30.28 30.87 28.99 16.18 1.96 0.18 -2.22 -2.04 -2.74 -1.93 3.82 11.93 10.79 8.30 6.97 3.53 1.93 0.01 -1.66 1.42 2.15 2.52 3.01 3.79 2.90 1.60 0.97 1.11 0.15 -4.00 -4.85 -5.78 -7.32 -8.48 -8.45 -6.46 -6.73 -7.68 -6.77 -6.85 -8.40 -11.15 -14.05 -13.63 -15.62 -16.22 -17.94 -19.55 -21.17 -20.17 -13.43 -15.83 -10.53 -4.68 -11.17 -14.00 -9.79 -2.86 -11.11 -7.18 -12.53 -13.05
-0.31 -1.66 -3.11 -4.72 1.86 14.04 18.78 24.01 28.39 26.74 28.86 37.23 44.02 35.19 21.38 9.80 2.15 0.84 -0.93 -0.54 -1.92 -1.42 2.13 4.12 5.58 5.31 1.62 -3.53 -5.84 -5.73 -5.80 -4.07 -3.07 -3.07 -2.80 0.77 -0.65 -5.91 -6.18 -5.62 -6.70 -7.90 -8.41 -6.15 -6.12 -3.34 -5.49 -6.25 -6.43 -8.52 -5.21 -8.14 -10.20 -8.02 -12.85 -12.36 -9.04 -11.02 -12.67 -16.09 -21.58 -20.67 -9.03 -11.37 -6.60 -7.57 -14.99 -15.98 -5.95 -3.57 -8.31 -11.16 -12.08
1.00 0.11 -1.97 -3.28 -1.07 2.99 3.60 5.53 8.06 15.08 16.16 22.93 34.08 21.28 12.47 5.06 -1.03 -0.67 -1.52 -2.67 -4.43 -4.87 -1.67 4.64 6.48 6.12 3.04 -3.72 -6.76 -7.79 -8.44 -8.51 -7.41 -7.05 -5.35 -3.07 -1.64 -6.40 -10.87 -15.26 -20.00 -16.12 -11.04 -16.08 -10.43 -5.23 -3.67 -5.34 -6.06 -5.65 -7.58 -10.67 -9.82 -6.33 -7.11 -8.50 -8.78 -8.80 -10.16 -10.62 -20.62 -24.83 -15.24 -4.94 -11.55 -15.45 -6.42 -9.55 -7.44 -5.32 -4.21 -1.51 -4.74
1.00 -1.41 -0.84 -2.08 -3.74 -4.19 -3.68 -4.34 -2.38 16.72 24.77 22.73 24.04 9.83 2.70 0.68 -5.44 -5.85 -6.51 -7.89 -6.12 -0.07 7.66 8.40 4.60 2.03 1.84 -1.14 -3.69 -5.59 -7.30 -7.68 -8.14 -8.45 -7.03 -6.37 -5.48 -3.93 -5.78 -7.68 -17.25 -16.02 -19.34 -12.45 -6.59 -5.38 -5.87 -5.25 -7.30 -5.88 -5.30 -5.80 -6.84 -8.06 -5.29 -5.06 -5.68 -5.81 -3.98 -5.62 -11.02 -12.04 -7.74 -1.69 -6.52 -11.57 -11.47 -6.97 -6.51 -6.25 -3.16 -2.77 -3.21
0.74 -1.96 -3.49 0.45 8.62 -2.28 -0.09 -2.23 0.32 10.94 29.77 38.27 22.40 4.13 1.00 -2.49 -6.77 -8.16 -8.07 -8.96 -5.23 -0.63 1.69 0.26 1.25 3.19 4.62 7.28 1.77 -5.04 -4.58 -4.25 -3.67 -4.88 -8.24 -8.33 -6.00 -3.91 -4.26 -5.40 -9.14 -6.49 -17.69 -17.29 -12.13 -6.25 -10.67 -8.78 -3.11 -2.78 -3.16 -6.09 -6.00 -4.87 -7.72 -10.52 -10.94 -7.63 -7.17 -7.36 -5.16 -15.01 -31.18 -21.66 -6.73 -9.94 -3.86 -6.19 -8.84 -9.45 -8.99 -5.68 -8.13
-3.17 -3.34 -4.27 1.85 12.36 0.48 1.09 -1.53 -5.23 -2.16 3.77 8.87 6.01 1.39 0.87 -3.18 -4.84 -5.83 -7.99 -10.39 -7.39 -5.93 -5.62 -4.28 -1.61 1.52 1.42 1.52 -2.03 -4.02 -3.69 -0.45 -0.76 -6.92 -13.74 -11.59 -6.27 -6.46 -7.55 -4.80 -5.07 -12.41 -19.91 -8.61 -2.70 -2.95 -7.11 -15.58 -23.57 -14.81 -6.20 -8.55 -11.55 -10.14 -9.02 -15.85 -15.42 -12.44 -11.22 -14.58 -16.49 -21.87 -19.76 -14.74 -21.18 -18.79 -14.95 -9.50 -10.00 -11.07 -10.18 -9.55 -13.31
-6.05 -7.01 -7.50 -2.91 -0.47 -0.03 -1.51 -7.75 -10.36 -8.31 -8.83 -11.90 -8.66 -5.03 -6.10 -9.05 -8.54 -6.30 -7.35 -11.80 -9.21 -6.77 -4.61 -0.37 4.75 2.49 1.05 0.80 -0.76 -1.44 -1.83 -1.62 -3.74 -14.55 -11.43 -9.94 -9.18 -8.32 -7.87 -4.38 -7.17 -8.77 -7.59 -5.83 -6.55 -6.94 -6.90 -7.15 -6.18 -2.93 -7.00 -9.26 -10.89 -10.18 -4.17 -8.99 -15.53 -14.28 -7.86 -13.79 -23.27 -25.38 -27.41 -26.99 -16.21 -26.98 -21.58 -16.15 -11.00 -9.94 -16.05 -9.01 -10.44
-4.82 -7.54 -9.51 -5.07 -2.26 -0.97 -2.38 -5.43 -6.13 -4.23 -7.00 -9.95 -8.30 -5.64 -6.16 -16.00 -12.24 -6.52 -8.50 -8.15 -5.45 -2.74 -3.11 -2.35 1.30 0.70 -0.64 -3.19 -4.09 -3.21 -5.51 -11.73 -10.43 -12.85 -8.98 -9.40 -19.11 -23.23 -20.81 -8.30 -5.63 -16.99 -17.82 -20.71 -12.69 -6.40 -8.45 -9.87 -13.59 -9.15 -5.97 -11.02 -19.78 -16.69 -9.38 -10.91 -5.55 -6.67 -9.86 -15.29 -17.73 -16.79 -14.86 -14.73 -13.20 -15.42 -11.15 -12.01 -8.70 -10.15 -8.16 -6.25 -12.80
-10.52 -10.90 -8.35 -6.24 -4.74 -3.65 -3.46 -6.86 -12.26 -8.61 -3.98 -8.20 -6.11 -3.99 -3.36 -6.32 -10.76 -21.89 -8.64 -15.18 -4.20 -4.50 -9.75 -11.49 -10.90 -9.45 -7.39 -7.77 -11.59 -18.45 -15.35 -15.49 -15.24 -16.07 -15.64 -17.23 -19.14 -30.95 -23.75 -15.34 -24.38 -17.24 -16.42 -11.27 -6.12 -9.96 -17.24 -13.95 -11.72 -19.14 -22.90 -16.18 -9.58 -14.95 -22.27 -23.22 -21.38 -16.17 -13.79 -12.28 -15.39 -17.51 -13.46 -5.33 -7.67 -9.99 -6.97 -5.97 -5.29 -6.42 -15.56 -20.87 -22.76
-5.53 -9.26 -8.12 -5.10 -10.73 -12.25 -6.73 -9.59 -18.07 -13.00 -10.73 -10.28 -7.82 -5.08 -9.48 -17.46 -20.46 -19.91 -22.62 -13.21 -9.79 -12.01 -13.58 -20.92 -15.28 -13.51 -10.25 -17.52 -14.43 -14.84 -28.05 -21.63 -8.71 -6.40 -6.46 -11.33 -10.92 -17.54 -11.39 -26.96 -24.08 -18.90 -13.64 -9.73 -7.05 -10.90 -16.68 -26.83 -40.81 -36.26 -21.19 -18.18 -20.97 -21.76 -22.06 -16.91 -11.52 -11.77 -12.32 -20.02 -24.67 -26.53 -20.00 -11.12 -8.63 -6.04 -8.05 -9.12 -7.93 -22.55 -18.19 -16.54 -17.61
-10.70 -11.15 -4.76 -9.19 -20.67 -19.93 -17.39 -15.61 -10.58 -10.17 -14.09 -13.76 -5.78 -10.72 -16.49 -21.47 -11.26 -4.90 -14.98 -15.76 -3.22 -5.76 -5.82 -8.50 -8.71 -7.61 -7.11 -8.14 -18.21 -26.92 -20.41 -7.74 -5.95 -7.42 -14.02 -18.68 -27.71 -23.82 -20.37 -14.08 -16.43 -26.86 -24.05 -31.62 -31.97 -29.15 -30.61 -28.15 -33.32 -43.59 -46.39 -45.31 -44.65 -39.14 -35.11 -38.58 -42.68 -41.85 -30.53 -26.72 -30.59 -24.59 -10.45 -2.01 -6.86 -11.07 -9.90 -9.28 -5.90 -15.06 -9.33 -8.33 -5.45
-5.56 -7.51 -7.88 -10.25 -15.34 -22.53 -22.04 -18.22 -14.56 -19.32 -19.24 -16.13 -13.10 -18.70 -25.83 -10.02 -15.72 -15.71 -22.26 -17.25 -19.45 -8.57 -6.03 -3.68 -3.63 -5.91 -5.50 -6.60 -12.70 -18.56 -22.79 -31.87 -13.22 -16.78 -21.35 -13.24 -20.01 -16.38 -25.57 -23.55 -27.66 -27.35 -32.43 -27.10 -26.41 -27.06 -25.14 -25.33 -25.90 -34.01 -42.29 -43.70 -44.49 -44.19 -43.47 -43.90 -43.55 -40.51 -34.27 -27.79 -21.34 -24.49 -29.81 -22.89 -20.80 -18.35 -20.05 -18.76 -10.84 -10.09 -15.16 -16.91 -7.00
-4.88 -6.39 -9.46 -9.99 -11.80 -19.01 -21.62 -20.51 -17.74 -14.53 -3.42 -7.54 -13.81 -26.87 -21.64 -10.27 -7.85 -15.17 -30.39 -22.98 -8.46 -14.32 -14.61 -7.89 -9.76 -14.71 -13.50 -10.99 -7.02 -11.95 -23.60 -32.18 -27.68 -15.43 -11.21 -15.90 -20.78 -17.88 -26.25 -25.86 -14.49 -10.66 -23.58 -24.59 -25.50 -20.92 -21.09 -34.54 -39.69 -38.52 -40.07 -36.47 -40.23 -46.97 -45.51 -46.31 -46.38 -44.91 -41.81 -40.25 -31.72 -20.67 -19.64 -26.65 -30.92 -33.95 -30.41 -21.68 -20.42 -24.75 -25.57 -29.23 -26.89
-9.34 -9.34 -10.19 -13.72 -21.22 -24.78 -26.56 -25.61 -17.90 -14.02 -11.06 -20.18 -24.17 -27.50 -18.55 -14.37 -21.06 -26.95 -29.78 -29.07 -20.40 -11.56 -14.66 -31.22 -18.38 -30.90 -22.18 -24.16 -31.75 -8.84 -36.07 -23.29 -37.60 -37.44 -16.64 -28.42 -35.22 -40.44 -34.27 -23.81 -20.34 -31.47 -37.38 -38.08 -37.05 -31.80 -32.54 -30.93 -29.74 -35.84 -44.37 -47.96 -44.53 -40.32 -43.11 -47.61 -45.72 -43.84 -40.11 -32.92 -28.05 -24.01 -20.85 -21.10 -28.85 -38.80 -35.59 -19.74 -13.61 -13.38 -17.09 -23.88 -27.31
-8.46 -10.50 -16.11 -13.41 -15.95 -25.83 -28.91 -24.73 -20.08 -22.30 -17.55 -24.24 -26.21 -13.43 -30.32 -32.23 -39.16 -39.34 -26.60 -3.20 -3.38 -14.91 -25.21 -31.89 -25.37 -24.90 -35.73 -36.52 -21.65 -35.17 -38.94 -31.52 -37.46 -14.37 -16.64 -28.00 -27.12 -38.96 -42.46 -39.46 -22.44 -34.63 -44.22 -35.61 -28.92 -33.35 -32.87 -25.42 -22.97 -33.18 -34.21 -35.06 -46.60 -54.29 -53.62 -38.75 -22.95 -20.78 -21.00 -17.61 -20.03 -20.80 -20.85 -20.11 -22.98 -27.46 -29.82 -28.38 -26.46 -28.31 -30.55 -36.70 -14.70
-10.30 -10.00 -13.51 -18.88 -24.58 -28.57 -29.42 -26.60 -21.63 -16.20 -5.11 -14.63 -16.95 -34.56 -34.81 -35.98 -38.53 -43.98 -46.37 -16.75 -20.87 -26.20 -33.54 -34.71 -28.21 -23.43 -40.74 -42.50 -31.71 -3.04 -35.15 -34.14 -5.38 -33.90 -25.30 -29.89 -32.31 -37.98 -35.19 -32.74 -27.94 -28.54 -36.82 -22.92 -17.36 -20.25 -21.90 -13.99 -9.00 -10.53 -14.88 -18.98 -37.51 -54.71 -52.87 -35.87 -17.12 -29.26 -31.82 -22.12 -15.60 -15.85 -20.26 -19.90 -19.54 -21.27 -25.08 -32.87 -38.22 -42.63 -46.46 -45.52 -36.92
-30.59 -27.72 -17.32 -12.28 -26.79 -27.85 -22.68 -27.84 -17.31 -17.85 -22.84 -12.96 -21.27 -30.79 -36.27 -36.07 -16.21 -12.86 -35.72 -14.81 -18.56 -15.41 -16.54 -15.29 -26.61 -37.35 -40.84 -45.35 -22.74 -26.74 -37.04 -41.74 -40.44 -19.58 -36.81 -39.28 -42.56 -48.52 -45.42 -48.04 -37.64 -26.27 -23.37 -23.87 -30.93 -38.60 -34.21 -31.57 -22.62 -21.75 -33.76 -34.99 -37.97 -54.16 -58.02 -49.51 -42.23 -34.14 -32.81 -25.13 -19.78 -20.52 -21.33 -17.37 -19.07 -21.86 -19.35 -25.82 -26.78 -26.63 -26.16 -33.17 -27.92
-34.55 -33.70 -23.75 -11.62 -10.59 -19.89 -27.74 -26.70 -22.71 -16.35 -16.11 -18.60 -28.11 -31.39 -27.26 -15.75 -21.57 -29.29 -33.05 -24.40 -22.94 -18.37 -14.52 -28.65 -36.20 -47.86 -51.28 -40.69 -42.01 -33.15 -30.63 -28.56 -41.38 -45.51 -46.83 -46.68 -41.09 -34.25 -31.57 -22.43 -38.77 -43.90 -51.36 -43.75 -39.49 -44.39 -50.18 -42.96 -39.90 -37.42 -40.83 -45.45 -35.49 -25.42 -33.59 -46.35 -40.00 -29.27 -25.76 -28.20 -26.80 -23.88 -22.92 -22.92 -20.63 -18.56 -19.53 -15.97 -16.30 -20.31 -24.05 -23.98 -23.74
-30.25 -26.54 -19.87 -13.79 -15.33 -19.93 -18.10 -26.54 -33.03 -29.66 -23.94 -27.39 -33.84 -36.82 -28.76 -33.32 -25.86 -11.41 -12.63 -21.97 -30.78 -34.22 -35.84 -12.34 -42.90 -51.66 -54.71 -34.76 -21.56 -29.86 -19.05 -26.97 -27.31 -47.09 -48.67 -40.88 -29.84 -21.32 -30.86 -38.93 -28.04 -36.16 -48.24 -50.77 -48.39 -49.82 -34.09 -44.19 -47.16 -35.76 -39.70 -35.65 -35.68 -37.76 -29.63 -34.74 -35.75 -26.42 -23.34 -22.61 -21.94 -19.07 -21.31 -26.16 -39.59 -31.86 -14.96 -19.53 -22.39 -17.19 -22.60 -35.31 -30.58
-14.47 -13.54 -12.57 -10.01 -6.39 -13.54 -14.93 -23.12 -32.77 -30.02 -45.04 -40.82 -40.19 -36.52 -34.08 -16.99 -34.05 -39.05 -22.45 -33.07 -30.57 -33.71 -32.19 -58.09 -56.19 -55.52 -40.35 -33.42 -13.02 -18.46 -18.90 -37.13 -36.81 -41.98 -33.28 -25.16 -28.19 -19.43 -27.37 -45.79 -46.91 -35.44 -36.26 -45.38 -50.02 -46.27 -41.32 -39.76 -38.93 -38.66 -30.58 -25.98 -27.59 -30.46 -37.05 -38.98 -35.41 -30.96 -27.80 -26.42 -33.62 -20.55 -29.05 -37.18 -30.67 -28.63 -23.46 -22.35 -16.13 -13.34 -13.39 -44.84 -27.70
-13.54 -15.73 -10.88 -7.10 -10.83 -15.35 -23.81 -30.93 -30.24 -32.54 -36.31 -42.56 -43.56 -39.47 -39.53 -39.40 -42.87 -26.32 -38.70 -17.18 -35.40 -29.09 -41.11 -48.23 -56.03 -55.63 -45.31 -45.87 -30.15 -26.56 -29.46 -34.45 -45.45 -44.05 -31.34 -28.01 -33.19 -31.35 -41.86 -43.42 -41.27 -42.07 -44.52 -47.29 -46.79 -44.40 -45.62 -45.82 -41.60 -38.81 -36.81 -27.28 -22.12 -30.20 -37.05 -40.73 -43.85 -42.19 -40.52 -39.24 -38.97 -34.56 -23.05 -31.39 -33.19 -32.68 -17.53 -30.81 -32.40 -28.00 -27.43 -27.74 -41.24
-37.02 -39.77 -33.19 -23.46 -19.22 -16.23 -24.59 -32.44 -29.93 -35.92 -40.55 -42.22 -39.20 -49.98 -47.53 -28.20 -32.05 -50.52 -47.94 -48.25 -31.14 -41.37 -49.42 -61.65 -57.13 -60.38 -69.78 -37.51 -37.38 -41.53 -50.19 -55.59 -48.88 -39.58 -41.00 -22.67 -43.11 -46.26 -47.35 -47.20 -44.34 -42.37 -43.57 -45.37 -47.06 -46.64 -39.09 -34.86 -40.81 -44.44 -37.02 -29.46 -25.08 -23.02 -29.63 -37.50 -42.24 -46.94 -47.71 -45.32 -37.46 -35.85 -35.36 -17.22 -20.01 -51.33 -47.73 -31.20 -31.97 -23.60 -27.42 -35.24 -42.47
-32.92 -32.00 -33.78 -36.99 -36.08 -40.35 -46.54 -41.98 -39.48 -43.44 -41.57 -40.36 -30.41 -24.98 -45.33 -41.65 -44.79 -45.91 -48.07 -44.65 -56.15 -50.76 -58.48 -59.06 -50.35 -51.85 -42.17 -26.57 -30.82 -30.75 -52.89 -59.48 -53.43 -38.53 -33.75 -42.79 -49.18 -55.09 -56.97 -56.23 -53.10 -48.73 -47.57 -46.58 -46.28 -51.22 -47.65 -39.73 -34.53 -30.70 -26.54 -26.00 -29.45 -33.88 -38.83 -47.87 -56.11 -55.77 -60.48 -63.55 -54.11 -37.50 -31.77 -33.43 -40.81 -49.27 -30.16 -16.01 -43.30 -45.48 -37.79 -33.72 -33.47
-31.77 -23.54 -22.07 -27.56 -31.95 -28.06 -27.85 -40.85 -36.70 -29.38 -34.42 -41.09 -38.74 -36.91 -43.19 -32.60 -40.17 -38.47 -29.41 -50.39 -59.52 -59.04 -54.73 -50.77 -57.05 -38.76 -28.50 -37.66 -37.23 -52.14 -56.98 -61.53 -59.08 -49.53 -45.63 -49.59 -50.30 -56.30 -58.06 -54.51 -46.46 -48.87 -50.85 -50.56 -51.56 -54.76 -52.50 -39.61 -30.36 -35.46 -37.63 -38.03 -43.33 -46.04 -49.80 -59.68 -68.52 -60.95 -46.40 -49.15 -52.80 -43.75 -54.67 -52.34 -42.93 -29.01 -32.01 -36.79 -41.58 -30.93 -30.31 -23.83 -37.77
-23.86 -13.84 -14.33 -19.01 -13.38 -16.70 -29.09 -29.04 -42.41 -43.08 -42.76 -36.33 -30.93 -35.32 -38.26 -41.64 -43.81 -42.28 -47.80 -43.90 -48.36 -55.21 -49.72 -48.32 -52.48 -61.61 -62.22 -65.55 -66.79 -78.24 -69.00 -65.50 -59.64 -49.32 -53.94 -55.29 -57.09 -58.08 -57.80 -58.02 -59.04 -58.38 -53.20 -51.94 -54.88 -55.70 -52.19 -46.33 -42.94 -44.52 -47.05 -49.48 -52.50 -53.99 -54.76 -57.43 -59.63 -56.39 -50.80 -52.89 -60.21 -60.02 -62.24 -62.20 -62.18 -49.43 -45.75 -48.49 -45.06 -40.10 -40.58 -34.18 -33.63
