Instances/GulfOfFinland/GMRTv3_3_20170610topo.asc
ncols 788
nrows 194
xllcorner 23.5546875
yllcorner 59.14438887499335
cellsize 0.0087890625
nodata_value -2147483648
[rows 33 to 65 of 194, columns 73 to 145 of 788]
86.41 89.92 93.00 98.00 102.69 108.87 115.60 115.55 116.93 124.03 124.85 123.32 126.74 131.50 134.72 129.76 117.76 113.23 112.71 117.25 119.61 129.78 131.73 117.73 113.13 121.94 130.16 129.80 130.33 134.39 142.79 147.61 145.60 147.43 142.20 123.89 106.91 105.44 112.96 119.41 122.39 123.32 123.81 122.40 121.83 125.40 129.80 130.34 133.46 132.11 124.26 115.82 107.05 97.89 94.59 92.93 89.12 89.65 100.49 116.23 123.06 124.00 120.65 109.19 95.81 91.91 89.51 83.32 86.33 94.96 99.91 99.18 94.58
75.86 73.48 92.47 115.75 120.50 116.90 116.58 118.87 124.78 133.63 133.22 126.25 127.18 133.37 137.93 141.85 138.50 129.59 124.11 128.43 132.74 132.70 127.96 121.24 114.34 116.01 123.76 126.03 123.28 122.55 129.41 135.80 139.89 145.19 141.14 126.59 109.19 108.12 114.85 125.80 132.56 133.56 131.05 125.90 122.25 125.52 128.71 127.64 128.89 127.33 125.01 119.46 118.18 112.45 107.33 103.65 104.30 104.10 109.28 109.78 116.20 122.10 113.16 101.52 97.92 96.07 92.31 85.51 84.54 85.11 89.23 96.96 100.00
75.75 71.86 82.64 99.95 108.79 115.61 119.49 120.75 120.92 120.90 119.69 113.29 114.24 123.42 128.42 133.08 138.14 134.31 127.34 131.53 135.91 133.38 124.74 118.17 116.93 115.06 118.10 121.44 119.81 116.39 118.82 121.02 120.05 120.72 119.14 113.40 111.52 115.83 115.25 118.06 124.10 124.78 123.45 120.24 114.25 114.09 114.59 114.03 112.21 109.60 111.31 115.00 116.92 114.36 111.24 108.08 110.85 116.73 118.33 119.29 122.59 122.77 112.40 103.26 101.84 104.41 106.45 99.06 84.92 77.16 83.47 88.68 89.93
80.26 71.70 66.76 63.81 78.66 105.49 118.28 117.04 111.97 107.83 108.36 112.53 116.37 121.47 119.45 111.15 114.37 121.60 127.13 129.25 127.64 128.58 126.47 121.24 117.64 113.64 112.74 114.39 115.82 119.38 122.80 123.10 118.81 114.02 111.19 103.29 107.00 113.76 111.46 108.15 105.29 101.80 94.41 98.36 100.93 107.74 108.34 107.86 111.42 111.79 112.49 114.41 115.04 115.05 113.41 116.38 118.51 120.08 116.17 112.37 109.34 105.15 101.00 101.41 101.42 103.59 103.22 97.09 82.33 78.06 80.46 83.99 82.81
74.47 67.36 62.26 57.78 79.93 97.44 109.63 113.30 107.30 104.26 103.56 110.65 119.93 120.42 113.95 104.11 102.44 111.53 119.67 116.24 116.17 122.50 129.27 130.71 129.06 123.68 116.24 112.56 116.49 123.93 128.74 131.83 131.38 129.01 123.69 112.56 101.86 103.71 108.85 111.15 110.82 105.33 93.24 90.77 96.06 95.65 92.41 91.86 94.81 101.27 110.86 115.87 114.86 115.35 120.29 125.87 123.31 119.33 110.21 99.35 92.58 91.06 94.33 101.23 101.07 99.50 95.47 82.13 73.02 76.75 78.36 79.37 81.01
50.46 52.34 50.81 60.06 85.09 88.69 95.73 99.89 93.75 93.93 97.68 102.63 109.39 105.95 93.42 94.19 94.58 85.19 85.47 87.03 93.17 98.97 110.39 121.83 128.13 132.23 129.03 123.70 116.42 114.74 124.29 127.47 127.16 123.49 111.67 103.12 97.79 99.48 110.37 111.16 109.02 101.24 90.32 95.84 109.08 106.83 104.41 105.67 105.19 105.68 109.32 106.19 105.80 106.35 108.20 111.14 117.68 106.36 96.66 90.94 88.40 91.27 94.30 93.89 96.05 93.06 87.41 77.40 77.67 82.74 80.25 76.38 77.10
40.33 40.65 46.05 58.92 70.50 83.06 95.10 91.76 88.39 88.24 95.16 100.44 91.31 79.58 88.89 98.75 89.48 72.63 72.70 72.37 81.83 85.02 100.67 114.65 125.20 132.07 132.72 126.03 120.26 118.57 122.37 123.85 119.38 115.91 109.61 108.66 104.43 101.88 104.43 102.83 97.39 89.89 92.73 102.86 113.48 116.06 117.76 113.30 108.49 110.63 118.60 110.40 101.68 103.41 111.32 114.98 114.99 100.79 96.66 91.07 86.25 84.25 82.75 84.13 88.60 83.67 74.47 74.86 85.42 89.06 93.65 94.35 86.72
41.56 32.77 32.00 40.76 44.01 52.94 71.66 77.09 76.04 83.48 89.91 87.43 70.92 67.60 83.09 82.32 69.06 64.32 63.35 53.71 53.27 67.19 92.95 109.62 123.08 129.23 126.43 114.71 105.39 102.42 111.57 119.99 114.76 102.47 98.96 96.63 92.46 91.62 99.62 101.27 96.97 91.99 92.19 95.88 98.79 98.49 99.37 93.22 87.00 96.25 103.34 102.91 98.43 97.63 101.75 104.07 97.20 88.52 84.97 79.38 73.16 73.25 77.06 74.51 69.29 70.59 75.98 87.16 99.52 95.88 90.41 82.66 75.12
44.45 36.75 45.83 57.65 59.91 56.91 60.86 72.14 80.09 79.17 74.25 74.33 68.29 65.15 67.36 65.55 64.84 71.77 68.17 56.57 50.74 74.58 93.90 101.83 106.20 107.52 107.42 104.79 102.00 107.76 120.03 125.94 117.00 95.24 91.24 104.10 110.84 105.49 106.47 109.06 109.70 106.48 104.04 98.01 93.09 92.32 89.94 92.82 98.23 95.71 94.68 98.14 103.94 105.03 108.43 110.88 105.29 96.96 85.56 85.62 90.66 88.98 88.18 82.77 71.97 68.92 81.05 92.75 89.78 85.37 82.50 82.79 86.74
44.22 37.22 43.56 54.30 64.89 62.41 59.33 65.12 72.75 64.53 58.63 59.41 69.81 92.25 81.21 60.59 68.55 75.30 77.07 70.25 56.74 73.71 98.96 102.29 93.11 91.59 95.44 104.63 109.00 117.15 115.42 98.09 86.42 85.45 89.33 98.27 103.16 101.75 98.05 94.75 91.57 88.34 86.68 83.93 88.74 99.25 103.44 106.96 108.26 101.67 96.82 91.34 98.67 108.96 111.22 103.27 95.86 95.82 89.52 90.85 101.11 99.33 89.23 77.38 67.63 62.30 66.67 70.67 72.08 78.63 82.30 80.67 76.82
55.17 38.55 39.71 55.36 58.84 60.97 57.53 53.20 52.75 54.04 55.60 63.16 83.68 94.53 74.53 68.44 83.12 85.80 89.62 72.67 57.74 76.39 104.50 120.36 112.72 106.22 108.53 105.59 98.39 94.33 88.12 82.83 78.31 80.54 86.20 88.70 85.92 83.01 77.68 75.45 81.44 93.44 91.22 87.30 99.24 108.44 113.37 112.02 98.13 88.84 84.21 74.19 80.16 93.41 95.19 92.08 85.19 80.36 77.73 78.21 85.56 88.17 80.63 74.75 70.54 73.13 84.13 81.53 79.18 83.79 75.51 69.05 69.50
65.88 44.24 44.07 56.47 54.00 50.69 52.31 53.18 54.26 62.29 75.22 86.75 84.23 71.91 71.49 76.82 88.37 85.27 65.39 42.54 49.41 80.38 103.20 102.00 99.84 95.20 96.36 99.06 96.59 94.23 91.82 90.11 83.54 79.52 77.20 76.99 77.04 77.08 78.56 77.52 82.95 97.54 100.30 98.57 106.43 105.07 100.23 93.54 85.03 81.28 75.25 64.63 60.87 67.38 73.52 75.59 76.89 78.26 74.35 69.66 73.21 73.79 69.91 68.61 70.59 77.20 79.22 76.14 75.71 77.65 77.82 82.46 89.70
71.95 47.33 39.40 39.32 44.90 52.27 67.88 74.40 68.91 73.26 76.41 82.39 85.39 72.69 65.17 72.84 67.38 56.89 40.43 41.60 64.21 82.30 76.26 64.33 72.59 94.87 106.55 101.75 85.99 71.33 70.44 70.27 76.75 86.57 96.01 88.37 84.15 80.66 79.52 91.11 103.67 115.19 114.54 108.09 95.56 80.01 71.90 66.86 67.74 68.83 64.67 64.36 64.74 59.81 60.19 68.95 74.39 72.97 71.81 67.84 67.92 65.88 67.47 68.52 63.66 61.86 62.48 62.41 64.17 66.31 79.25 97.54 96.37
55.54 41.20 38.47 37.08 40.25 59.68 81.76 78.34 70.95 73.63 73.50 86.32 90.71 70.59 65.92 64.26 58.55 48.67 41.62 44.15 59.66 64.78 57.72 62.83 78.22 87.87 84.14 74.56 68.08 63.94 73.69 86.28 99.95 101.22 95.45 85.54 88.69 92.07 85.66 93.85 100.57 107.59 107.41 96.33 75.74 63.10 55.07 47.27 46.79 54.71 61.85 67.83 61.83 54.03 55.45 61.91 71.37 76.00 74.31 70.24 71.26 70.78 74.36 76.88 74.05 65.39 59.36 72.26 84.54 82.29 87.02 90.28 85.35
48.67 47.30 54.53 59.07 48.23 62.41 83.83 82.14 74.99 73.85 84.33 91.75 86.69 59.13 48.96 53.87 69.68 73.61 70.47 51.12 52.19 52.95 56.84 63.73 58.14 56.76 60.74 60.90 65.38 74.10 81.09 94.91 109.07 110.96 101.39 93.93 86.88 81.80 83.37 90.48 84.48 79.67 78.09 72.70 74.02 68.80 48.45 40.90 49.83 59.23 58.46 57.36 55.55 56.66 75.01 81.16 80.72 71.53 66.71 66.77 68.37 72.90 81.21 85.64 80.48 70.34 81.76 96.75 86.70 77.08 76.73 64.89 60.85
57.27 70.92 98.35 102.07 91.04 71.34 66.15 71.13 85.07 98.94 95.68 85.19 61.11 37.45 34.07 58.58 74.30 83.07 68.87 47.03 41.74 44.25 55.36 69.25 70.58 64.86 61.07 63.69 59.19 55.22 64.42 88.16 103.75 94.36 94.13 90.33 75.46 66.00 65.79 69.29 70.99 68.83 64.75 63.63 65.72 59.96 50.04 46.50 57.61 73.07 75.74 67.20 63.18 57.25 63.89 79.65 77.58 66.45 59.74 64.75 72.49 78.68 80.88 81.24 82.20 78.45 85.90 85.83 75.65 67.23 62.13 57.67 57.15
65.33 92.76 114.26 104.36 81.06 79.54 86.59 85.16 75.97 77.48 70.72 50.87 39.83 38.97 41.23 49.08 52.77 50.85 44.50 47.85 52.89 49.85 53.73 75.25 86.39 78.42 62.44 58.18 60.49 64.03 69.11 75.32 88.60 89.52 89.31 83.78 74.84 75.14 69.69 65.79 64.49 62.70 60.56 71.70 83.29 74.32 62.63 55.02 49.73 51.67 56.74 58.71 56.36 54.08 59.66 72.90 71.16 63.03 53.00 44.00 53.96 56.84 57.88 70.61 79.29 78.67 85.31 81.92 76.23 72.16 65.87 73.43 74.11
72.75 97.75 97.38 81.71 70.89 76.97 78.27 72.20 59.05 47.66 37.47 35.03 37.51 48.61 55.11 49.13 48.14 54.96 60.85 60.41 69.29 68.26 62.11 68.30 83.88 82.06 73.30 73.42 71.47 80.12 85.17 79.30 75.66 73.60 74.73 75.07 76.01 80.55 79.92 80.39 78.33 78.44 80.17 79.07 76.61 68.66 65.76 66.86 56.79 48.11 49.33 50.15 52.19 53.12 65.04 77.87 71.88 63.22 52.29 50.92 58.16 64.09 67.02 77.31 73.56 64.76 73.16 74.49 74.78 71.66 59.81 61.35 53.25
75.85 82.46 80.08 76.08 72.31 62.17 59.24 51.60 41.61 43.14 40.74 43.41 53.21 68.77 64.04 53.32 53.40 69.91 88.11 82.99 75.17 78.72 82.17 74.03 72.84 82.73 88.21 84.39 78.81 87.35 93.15 87.18 82.13 82.95 82.95 77.78 75.06 66.46 62.16 71.01 83.16 94.49 94.85 85.67 79.59 72.28 68.04 65.05 55.19 46.96 54.22 58.14 54.54 51.88 62.01 76.26 71.23 57.27 48.99 51.77 56.80 57.33 57.65 59.17 58.83 56.09 56.21 53.02 48.97 46.06 52.59 57.14 53.06
75.25 80.90 79.31 70.43 60.47 58.15 58.97 45.00 34.04 42.90 51.59 54.83 60.27 65.36 63.89 66.89 61.10 66.23 72.60 73.43 69.16 78.30 87.43 89.94 86.42 91.72 97.22 87.43 74.44 70.61 76.78 81.10 86.45 85.78 79.20 76.41 71.27 61.93 69.59 73.03 73.34 76.47 70.50 67.40 65.27 65.20 71.66 75.25 60.36 49.78 65.11 74.83 66.69 60.57 65.77 70.13 67.03 55.86 51.82 55.04 59.09 57.69 56.39 46.70 45.17 55.01 63.55 63.59 58.73 58.39 63.80 59.70 56.70
53.69 59.93 53.75 50.49 54.93 63.75 61.95 45.92 33.93 42.11 56.13 53.15 47.22 50.24 59.26 60.22 56.03 61.94 60.96 62.07 63.05 69.07 78.93 90.97 95.12 88.36 81.38 71.24 65.02 61.90 63.92 80.04 90.28 82.32 74.10 68.95 67.91 68.77 76.98 72.92 68.94 65.17 58.16 56.14 56.14 58.09 70.35 83.28 80.72 63.61 59.13 66.41 67.15 71.87 72.89 67.00 64.15 57.06 51.15 51.13 51.19 58.20 64.20 55.01 52.59 63.67 65.26 61.39 59.15 66.19 66.04 64.13 59.19
34.01 33.00 32.99 35.02 46.19 52.32 55.15 64.76 60.64 44.91 44.13 45.08 44.94 51.87 59.84 63.83 64.83 73.83 77.77 75.77 74.82 75.91 78.10 81.20 78.20 70.13 67.07 65.02 67.95 76.85 73.93 71.11 75.08 70.99 65.09 70.04 72.99 78.95 80.94 77.97 73.96 64.92 63.85 69.72 70.71 69.75 62.90 67.08 79.12 75.00 57.96 54.01 64.95 74.02 77.00 69.97 57.04 51.07 45.01 46.01 51.90 63.83 62.92 57.92 64.96 72.01 56.03 50.96 54.00 54.10 55.17 52.14 50.06
41.02 44.02 50.04 45.03 35.01 32.01 38.98 57.94 63.95 44.98 35.99 40.00 56.02 67.02 73.01 79.02 85.02 91.01 90.99 83.98 73.97 64.96 59.97 58.98 61.99 63.00 63.00 67.01 74.00 74.97 66.98 76.03 83.03 81.03 68.02 61.99 64.98 71.98 79.99 79.00 77.01 74.02 77.02 86.00 89.01 91.02 86.05 81.05 74.01 67.99 62.01 57.01 70.01 63.98 63.97 66.98 55.00 50.01 52.02 54.02 60.01 62.98 61.98 66.01 73.01 65.99 52.99 57.00 58.00 46.99 42.99 38.98 41.98
53.15 52.05 63.02 69.27 58.41 54.40 44.31 33.99 38.85 36.95 34.03 47.21 76.31 83.22 83.11 86.02 79.79 76.68 71.68 65.77 58.88 51.00 52.05 62.19 75.27 71.15 63.03 65.95 65.82 63.95 75.27 91.09 94.02 93.08 83.15 73.26 71.22 70.13 78.06 86.13 88.18 85.17 88.17 92.17 101.19 106.17 105.11 99.06 88.22 80.30 69.14 64.13 83.21 67.21 62.17 63.05 57.05 54.05 58.04 65.07 69.13 66.15 59.01 59.87 70.88 63.97 46.94 48.81 46.78 39.92 37.94 30.98 35.01
65.23 59.21 57.86 75.93 81.23 79.30 85.82 63.87 37.17 35.17 46.64 71.78 98.42 100.23 84.88 77.67 67.79 62.86 54.84 53.91 53.05 55.22 65.38 79.33 85.99 81.12 71.19 61.93 57.00 65.17 80.90 91.95 92.95 93.88 89.00 86.11 87.23 86.35 91.35 95.14 93.00 98.21 103.23 103.12 106.98 110.95 105.98 97.98 100.14 97.24 84.35 75.23 91.02 88.40 76.26 71.26 68.38 61.21 65.19 71.09 70.86 61.67 53.81 55.98 61.79 51.70 41.01 40.05 40.10 38.05 34.00 37.21 45.31
72.20 67.16 58.21 73.00 79.83 77.72 82.28 72.79 52.72 63.34 95.51 114.88 109.84 91.31 74.58 66.73 56.73 54.80 52.23 61.63 70.82 74.60 79.19 83.89 80.72 77.73 68.80 61.18 68.65 78.55 84.35 90.12 88.95 82.70 84.87 86.12 89.00 91.92 96.89 100.02 100.23 99.93 98.70 100.79 103.79 106.79 108.98 105.23 103.92 100.82 92.02 82.17 88.93 93.96 85.24 85.44 83.33 72.30 68.00 66.79 60.84 55.11 50.11 48.81 48.75 51.24 57.68 55.69 52.51 46.41 42.45 45.27 51.00
79.41 67.15 66.61 78.36 76.96 70.88 72.01 74.27 79.84 101.86 104.49 92.39 80.55 70.46 65.97 59.04 58.22 60.39 73.86 85.67 87.34 79.06 73.75 73.47 69.47 67.66 67.35 77.89 89.69 92.48 98.67 102.51 93.31 86.40 83.80 96.94 94.07 87.97 88.75 91.71 95.75 96.97 96.10 95.96 95.93 96.81 98.57 98.53 89.31 86.29 87.63 86.22 93.31 92.91 89.98 89.91 84.81 75.99 66.96 68.27 73.63 69.65 64.75 56.63 57.47 60.09 64.95 67.23 63.26 57.40 55.54 55.64 53.32
89.42 82.03 86.94 86.30 77.13 75.25 81.21 80.27 79.88 89.01 89.56 77.11 66.16 70.42 77.55 72.61 60.26 62.20 75.73 80.42 87.77 84.02 76.14 67.90 57.77 67.29 85.77 91.17 92.89 102.36 110.37 107.04 102.42 93.39 73.89 67.95 83.11 92.75 90.05 95.13 98.21 100.16 100.16 102.43 108.53 106.44 98.04 92.65 80.73 77.78 77.82 94.49 97.97 85.46 82.45 82.33 77.44 72.78 68.04 73.10 74.71 72.82 74.16 68.24 56.72 51.59 61.85 67.89 65.13 64.33 66.36 71.57 68.72
94.40 97.76 98.50 89.95 80.58 73.43 69.21 82.82 84.99 84.83 92.75 90.09 83.79 79.44 75.92 72.97 69.58 73.76 74.24 74.82 79.11 75.22 73.74 64.97 66.67 77.48 85.54 84.35 90.72 103.70 109.43 106.69 105.90 102.34 90.18 83.35 71.25 72.23 81.84 88.29 98.05 99.94 100.10 105.07 103.75 101.34 92.39 84.46 79.22 75.18 86.59 100.03 90.66 75.81 73.64 67.42 64.71 68.92 67.99 70.90 69.91 69.72 68.28 63.33 55.80 52.18 58.74 66.77 70.26 69.04 66.65 71.44 71.71
104.62 104.23 100.57 83.22 61.21 60.67 67.31 75.66 74.42 75.47 74.92 72.03 79.53 83.95 80.27 76.32 74.18 79.77 79.92 72.58 64.41 65.59 69.70 69.34 72.58 77.08 77.78 75.78 83.67 93.56 97.45 97.52 99.40 100.43 96.79 93.27 95.39 80.14 59.38 74.48 96.78 100.81 105.02 107.87 104.61 93.73 86.33 81.92 88.92 83.20 89.97 95.76 91.17 81.05 70.68 67.84 70.75 66.08 68.32 70.47 68.68 62.60 56.47 52.03 51.51 53.47 54.70 59.22 66.23 62.86 54.97 57.09 58.93
107.54 102.24 86.03 73.01 66.73 68.68 76.92 77.57 72.89 73.26 68.57 72.10 77.99 76.50 79.30 75.96 70.85 66.87 68.95 62.95 63.39 62.62 66.70 74.29 81.37 80.93 78.54 76.75 83.73 95.13 99.50 97.38 93.15 90.92 88.60 92.53 95.94 92.96 71.30 54.96 64.92 88.76 94.22 95.26 90.53 93.97 99.29 103.10 95.16 77.75 86.90 92.57 90.34 73.09 63.13 59.08 52.80 44.93 50.28 55.23 60.05 58.36 55.02 63.56 69.91 63.43 51.51 47.32 53.04 42.22 41.14 49.17 43.86
94.80 90.36 80.74 80.70 73.03 73.20 82.62 82.38 70.53 57.82 61.39 73.33 79.31 72.47 67.58 60.20 54.70 57.59 56.98 50.46 54.32 57.67 65.62 74.89 79.42 73.57 66.53 69.84 78.03 94.09 105.12 103.10 99.10 95.72 86.18 82.00 76.03 80.51 82.35 70.91 55.17 55.24 65.90 70.32 76.38 89.71 90.00 85.15 76.70 79.76 85.36 84.93 72.80 58.39 49.69 46.06 45.69 45.00 51.86 54.94 49.44 47.01 52.27 60.21 67.11 61.43 43.51 42.62 45.71 43.74 36.12 38.68 36.55
87.22 88.85 80.15 71.48 74.14 79.80 76.88 72.77 69.68 56.34 55.37 73.89 82.28 70.95 73.24 75.73 63.66 59.66 52.07 54.42 67.80 71.60 74.39 71.72 68.49 71.10 70.34 75.68 84.41 93.13 97.60 96.77 93.18 85.48 77.29 75.49 77.26 80.29 78.11 69.17 61.82 56.44 56.61 59.10 73.29 86.65 83.10 88.63 87.46 73.94 73.28 68.20 47.28 43.11 38.53 40.82 44.35 43.19 48.63 52.94 46.80 38.32 42.41 50.46 52.24 48.88 39.16 39.65 42.60 39.01 40.11 40.05 48.14
