Instances/GulfOfFinland/GMRTv3_3_20170610topo.asc
ncols 788
nrows 194
xllcorner 23.5546875
yllcorner 59.14438887499335
cellsize 0.0087890625
nodata_value -2147483648
[rows 99 to 131 of 194, columns 219 to 291 of 788]
-43.47 -54.10 -52.16 -58.24 -64.11 -56.86 -44.83 -50.51 -41.67 -44.78 -39.18 -62.46 -48.22 -27.86 -14.09 -39.56 -34.90 -39.88 -45.88 -48.99 -43.41 -35.45 -43.82 -49.33 -44.60 -50.24 -41.59 -20.79 -18.43 -32.28 -38.43 -33.55 -30.11 -24.48 -27.26 -36.41 -32.93 -38.21 -45.82 -40.50 -45.88 -51.27 -52.81 -54.47 -53.96 -56.04 -54.40 -50.34 -53.56 -55.89 -54.79 -62.66 -63.82 -56.94 -48.89 -54.95 -43.78 -47.87 -49.78 -61.13 -69.31 -61.49 -59.64 -58.77 -57.75 -69.07 -71.23 -73.73 -72.86 -72.28 -68.82 -64.86 -63.64
-63.99 -62.12 -60.21 -62.32 -46.77 -33.23 -32.61 -39.12 -42.24 -47.40 -46.40 -40.90 -37.77 -31.56 -23.65 -35.51 -42.08 -41.77 -35.61 -36.50 -40.50 -46.07 -42.13 -46.92 -54.91 -45.22 -28.75 -26.78 -29.24 -22.44 -29.30 -37.12 -38.35 -46.09 -43.08 -44.45 -34.60 -28.67 -39.66 -42.71 -45.21 -45.93 -55.55 -55.56 -53.13 -48.48 -47.42 -49.22 -55.23 -53.99 -38.79 -45.98 -46.85 -51.63 -55.98 -57.81 -51.70 -53.86 -54.32 -50.72 -47.84 -74.98 -76.11 -67.19 -71.97 -70.55 -68.17 -70.80 -72.33 -73.24 -73.22 -73.62 -73.82
-62.62 -63.98 -48.25 -38.33 -35.68 -33.14 -39.99 -57.27 -60.91 -56.99 -54.96 -48.72 -62.27 -61.62 -38.02 -41.32 -43.22 -39.53 -45.79 -44.73 -48.71 -45.95 -51.35 -49.80 -54.14 -42.85 -33.96 -38.07 -36.98 -34.69 -35.12 -40.83 -46.18 -47.44 -48.90 -49.16 -49.84 -42.34 -35.31 -48.40 -51.21 -44.76 -45.97 -35.03 -41.14 -47.00 -33.41 -34.37 -46.56 -38.28 -48.48 -35.61 -47.12 -40.96 -54.81 -55.69 -56.32 -59.99 -57.06 -67.05 -60.87 -68.91 -76.57 -83.12 -67.83 -71.05 -70.35 -69.43 -67.46 -69.91 -73.19 -76.45 -80.59
-48.44 -43.67 -49.66 -55.02 -49.53 -38.51 -56.83 -48.21 -51.99 -56.79 -43.52 -58.72 -63.05 -62.77 -51.64 -30.87 -32.89 -38.17 -45.91 -48.29 -51.77 -53.63 -53.46 -51.15 -53.03 -48.04 -48.69 -48.24 -39.19 -34.18 -40.83 -47.66 -45.91 -48.87 -51.62 -45.70 -43.38 -53.75 -47.10 -40.61 -42.88 -44.95 -42.94 -48.17 -47.76 -37.91 -44.64 -42.36 -42.34 -51.25 -50.18 -45.96 -43.35 -44.55 -52.43 -53.49 -47.94 -58.90 -65.13 -65.37 -54.26 -41.47 -73.96 -76.76 -78.94 -57.39 -57.92 -58.97 -65.09 -73.37 -75.37 -76.31 -77.46
-55.63 -48.49 -44.59 -51.79 -46.43 -53.42 -48.20 -51.38 -44.69 -58.71 -58.29 -64.98 -65.08 -64.86 -55.66 -46.43 -38.79 -39.91 -47.05 -50.07 -52.64 -56.59 -56.05 -49.82 -52.37 -53.97 -44.74 -40.27 -40.63 -35.46 -29.79 -28.57 -30.98 -37.53 -47.36 -57.36 -55.06 -45.44 -51.35 -44.92 -51.06 -56.17 -50.61 -53.42 -52.40 -49.57 -43.45 -40.76 -45.83 -47.53 -57.20 -52.75 -55.29 -60.14 -65.98 -56.58 -62.28 -67.30 -66.43 -65.03 -49.35 -68.77 -76.55 -79.23 -60.57 -62.33 -62.35 -60.64 -65.54 -71.74 -75.56 -77.38 -77.65
-56.27 -47.24 -48.95 -47.55 -40.60 -40.13 -42.08 -46.00 -52.96 -57.20 -63.20 -68.56 -65.39 -63.57 -52.13 -42.98 -44.81 -44.81 -48.64 -54.43 -51.75 -50.47 -46.54 -38.11 -45.48 -36.44 -30.79 -40.03 -31.57 -24.90 -26.45 -31.60 -34.19 -39.90 -59.82 -50.94 -49.83 -61.70 -62.43 -62.65 -64.09 -63.06 -60.13 -59.17 -59.01 -57.56 -55.50 -58.36 -62.80 -65.06 -67.27 -61.26 -69.53 -70.81 -70.04 -67.81 -69.28 -72.11 -72.41 -72.87 -58.07 -75.80 -79.92 -76.92 -77.01 -74.00 -72.24 -73.43 -74.25 -73.35 -71.22 -72.83 -73.97
-54.11 -46.43 -50.79 -55.05 -43.32 -46.71 -52.91 -65.28 -68.32 -66.71 -70.36 -54.04 -57.08 -52.43 -53.30 -58.70 -59.63 -59.43 -60.08 -62.33 -56.50 -52.71 -50.30 -51.01 -50.73 -43.58 -40.90 -35.34 -37.02 -40.08 -40.83 -44.39 -46.33 -44.75 -35.85 -43.05 -48.06 -55.02 -65.74 -65.36 -66.44 -62.00 -63.23 -70.02 -69.23 -65.48 -62.79 -68.53 -65.10 -66.92 -73.13 -77.99 -81.22 -78.13 -74.96 -69.66 -74.99 -75.96 -77.22 -80.04 -78.19 -73.68 -72.54 -72.49 -72.98 -72.16 -71.43 -71.70 -73.18 -72.94 -72.33 -72.02 -70.70
-65.03 -67.32 -69.40 -67.15 -65.44 -67.16 -68.65 -68.63 -68.69 -69.54 -69.41 -69.45 -68.69 -65.13 -63.25 -64.82 -66.16 -64.08 -63.48 -63.75 -62.12 -61.24 -62.87 -62.90 -45.70 -36.32 -42.10 -46.99 -45.14 -40.50 -37.30 -39.43 -43.85 -42.94 -45.56 -52.34 -56.92 -64.07 -67.92 -63.68 -69.87 -68.35 -71.18 -61.81 -57.52 -66.08 -71.40 -71.12 -73.50 -74.94 -74.17 -71.98 -69.61 -70.73 -70.70 -73.08 -70.18 -72.55 -75.14 -66.62 -69.33 -70.31 -60.16 -63.60 -65.15 -66.03 -72.49 -74.62 -73.78 -70.73 -71.15 -71.58 -71.14
-67.14 -67.07 -62.78 -66.46 -66.94 -69.74 -67.01 -69.61 -67.10 -59.14 -65.93 -61.22 -61.55 -67.44 -65.32 -64.10 -63.79 -68.55 -67.34 -60.62 -62.30 -60.42 -61.14 -62.35 -49.67 -38.89 -39.29 -41.11 -38.84 -37.10 -36.62 -36.47 -46.21 -57.18 -60.51 -68.15 -69.89 -67.27 -69.31 -70.35 -72.85 -71.83 -61.86 -65.32 -69.38 -68.59 -65.34 -68.90 -65.86 -69.90 -61.34 -69.66 -66.21 -66.63 -59.13 -50.80 -56.20 -72.66 -80.24 -70.99 -69.31 -68.09 -66.56 -65.42 -68.46 -71.17 -75.34 -76.38 -74.43 -75.28 -73.30 -72.27 -72.31
-67.07 -70.92 -70.85 -71.32 -70.76 -71.00 -66.90 -69.56 -69.91 -67.87 -59.77 -59.64 -70.86 -73.40 -70.15 -62.16 -67.35 -68.29 -56.07 -53.85 -56.50 -61.26 -63.84 -60.68 -53.05 -48.12 -51.70 -49.33 -45.76 -46.88 -43.75 -49.63 -62.93 -67.69 -67.60 -59.95 -58.75 -68.12 -62.88 -61.26 -61.33 -78.00 -79.13 -71.77 -74.01 -73.48 -71.26 -61.14 -64.79 -63.56 -64.55 -65.99 -67.30 -68.60 -56.06 -61.82 -62.42 -71.08 -68.29 -82.71 -80.15 -78.57 -74.17 -73.88 -77.10 -77.14 -77.48 -77.33 -74.57 -71.37 -72.38 -73.46 -74.12
-66.59 -72.50 -76.05 -72.73 -73.07 -72.68 -73.68 -63.19 -58.10 -58.52 -69.57 -72.89 -70.03 -64.08 -61.20 -68.10 -70.09 -70.98 -59.21 -58.55 -58.27 -60.43 -63.29 -66.52 -64.98 -58.08 -53.67 -45.36 -42.81 -49.96 -53.82 -48.09 -48.17 -64.12 -72.38 -68.94 -63.72 -60.90 -54.31 -66.36 -76.00 -81.75 -70.18 -54.74 -62.17 -65.13 -66.60 -52.90 -65.29 -62.11 -65.93 -68.02 -70.98 -70.86 -68.79 -69.67 -71.03 -71.46 -70.66 -72.88 -75.07 -77.49 -81.25 -78.74 -79.02 -77.43 -77.73 -75.74 -74.18 -71.81 -71.74 -71.78 -71.31
-71.77 -74.87 -78.61 -74.44 -69.50 -70.27 -69.44 -73.38 -71.88 -72.20 -70.61 -73.41 -76.75 -67.93 -69.06 -71.41 -73.43 -69.46 -63.74 -67.58 -65.17 -62.25 -62.03 -62.99 -58.30 -51.60 -53.26 -54.65 -55.65 -57.27 -62.45 -67.01 -66.86 -71.27 -73.10 -73.46 -67.57 -58.29 -61.70 -73.51 -82.49 -71.48 -58.98 -65.54 -62.78 -56.60 -55.01 -69.20 -68.47 -71.57 -67.35 -68.51 -67.32 -72.33 -73.85 -74.75 -72.81 -72.39 -74.66 -76.15 -76.34 -77.78 -78.33 -81.26 -78.50 -78.14 -75.31 -66.01 -66.51 -69.49 -71.27 -71.34 -73.49
-75.46 -76.40 -63.19 -59.09 -60.82 -68.53 -72.34 -73.20 -74.27 -73.25 -73.35 -74.96 -73.86 -74.97 -74.27 -72.70 -70.20 -74.71 -67.98 -68.80 -65.96 -66.92 -70.12 -72.59 -71.57 -70.68 -56.69 -47.17 -51.99 -61.70 -66.57 -65.67 -69.84 -72.67 -71.74 -66.25 -64.41 -73.59 -74.39 -70.00 -73.35 -72.48 -69.97 -57.90 -52.79 -52.22 -51.33 -54.52 -64.39 -63.42 -67.12 -67.95 -72.46 -72.74 -72.64 -72.84 -75.36 -69.57 -69.89 -70.13 -70.63 -71.77 -79.61 -80.31 -80.32 -69.60 -72.42 -74.45 -73.86 -73.46 -73.29 -74.34 -73.66
-71.99 -75.89 -64.26 -59.66 -73.11 -74.02 -69.56 -68.22 -70.66 -68.79 -72.09 -74.16 -72.76 -73.19 -75.18 -77.78 -79.00 -82.51 -76.11 -68.86 -68.51 -68.29 -68.72 -70.92 -76.07 -78.09 -73.54 -66.05 -63.90 -64.98 -67.41 -70.79 -70.76 -70.76 -72.36 -74.47 -77.52 -81.45 -78.91 -78.38 -75.19 -68.84 -56.64 -67.14 -68.37 -62.18 -60.69 -67.81 -78.48 -72.43 -73.40 -71.90 -70.05 -74.60 -75.65 -71.25 -76.68 -76.93 -74.95 -74.97 -76.87 -81.58 -82.85 -81.05 -74.11 -72.28 -72.70 -72.81 -75.50 -78.53 -80.84 -80.01 -80.10
-76.27 -77.63 -75.80 -77.06 -72.76 -64.31 -63.05 -66.35 -66.75 -66.85 -65.61 -76.29 -69.89 -75.91 -77.52 -77.10 -77.21 -80.22 -86.72 -83.02 -78.80 -73.80 -72.82 -75.00 -75.84 -74.64 -64.45 -54.63 -55.85 -64.15 -68.25 -67.48 -68.22 -71.55 -77.05 -80.60 -83.40 -80.03 -79.09 -74.38 -67.89 -70.59 -74.80 -75.64 -73.48 -71.58 -77.49 -76.82 -75.77 -75.32 -76.70 -82.46 -81.24 -75.52 -77.47 -77.12 -75.85 -76.86 -78.16 -79.16 -79.29 -82.49 -81.67 -81.93 -77.66 -74.31 -77.06 -79.87 -81.75 -80.76 -69.70 -69.68 -67.35
-76.72 -73.99 -73.47 -72.50 -73.35 -59.85 -62.87 -70.49 -72.33 -72.99 -77.14 -80.38 -77.80 -77.90 -78.66 -79.65 -80.33 -81.17 -77.98 -71.95 -78.31 -80.01 -77.65 -77.34 -72.07 -67.25 -62.96 -57.91 -55.29 -62.58 -70.01 -69.31 -70.24 -73.99 -79.41 -82.57 -83.49 -80.25 -77.90 -78.41 -76.27 -72.59 -76.37 -80.69 -83.53 -84.10 -86.29 -80.21 -78.73 -73.88 -77.71 -81.33 -81.64 -80.23 -79.94 -78.48 -79.39 -81.93 -80.77 -82.49 -81.37 -72.90 -77.45 -77.01 -77.91 -78.10 -78.17 -74.99 -70.27 -69.09 -68.22 -66.17 -64.56
-77.67 -77.63 -73.49 -72.04 -72.30 -71.26 -71.88 -70.14 -72.31 -75.73 -79.64 -80.66 -79.32 -79.02 -79.97 -80.54 -81.97 -80.83 -85.26 -85.50 -82.02 -77.85 -75.58 -73.93 -68.44 -60.16 -53.76 -58.12 -66.72 -73.33 -74.53 -73.93 -78.43 -79.65 -80.61 -83.87 -82.72 -79.83 -81.06 -78.96 -79.71 -82.67 -85.29 -85.86 -85.35 -86.54 -86.93 -87.61 -85.09 -81.53 -81.85 -80.29 -78.32 -79.34 -78.07 -75.53 -68.45 -68.74 -65.62 -61.68 -63.71 -65.64 -77.85 -77.00 -74.09 -76.18 -75.81 -72.45 -71.25 -72.80 -70.94 -67.47 -65.17
-77.56 -76.22 -74.80 -74.89 -76.74 -77.72 -76.76 -79.97 -81.39 -81.05 -80.97 -82.13 -79.43 -77.61 -76.38 -75.45 -74.66 -76.44 -82.81 -85.20 -81.54 -77.31 -75.81 -75.42 -73.84 -62.68 -59.25 -68.70 -78.22 -80.39 -80.02 -82.51 -81.44 -79.17 -79.73 -81.75 -84.12 -83.11 -83.83 -84.33 -84.25 -74.52 -66.67 -72.58 -92.41 -93.24 -89.12 -89.70 -89.75 -78.91 -70.16 -69.02 -69.67 -77.30 -76.81 -76.08 -76.95 -69.45 -72.49 -64.09 -65.25 -60.90 -64.67 -70.30 -74.16 -74.69 -68.24 -69.04 -75.18 -77.39 -73.34 -70.63 -69.26
-77.71 -77.26 -76.89 -76.92 -78.88 -82.34 -84.14 -82.33 -81.94 -85.32 -84.98 -83.26 -78.63 -75.76 -77.66 -78.67 -77.31 -80.66 -88.26 -86.99 -82.67 -81.15 -81.60 -82.75 -84.85 -83.06 -84.09 -86.59 -84.84 -84.39 -82.90 -79.70 -80.11 -81.83 -82.74 -83.20 -81.80 -79.59 -83.46 -77.65 -67.79 -71.04 -76.54 -86.27 -88.58 -86.56 -81.01 -77.78 -76.17 -64.82 -69.15 -70.66 -73.88 -73.59 -63.47 -71.60 -74.57 -77.45 -80.01 -78.72 -71.79 -62.80 -67.16 -78.18 -77.25 -74.59 -73.03 -73.25 -74.09 -74.26 -74.44 -73.00 -71.56
-78.34 -79.24 -79.23 -80.72 -82.14 -82.29 -83.36 -81.55 -80.96 -79.86 -80.71 -83.14 -83.96 -83.87 -83.79 -84.93 -85.09 -90.30 -98.20 -96.03 -88.71 -86.98 -87.57 -88.38 -89.19 -88.50 -89.04 -91.18 -91.90 -88.96 -84.33 -81.31 -80.09 -81.33 -80.83 -76.67 -75.77 -76.17 -75.84 -73.54 -76.34 -83.92 -91.98 -86.47 -78.97 -80.23 -81.80 -83.24 -81.88 -72.71 -72.37 -73.21 -70.06 -71.67 -75.48 -75.55 -74.20 -78.97 -81.56 -83.01 -82.62 -83.83 -84.53 -80.62 -78.98 -77.51 -74.02 -73.83 -73.93 -73.76 -72.74 -72.19 -72.83
-81.22 -82.01 -81.64 -81.12 -80.85 -77.90 -79.04 -73.54 -73.03 -74.18 -82.42 -86.01 -87.14 -88.03 -88.32 -88.14 -90.88 -95.50 -107.46 -91.52 -84.97 -85.86 -86.45 -85.87 -85.78 -86.72 -86.80 -86.23 -84.83 -81.45 -80.58 -82.56 -81.06 -78.39 -74.77 -72.08 -76.49 -77.55 -78.20 -79.41 -83.12 -86.15 -87.63 -78.19 -76.62 -77.53 -82.17 -85.20 -88.32 -85.66 -74.26 -68.33 -69.46 -66.55 -65.48 -63.36 -67.13 -71.96 -64.81 -66.42 -68.12 -76.28 -78.38 -77.00 -76.77 -77.14 -76.56 -75.24 -75.09 -75.43 -73.93 -72.96 -75.05
-81.12 -81.43 -78.09 -77.28 -77.68 -79.85 -78.86 -81.09 -84.91 -88.47 -91.91 -91.73 -89.92 -89.36 -90.66 -89.90 -92.55 -98.37 -101.82 -91.00 -88.15 -87.69 -86.78 -87.29 -87.35 -87.14 -86.96 -84.94 -82.70 -83.36 -81.47 -74.64 -68.28 -69.21 -75.62 -77.89 -78.65 -77.08 -78.40 -80.78 -81.75 -81.84 -81.90 -82.43 -80.63 -83.02 -83.47 -84.56 -86.98 -86.45 -73.77 -66.44 -63.09 -63.09 -60.85 -58.04 -60.37 -58.08 -58.49 -55.27 -46.39 -44.17 -50.13 -67.42 -72.58 -75.92 -76.86 -77.09 -77.69 -78.03 -77.58 -76.56 -75.22
-81.02 -79.82 -81.10 -83.21 -87.11 -90.23 -90.01 -89.18 -87.63 -87.30 -88.72 -86.87 -87.31 -86.38 -89.57 -92.66 -94.81 -93.84 -90.35 -92.40 -90.40 -88.68 -88.66 -87.22 -85.16 -83.89 -85.43 -87.62 -83.34 -78.36 -76.94 -74.20 -71.74 -72.28 -73.05 -72.55 -75.76 -77.18 -77.30 -77.06 -77.49 -77.26 -77.99 -80.95 -83.71 -83.56 -81.55 -82.57 -81.89 -81.97 -84.67 -81.77 -70.69 -70.28 -69.01 -67.63 -57.87 -52.07 -45.30 -42.49 -44.06 -34.99 -36.55 -33.82 -53.92 -73.48 -78.99 -80.34 -82.11 -81.16 -81.09 -81.91 -79.11
-85.33 -85.05 -87.06 -89.75 -87.11 -87.71 -86.49 -81.64 -84.21 -76.29 -78.63 -85.72 -86.73 -88.77 -96.83 -96.72 -98.26 -99.40 -90.89 -87.25 -86.20 -87.21 -87.60 -83.98 -82.92 -82.05 -80.22 -79.46 -77.46 -75.81 -76.23 -75.63 -73.40 -72.62 -73.45 -73.86 -73.84 -74.66 -76.02 -76.05 -76.06 -77.04 -78.46 -77.04 -77.43 -78.91 -79.30 -81.66 -79.51 -79.15 -78.91 -77.62 -75.67 -73.13 -72.59 -71.55 -68.03 -64.33 -59.54 -55.74 -47.12 -47.41 -45.58 -40.37 -44.44 -58.14 -65.58 -73.85 -79.44 -80.36 -79.60 -78.96 -78.58
-87.51 -87.94 -84.25 -83.80 -82.55 -85.79 -83.31 -81.13 -79.87 -83.94 -86.42 -85.41 -91.43 -99.10 -95.85 -97.29 -91.23 -82.27 -78.96 -83.70 -81.55 -82.81 -84.79 -84.46 -83.52 -82.23 -81.05 -80.23 -79.32 -78.26 -77.40 -75.89 -73.94 -73.42 -73.39 -72.22 -70.89 -71.04 -73.43 -74.44 -74.68 -74.62 -75.59 -78.96 -77.50 -76.54 -75.93 -79.13 -79.81 -79.44 -78.99 -79.03 -78.80 -78.91 -78.25 -78.14 -74.15 -72.40 -69.35 -66.64 -55.03 -51.43 -52.55 -53.08 -55.44 -57.10 -62.26 -72.78 -75.92 -79.47 -81.28 -81.36 -81.17
-83.63 -83.40 -83.01 -82.82 -82.77 -82.35 -81.46 -87.01 -88.24 -87.20 -88.02 -94.41 -98.64 -100.83 -94.73 -92.83 -94.23 -85.94 -81.70 -82.23 -87.11 -89.31 -87.27 -85.88 -85.17 -84.35 -80.82 -77.91 -78.58 -79.63 -79.68 -78.44 -75.96 -74.41 -73.38 -72.11 -72.95 -73.86 -74.51 -75.23 -74.38 -75.14 -76.17 -76.18 -75.67 -72.98 -70.67 -78.42 -80.68 -81.16 -81.00 -79.32 -79.01 -78.84 -79.40 -78.84 -76.69 -72.54 -70.81 -68.91 -65.64 -62.12 -55.42 -54.93 -58.36 -60.71 -64.17 -68.10 -74.85 -78.01 -79.77 -81.47 -83.05
-83.69 -83.62 -83.57 -83.82 -83.97 -83.19 -86.51 -89.83 -92.32 -94.62 -96.50 -99.17 -101.48 -98.17 -96.81 -95.66 -89.22 -83.76 -83.24 -83.28 -82.18 -81.78 -78.54 -78.90 -80.44 -79.66 -78.57 -77.29 -76.22 -75.55 -74.89 -76.81 -78.65 -74.75 -70.80 -70.37 -69.93 -72.22 -74.71 -74.67 -74.72 -75.48 -76.22 -75.68 -75.25 -72.37 -65.94 -66.29 -74.88 -80.93 -82.21 -81.06 -79.34 -79.74 -82.88 -76.86 -70.57 -61.69 -57.78 -53.95 -57.85 -57.37 -53.95 -48.16 -53.54 -56.97 -59.33 -61.17 -63.29 -71.54 -75.29 -80.22 -86.61
-84.50 -83.66 -83.71 -83.94 -85.18 -85.84 -87.78 -89.66 -92.78 -93.91 -95.60 -98.97 -100.23 -96.38 -98.78 -84.55 -81.59 -82.99 -84.07 -81.29 -80.00 -80.02 -79.91 -79.98 -78.86 -77.57 -75.89 -74.66 -72.16 -69.69 -70.08 -71.57 -76.34 -80.25 -78.23 -77.24 -76.80 -76.01 -74.85 -74.76 -74.59 -74.12 -73.66 -73.24 -72.78 -71.89 -64.83 -65.83 -70.86 -75.62 -84.11 -84.34 -79.92 -79.61 -79.07 -73.80 -60.37 -54.45 -47.93 -50.81 -49.27 -49.24 -50.24 -52.48 -50.69 -52.37 -52.78 -53.78 -57.97 -60.20 -60.30 -60.51 -63.75
-83.36 -84.14 -85.48 -86.34 -87.07 -89.32 -89.83 -88.33 -88.26 -94.22 -96.82 -104.44 -97.27 -78.24 -57.07 -59.81 -72.69 -80.23 -81.33 -81.08 -81.39 -80.38 -80.51 -79.41 -78.37 -78.30 -75.69 -73.16 -73.07 -73.16 -72.78 -72.44 -73.35 -75.88 -77.12 -76.16 -75.66 -75.35 -74.95 -74.84 -74.59 -74.04 -73.67 -72.98 -72.97 -73.31 -73.65 -75.24 -77.52 -81.20 -84.37 -83.19 -79.48 -75.58 -71.52 -67.17 -58.64 -47.17 -44.64 -43.10 -44.98 -46.83 -49.08 -51.82 -54.19 -50.74 -38.91 -28.99 -41.91 -49.60 -50.58 -52.80 -55.77
-84.12 -84.47 -84.49 -84.84 -86.06 -84.98 -84.72 -84.95 -85.09 -87.86 -88.40 -90.17 -87.57 -81.53 -77.84 -43.60 -32.64 -41.95 -71.91 -78.41 -75.31 -74.86 -74.45 -80.04 -84.08 -82.80 -80.86 -77.84 -75.63 -75.94 -77.01 -77.23 -76.62 -76.93 -77.92 -78.65 -78.09 -77.30 -78.38 -79.32 -78.71 -76.64 -75.81 -74.86 -75.01 -75.29 -75.30 -76.91 -79.06 -81.49 -83.88 -82.18 -76.62 -73.03 -69.95 -67.53 -65.44 -60.14 -52.90 -42.31 -40.71 -40.94 -42.41 -46.46 -52.28 -56.72 -44.62 -32.26 -17.98 -14.56 -16.75 -22.25 -42.77
-83.02 -83.86 -83.35 -82.71 -83.10 -82.78 -82.24 -81.91 -81.72 -83.02 -84.08 -87.27 -88.18 -80.92 -77.94 -75.21 -41.69 -32.59 -42.74 -60.51 -70.26 -69.52 -70.69 -67.54 -70.72 -75.44 -75.75 -79.06 -80.51 -78.63 -78.13 -77.95 -77.87 -78.56 -79.31 -79.41 -79.64 -78.83 -77.73 -76.70 -76.38 -78.89 -78.67 -79.53 -79.34 -78.98 -78.76 -80.20 -80.69 -80.52 -79.54 -74.35 -71.44 -69.22 -67.43 -65.58 -63.47 -61.05 -57.96 -48.38 -43.74 -40.08 -38.86 -42.56 -48.16 -53.58 -56.58 -40.78 -19.92 -14.22 -14.47 -16.61 -14.79
-79.15 -81.88 -84.17 -83.60 -83.36 -83.58 -81.77 -81.62 -81.72 -81.56 -83.80 -82.69 -79.69 -76.01 -75.62 -42.11 -18.69 -19.57 -39.47 -42.67 -35.95 -33.52 -48.89 -53.46 -54.20 -64.47 -71.40 -73.27 -74.54 -75.25 -75.70 -76.65 -77.69 -78.33 -79.61 -80.02 -78.92 -78.00 -76.44 -75.20 -74.79 -74.22 -76.49 -77.74 -78.12 -79.36 -79.03 -79.59 -79.97 -79.17 -77.40 -73.68 -70.77 -69.37 -68.12 -67.05 -66.06 -64.60 -63.16 -58.49 -54.81 -54.06 -53.20 -47.64 -47.75 -43.88 -47.52 -50.65 -38.52 -22.18 -20.76 -25.82 -29.82
-80.09 -82.36 -83.65 -84.60 -82.45 -82.13 -82.08 -82.06 -83.12 -84.23 -87.41 -85.86 -77.69 -74.80 -73.46 -57.72 -28.68 -10.57 -32.54 -37.98 -23.56 -18.94 -26.03 -36.11 -39.86 -48.89 -64.10 -70.89 -71.33 -72.58 -73.86 -75.40 -77.24 -75.75 -64.06 -60.54 -75.20 -70.71 -69.10 -67.66 -68.82 -73.58 -72.71 -72.89 -73.81 -75.94 -75.63 -62.91 -57.36 -69.26 -74.56 -71.19 -68.62 -67.82 -66.36 -62.98 -63.43 -62.47 -61.68 -59.53 -57.36 -54.97 -52.77 -49.83 -48.10 -46.56 -43.44 -48.23 -36.77 -27.73 -21.79 -20.14 -20.64
