Instances/WaccasassaBay/GMRTv3_4_20171110topo.asc
ncols 444
nrows 424
xllcorner -83.03521728515625
yllcorner 28.92980467530493
cellsize 5.4931640625E-4
nodata_value -2147483648
[rows 350 to 384 of 423, columns 78 to 155 of 444]
-6.00 -6.00 -6.00 -6.00 -6.00 -6.00 -6.02 -6.03 -6.02 -6.00 -6.00 -6.00 -6.00 -6.00 -6.00 -6.00 -6.00 -6.00 -6.00 -6.00 -6.06 -6.00 -5.50 -5.00 -4.94 -5.00 -5.00 -5.00 -5.00 -5.00 -5.00 -5.00 -5.01 -5.00 -4.97 -4.94 -4.91 -4.91 -4.95 -5.00 -5.01 -5.00 -5.00 -5.00 -5.00 -5.00 -5.01 -5.00 -4.97 -4.94 -4.88 -4.94 -5.38 -5.82 -5.86 -5.82 -5.93 -6.03 -6.03 -6.00 -5.90 -5.94 -6.48 -7.03 -7.08 -7.00 -7.10 -7.06 -6.45 -5.97 -6.53 -7.09 -6.62 -6.00 -5.93 -6.00 -6.00 -6.00
-6.00 -6.00 -6.00 -6.00 -6.00 -6.00 -6.00 -6.00 -6.00 -6.00 -6.00 -6.00 -6.00 -6.00 -6.00 -6.00 -6.00 -6.00 -6.00 -6.00 -6.07 -6.00 -5.47 -4.95 -4.91 -5.00 -5.00 -5.00 -5.00 -5.00 -5.00 -5.00 -4.95 -4.95 -5.14 -5.35 -5.39 -5.35 -5.17 -5.00 -4.98 -5.00 -5.00 -5.00 -5.00 -5.00 -4.95 -4.95 -5.14 -5.35 -5.33 -5.35 -5.71 -6.07 -6.12 -6.07 -6.04 -6.00 -5.94 -5.95 -6.10 -6.35 -6.70 -7.00 -7.06 -7.00 -6.87 -6.65 -6.27 -6.00 -6.33 -6.65 -6.37 -6.00 -5.96 -6.00 -6.00 -6.00
-6.00 -6.00 -6.00 -6.00 -6.00 -6.00 -6.00 -6.00 -6.00 -6.00 -6.00 -6.00 -6.00 -6.00 -6.00 -6.00 -6.00 -6.00 -6.00 -6.00 -6.06 -6.00 -5.48 -4.96 -4.92 -5.00 -5.00 -5.00 -5.00 -5.00 -5.00 -5.00 -4.92 -4.97 -5.46 -5.95 -6.07 -5.95 -5.48 -5.00 -4.94 -5.00 -5.00 -5.00 -5.00 -5.00 -4.92 -4.97 -5.46 -5.95 -6.01 -5.95 -5.98 -6.01 -6.01 -6.01 -6.01 -6.00 -5.92 -5.97 -6.46 -6.95 -7.04 -7.00 -7.06 -7.00 -6.53 -6.05 -5.96 -6.00 -6.02 -6.05 -6.03 -6.00 -6.00 -6.00 -6.00 -6.00
-6.00 -6.00 -6.00 -6.00 -6.00 -6.00 -6.00 -6.00 -6.00 -6.00 -6.00 -6.00 -6.00 -6.00 -6.00 -6.00 -6.00 -6.00 -6.00 -6.00 -6.03 -6.00 -5.82 -5.56 -5.26 -5.00 -4.97 -5.00 -4.96 -4.94 -4.93 -5.00 -5.22 -5.50 -5.81 -6.06 -6.17 -6.06 -5.50 -4.94 -4.90 -5.00 -5.01 -5.00 -4.93 -4.94 -5.18 -5.50 -5.82 -6.06 -6.10 -6.06 -6.03 -6.00 -6.00 -6.00 -5.93 -5.94 -6.18 -6.50 -6.82 -7.06 -7.07 -7.00 -7.06 -7.00 -6.46 -5.94 -5.91 -6.00 -5.97 -5.94 -5.96 -6.00 -6.00 -6.00 -6.07 -6.06
-6.00 -6.00 -6.00 -6.00 -6.00 -6.00 -6.00 -6.00 -6.00 -6.00 -6.00 -6.00 -6.00 -6.00 -6.00 -6.00 -6.00 -6.00 -6.00 -6.00 -6.00 -6.00 -6.05 -5.98 -5.49 -4.99 -4.93 -4.99 -5.03 -5.06 -4.96 -4.99 -5.51 -6.03 -6.08 -6.00 -6.06 -6.00 -5.53 -5.05 -4.96 -4.99 -4.99 -4.99 -4.96 -5.05 -5.55 -6.03 -6.08 -6.00 -5.99 -6.00 -5.99 -5.99 -5.99 -5.99 -5.96 -6.05 -6.55 -7.03 -7.08 -7.00 -7.00 -7.00 -7.06 -7.00 -6.50 -6.00 -5.94 -6.00 -6.00 -6.00 -6.00 -6.00 -6.00 -6.00 -6.04 -5.95
-6.00 -6.00 -6.00 -6.00 -6.00 -6.00 -6.00 -6.00 -6.00 -6.00 -6.00 -6.00 -6.00 -6.00 -6.00 -6.00 -6.00 -6.00 -6.00 -6.00 -6.04 -6.00 -5.73 -5.40 -5.13 -4.93 -4.85 -4.93 -5.38 -5.72 -5.31 -4.93 -5.44 -6.05 -6.13 -6.07 -6.06 -6.00 -5.87 -5.66 -5.27 -4.93 -4.84 -4.93 -5.27 -5.66 -5.90 -6.05 -6.05 -6.00 -6.00 -6.00 -5.97 -5.93 -5.88 -5.93 -6.27 -6.66 -6.90 -7.05 -7.05 -7.00 -6.99 -7.00 -7.06 -7.00 -6.50 -6.00 -5.94 -6.00 -6.00 -6.00 -6.00 -6.00 -6.04 -6.00 -5.70 -5.34
-6.00 -6.00 -6.00 -6.00 -6.00 -6.00 -6.00 -6.00 -6.00 -6.00 -6.00 -6.00 -6.00 -6.00 -6.00 -6.00 -6.00 -6.00 -6.00 -6.00 -6.09 -6.03 -5.45 -4.90 -4.97 -5.19 -5.18 -5.22 -5.59 -5.88 -5.54 -5.22 -5.59 -6.03 -5.94 -5.78 -5.87 -6.00 -6.10 -6.06 -5.63 -5.19 -5.08 -5.19 -5.63 -6.06 -6.07 -5.97 -5.98 -6.00 -5.99 -6.00 -6.11 -6.22 -6.17 -6.22 -6.66 -7.09 -7.11 -7.03 -7.02 -7.03 -7.03 -7.03 -7.09 -7.03 -6.51 -6.00 -5.94 -6.00 -6.00 -6.00 -6.00 -6.00 -6.07 -6.00 -5.46 -4.94
-6.00 -6.00 -6.00 -6.00 -6.00 -6.00 -6.00 -6.00 -6.00 -6.00 -6.00 -6.00 -6.00 -6.00 -6.00 -6.00 -6.00 -6.00 -6.00 -6.00 -6.11 -6.07 -5.43 -4.90 -5.28 -5.81 -5.95 -5.88 -5.51 -5.21 -5.49 -5.88 -6.07 -6.06 -5.55 -5.12 -5.50 -6.00 -6.08 -6.03 -5.93 -5.82 -5.79 -5.82 -5.93 -6.03 -5.99 -5.93 -5.96 -6.00 -5.95 -6.00 -6.44 -6.88 -6.92 -6.88 -6.99 -7.09 -7.09 -7.06 -7.06 -7.06 -7.06 -7.06 -7.13 -7.06 -6.53 -6.00 -5.93 -6.00 -6.00 -6.00 -6.00 -6.00 -6.06 -6.00 -5.48 -4.97
-6.00 -6.00 -6.00 -6.00 -6.00 -6.00 -6.00 -6.00 -6.00 -6.00 -6.00 -6.00 -6.00 -6.00 -6.00 -6.00 -6.00 -6.00 -6.02 -6.00 -5.81 -5.60 -5.43 -5.40 -5.77 -6.12 -6.01 -5.72 -5.25 -4.93 -5.28 -5.72 -5.76 -5.65 -5.42 -5.28 -5.62 -6.00 -6.04 -6.00 -6.03 -6.07 -6.07 -6.07 -6.01 -6.00 -6.22 -6.40 -6.22 -6.00 -5.93 -6.00 -6.36 -6.72 -6.77 -6.72 -6.68 -6.65 -6.65 -6.65 -6.65 -6.65 -6.65 -6.65 -6.69 -6.65 -6.33 -6.00 -5.96 -6.00 -6.00 -6.00 -6.00 -6.00 -6.09 -6.05 -5.53 -5.00
-6.00 -6.00 -6.00 -6.00 -6.00 -6.00 -6.00 -6.00 -6.00 -6.00 -6.00 -6.00 -6.00 -6.00 -6.00 -6.00 -6.00 -6.00 -6.06 -6.00 -5.45 -5.01 -5.44 -5.99 -6.14 -6.04 -5.55 -5.05 -4.96 -5.00 -5.02 -5.06 -5.00 -5.05 -5.49 -5.95 -6.03 -6.00 -6.00 -6.00 -6.00 -6.01 -6.01 -6.01 -5.94 -6.00 -6.55 -6.99 -6.55 -6.00 -5.93 -6.00 -6.02 -6.05 -6.05 -6.05 -6.05 -6.05 -6.05 -6.05 -6.05 -6.05 -6.05 -6.05 -6.05 -6.05 -6.02 -6.00 -6.00 -6.00 -6.00 -6.00 -6.00 -6.00 -6.08 -6.03 -5.52 -5.00
-6.00 -6.00 -6.00 -6.00 -6.00 -6.00 -6.00 -6.00 -6.00 -6.00 -6.00 -6.00 -6.00 -6.00 -6.00 -6.00 -6.00 -6.00 -6.03 -6.00 -5.72 -5.44 -5.43 -5.50 -5.54 -5.50 -5.22 -4.94 -4.91 -4.94 -4.91 -4.88 -4.80 -4.88 -5.47 -6.06 -6.11 -6.00 -6.00 -6.00 -6.00 -6.00 -6.00 -6.00 -5.97 -6.00 -6.31 -6.56 -6.31 -6.00 -6.00 -6.06 -6.04 -6.00 -5.96 -5.94 -5.93 -5.94 -5.94 -5.94 -5.94 -5.94 -5.94 -5.94 -5.93 -5.94 -5.97 -6.00 -6.00 -6.00 -6.00 -6.00 -6.03 -6.00 -5.78 -5.50 -5.22 -5.00
-6.00 -6.00 -6.00 -6.00 -6.00 -6.00 -6.00 -6.00 -6.00 -6.00 -6.00 -6.00 -6.00 -6.00 -6.00 -6.00 -6.00 -6.00 -6.00 -6.00 -6.08 -6.04 -5.53 -5.01 -4.92 -4.96 -4.97 -5.00 -5.03 -5.05 -5.06 -5.05 -5.00 -5.05 -5.53 -6.00 -6.06 -6.00 -6.00 -6.00 -6.00 -6.00 -6.00 -6.00 -6.00 -6.00 -5.98 -5.96 -5.99 -6.01 -5.98 -5.95 -5.94 -5.95 -5.98 -6.00 -6.01 -6.00 -6.00 -6.00 -6.00 -6.00 -6.00 -6.00 -6.00 -6.00 -6.00 -6.00 -6.00 -6.00 -6.00 -6.00 -6.07 -6.01 -5.48 -4.97 -4.92 -5.00
-6.00 -6.00 -6.00 -6.00 -6.00 -6.00 -6.00 -6.00 -6.00 -6.00 -6.00 -6.00 -6.00 -6.00 -6.00 -6.00 -6.00 -6.00 -6.00 -6.00 -6.05 -6.05 -5.88 -5.61 -5.21 -4.88 -4.86 -5.00 -5.34 -5.66 -5.70 -5.66 -5.64 -5.66 -5.83 -6.00 -6.02 -6.00 -6.00 -6.00 -6.00 -6.00 -6.00 -6.00 -6.00 -6.00 -5.97 -5.95 -6.05 -6.07 -5.71 -5.34 -5.26 -5.34 -5.67 -6.00 -6.04 -6.00 -6.00 -6.00 -6.00 -6.00 -6.00 -6.00 -6.00 -6.00 -6.00 -6.00 -6.00 -6.00 -5.99 -6.00 -6.10 -6.07 -5.51 -4.95 -4.90 -5.00
-6.00 -6.00 -6.00 -6.00 -6.00 -6.00 -6.00 -6.00 -6.00 -6.00 -6.00 -6.00 -6.00 -6.00 -6.00 -6.00 -6.00 -6.00 -6.00 -6.00 -5.99 -6.00 -6.09 -6.07 -5.65 -5.19 -4.96 -4.97 -5.50 -6.06 -6.13 -6.06 -6.07 -6.06 -6.03 -6.00 -6.00 -6.00 -6.00 -6.00 -6.00 -6.00 -6.00 -6.00 -6.00 -6.00 -6.02 -6.00 -5.95 -5.78 -5.33 -4.91 -4.78 -4.91 -5.45 -6.00 -6.07 -6.00 -6.00 -6.00 -6.00 -6.00 -6.00 -6.00 -6.00 -6.00 -6.00 -6.00 -6.00 -6.00 -6.03 -6.03 -5.97 -5.81 -5.40 -5.00 -4.95 -5.00
-6.00 -6.00 -6.00 -6.00 -6.00 -6.00 -6.00 -6.00 -6.00 -6.00 -6.00 -6.00 -6.00 -6.00 -6.00 -6.00 -6.00 -6.00 -6.00 -6.00 -6.00 -6.00 -6.03 -6.03 -5.98 -5.82 -5.30 -4.94 -5.43 -6.03 -6.10 -6.03 -6.03 -6.03 -6.01 -6.00 -6.00 -6.00 -6.00 -6.00 -6.00 -6.00 -6.00 -6.00 -6.00 -6.00 -6.06 -6.00 -5.57 -5.12 -4.96 -4.91 -4.83 -4.91 -5.45 -6.00 -6.07 -6.00 -6.00 -6.00 -6.00 -6.00 -6.00 -6.00 -6.00 -6.00 -6.00 -6.00 -6.00 -6.00 -6.09 -6.07 -5.64 -5.18 -5.04 -5.00 -4.99 -5.00
-5.94 -5.95 -5.95 -5.95 -5.95 -5.95 -5.94 -5.95 -5.97 -6.00 -6.00 -6.00 -6.00 -6.00 -6.00 -6.00 -6.00 -6.00 -6.00 -6.00 -6.00 -6.00 -5.99 -6.00 -6.08 -6.07 -5.67 -5.35 -5.63 -6.00 -6.04 -6.00 -6.00 -6.00 -6.00 -6.00 -6.00 -6.00 -6.00 -6.00 -6.00 -6.00 -6.00 -6.00 -6.00 -6.00 -6.04 -6.00 -5.64 -5.28 -5.27 -5.35 -5.31 -5.35 -5.67 -6.00 -6.04 -6.00 -6.00 -6.00 -6.00 -6.00 -6.00 -6.00 -6.00 -6.00 -6.00 -6.00 -6.03 -6.00 -5.84 -5.60 -5.21 -4.88 -4.90 -5.00 -5.01 -5.00
-5.97 -5.97 -5.97 -5.97 -5.97 -5.97 -5.97 -5.97 -5.98 -6.00 -6.00 -6.00 -6.00 -6.00 -6.00 -6.00 -6.00 -6.00 -6.00 -6.00 -6.00 -6.00 -6.00 -6.00 -6.01 -6.01 -5.98 -5.95 -5.97 -6.00 -6.00 -6.00 -6.00 -6.00 -6.00 -6.00 -6.00 -6.00 -6.00 -6.00 -6.00 -6.00 -6.00 -6.00 -6.00 -6.00 -6.01 -6.00 -5.98 -5.95 -5.95 -5.96 -5.95 -5.96 -5.98 -6.00 -6.00 -6.00 -6.00 -6.00 -6.00 -6.00 -6.00 -6.00 -6.00 -6.00 -6.00 -6.00 -6.06 -6.00 -5.51 -5.01 -4.92 -4.96 -4.98 -5.00 -5.01 -5.00
-6.53 -6.50 -6.50 -6.50 -6.50 -6.50 -6.53 -6.50 -6.25 -6.00 -5.97 -6.00 -6.00 -6.00 -6.00 -6.00 -6.04 -6.06 -6.04 -6.00 -6.00 -6.00 -6.00 -6.00 -6.00 -6.00 -6.04 -6.06 -6.04 -6.00 -6.00 -6.00 -6.00 -6.00 -6.00 -6.00 -6.00 -6.00 -6.00 -6.00 -6.00 -6.00 -5.97 -5.94 -5.93 -5.94 -5.93 -5.94 -5.97 -6.00 -6.00 -6.00 -6.00 -6.00 -5.96 -5.94 -5.96 -6.00 -6.00 -6.00 -6.00 -6.00 -6.00 -6.00 -6.00 -6.00 -6.00 -6.00 -6.03 -6.00 -5.72 -5.44 -5.47 -5.50 -5.22 -4.94 -4.90 -4.94
-7.10 -7.03 -7.03 -7.03 -7.03 -7.03 -7.10 -7.03 -6.52 -6.00 -5.94 -6.00 -6.00 -6.00 -6.00 -6.00 -5.97 -5.94 -5.97 -6.00 -6.00 -6.00 -6.00 -6.00 -6.00 -6.00 -6.00 -6.00 -6.00 -6.00 -6.00 -6.00 -6.00 -6.00 -6.00 -6.00 -6.00 -5.99 -6.00 -6.00 -5.99 -5.99 -6.02 -6.05 -6.05 -6.05 -6.05 -6.05 -6.05 -6.05 -6.05 -6.05 -6.05 -6.05 -6.05 -6.05 -6.02 -5.99 -5.99 -5.99 -6.00 -6.00 -6.00 -6.00 -6.00 -6.00 -6.00 -6.00 -6.00 -6.00 -6.02 -6.04 -6.10 -6.03 -5.54 -5.05 -4.99 -5.05
-7.12 -7.05 -7.05 -7.05 -7.05 -7.05 -7.12 -7.05 -6.53 -6.00 -5.93 -6.00 -6.00 -6.00 -6.05 -6.00 -5.59 -5.27 -5.59 -6.00 -6.05 -6.00 -6.00 -6.00 -6.00 -6.00 -6.00 -6.00 -6.00 -6.00 -6.00 -6.00 -6.00 -6.00 -6.01 -6.00 -5.96 -5.93 -5.97 -6.00 -5.93 -5.94 -6.29 -6.66 -6.71 -6.66 -6.66 -6.66 -6.66 -6.66 -6.66 -6.66 -6.66 -6.66 -6.70 -6.66 -6.30 -5.93 -5.88 -5.93 -5.97 -6.00 -6.00 -6.00 -6.00 -6.00 -6.00 -6.00 -6.00 -6.00 -6.03 -6.05 -6.08 -6.05 -5.86 -5.66 -5.68 -5.66
-7.06 -7.00 -7.00 -7.00 -7.00 -7.00 -7.06 -7.00 -6.50 -6.00 -5.94 -6.00 -6.00 -6.00 -6.05 -6.00 -5.51 -5.12 -5.51 -6.00 -6.05 -6.00 -6.00 -6.00 -6.00 -6.00 -6.00 -6.00 -6.00 -6.00 -6.00 -6.00 -5.99 -5.97 -5.96 -5.97 -6.09 -6.19 -6.08 -5.97 -6.00 -6.16 -6.61 -7.03 -7.10 -7.06 -7.06 -7.06 -7.08 -7.09 -7.10 -7.09 -7.10 -7.09 -7.13 -7.06 -6.62 -6.19 -6.14 -6.19 -6.09 -6.00 -5.99 -6.00 -6.00 -6.00 -6.00 -6.00 -6.00 -6.00 -6.00 -6.00 -5.99 -6.00 -6.03 -6.06 -6.12 -6.06
-7.06 -7.00 -7.00 -7.00 -7.00 -7.00 -7.06 -7.00 -6.50 -6.00 -5.94 -6.00 -6.00 -6.00 -6.01 -6.00 -5.88 -5.79 -5.88 -6.00 -6.01 -6.00 -6.00 -6.00 -6.00 -6.00 -6.00 -6.00 -6.00 -6.00 -6.01 -6.00 -5.97 -5.94 -5.88 -5.94 -6.44 -6.82 -6.39 -5.94 -6.28 -6.76 -6.90 -6.96 -7.01 -7.03 -7.03 -7.02 -7.06 -7.09 -7.10 -7.09 -7.10 -7.09 -7.07 -7.02 -6.92 -6.82 -6.85 -6.82 -6.41 -6.00 -5.95 -6.00 -6.00 -6.00 -6.00 -6.00 -6.00 -6.00 -6.00 -6.00 -6.00 -6.00 -6.02 -6.03 -6.05 -6.03
-7.07 -7.05 -7.06 -7.05 -7.03 -7.00 -7.06 -7.00 -6.47 -5.95 -5.91 -6.00 -6.00 -6.00 -6.00 -6.00 -6.04 -6.07 -6.04 -6.00 -6.00 -6.00 -6.00 -6.00 -6.00 -6.00 -6.00 -6.00 -5.97 -5.95 -5.92 -5.95 -6.15 -6.35 -6.33 -6.35 -6.73 -7.01 -6.63 -6.30 -6.81 -7.41 -7.50 -7.40 -7.19 -7.00 -7.02 -7.05 -6.85 -6.65 -6.63 -6.65 -6.63 -6.65 -6.85 -7.05 -7.11 -7.12 -7.19 -7.12 -6.56 -6.00 -5.93 -6.00 -6.00 -6.00 -6.00 -6.00 -6.00 -6.00 -6.00 -6.00 -6.00 -6.00 -5.97 -5.95 -5.94 -5.95
-7.02 -7.03 -7.04 -7.03 -7.02 -7.00 -7.06 -7.00 -6.48 -5.97 -5.92 -6.00 -6.00 -6.00 -6.00 -6.00 -6.00 -6.01 -6.01 -6.00 -6.00 -6.00 -6.00 -6.00 -6.00 -6.00 -6.01 -6.00 -5.99 -5.97 -5.90 -5.97 -6.46 -6.96 -7.02 -6.96 -6.97 -6.97 -6.88 -6.92 -7.43 -7.96 -8.10 -7.99 -7.49 -7.00 -7.01 -7.03 -6.54 -6.05 -5.98 -6.05 -5.98 -6.05 -6.54 -7.03 -7.10 -7.04 -7.10 -7.04 -6.52 -6.00 -5.94 -6.00 -6.00 -6.00 -6.00 -6.00 -6.00 -6.00 -6.00 -6.00 -6.01 -6.00 -5.99 -5.97 -5.97 -5.97
-6.71 -6.43 -6.40 -6.50 -6.75 -7.00 -7.06 -7.00 -6.79 -6.50 -6.19 -5.94 -5.93 -6.00 -6.00 -6.00 -6.00 -6.00 -5.97 -5.94 -5.93 -5.94 -5.94 -5.94 -5.94 -5.94 -5.90 -5.94 -6.22 -6.50 -6.51 -6.50 -6.75 -7.00 -7.00 -7.00 -7.25 -7.50 -7.53 -7.57 -7.88 -8.12 -7.91 -7.56 -7.31 -7.06 -6.78 -6.50 -6.18 -5.94 -5.90 -5.94 -5.90 -5.94 -6.22 -6.50 -6.53 -6.50 -6.53 -6.50 -6.25 -6.00 -5.97 -6.00 -6.00 -6.00 -5.97 -5.94 -5.93 -5.94 -5.94 -5.94 -5.91 -5.94 -6.19 -6.44 -6.47 -6.44
-6.51 -6.02 -5.86 -5.96 -6.48 -7.00 -7.06 -7.00 -7.08 -7.03 -6.55 -6.05 -5.96 -5.99 -5.99 -5.99 -5.99 -5.99 -6.02 -6.05 -6.05 -6.05 -6.05 -6.05 -6.05 -6.05 -5.99 -6.05 -6.54 -7.03 -7.09 -7.03 -7.04 -7.05 -6.99 -7.05 -7.54 -8.03 -8.10 -8.04 -8.05 -7.95 -7.45 -6.97 -6.96 -6.95 -6.45 -5.97 -5.92 -6.00 -6.01 -6.00 -6.01 -6.01 -5.99 -5.97 -5.96 -5.97 -5.96 -5.97 -5.98 -6.00 -6.00 -6.00 -6.00 -6.00 -6.03 -6.05 -6.05 -6.05 -6.05 -6.05 -5.98 -6.04 -6.56 -7.09 -7.15 -7.09
-6.85 -6.61 -6.15 -5.88 -6.40 -7.00 -7.07 -7.00 -7.05 -7.05 -6.90 -6.66 -6.27 -5.93 -5.89 -5.93 -5.89 -5.94 -6.30 -6.66 -6.70 -6.66 -6.66 -6.66 -6.66 -6.66 -6.63 -6.66 -6.86 -7.05 -7.00 -6.98 -7.32 -7.66 -7.68 -7.66 -7.85 -8.05 -8.16 -8.12 -7.75 -7.34 -7.17 -7.02 -6.68 -6.34 -6.10 -5.95 -5.95 -6.00 -6.00 -6.00 -6.04 -6.07 -6.01 -5.95 -5.94 -5.95 -5.95 -5.95 -5.97 -6.00 -6.00 -6.00 -5.96 -6.00 -6.33 -6.66 -6.70 -6.66 -6.66 -6.66 -6.56 -6.59 -7.15 -7.71 -7.78 -7.71
-7.09 -7.07 -6.57 -6.16 -6.51 -6.97 -7.02 -6.97 -6.98 -7.00 -7.09 -7.06 -6.63 -6.19 -6.13 -6.19 -6.12 -6.16 -6.61 -7.06 -7.12 -7.06 -7.06 -7.06 -7.06 -7.06 -7.07 -7.06 -7.00 -6.97 -7.01 -7.18 -7.64 -8.06 -8.14 -8.09 -8.07 -8.03 -7.97 -7.81 -7.38 -6.97 -6.89 -6.82 -6.36 -5.94 -5.92 -6.00 -6.00 -6.00 -6.03 -6.03 -5.91 -5.81 -5.90 -6.00 -6.02 -6.00 -6.00 -6.00 -6.00 -6.00 -6.00 -6.00 -5.92 -5.97 -6.52 -7.06 -7.13 -7.06 -7.05 -7.06 -7.12 -7.28 -7.68 -8.06 -8.11 -8.06
-7.04 -7.03 -6.88 -6.76 -6.83 -6.94 -6.94 -6.94 -6.97 -7.00 -7.04 -7.03 -6.93 -6.82 -6.82 -6.82 -6.77 -6.76 -6.89 -7.03 -7.05 -7.03 -7.03 -7.03 -7.03 -7.03 -7.04 -7.03 -6.93 -6.94 -7.36 -7.82 -7.97 -8.02 -8.07 -8.09 -8.14 -8.06 -7.62 -7.18 -7.10 -7.04 -6.61 -6.18 -6.02 -5.97 -5.97 -6.00 -5.99 -6.00 -6.08 -6.06 -5.58 -5.18 -5.54 -6.00 -6.05 -6.00 -6.00 -6.00 -6.00 -6.00 -6.00 -6.00 -5.90 -5.94 -6.48 -7.03 -7.10 -7.03 -6.97 -7.03 -7.46 -7.91 -8.02 -8.02 -8.03 -8.02
-6.91 -6.95 -7.18 -7.41 -7.41 -7.35 -7.37 -7.35 -7.15 -6.95 -6.92 -6.95 -6.98 -7.01 -6.99 -7.01 -7.24 -7.41 -7.21 -6.95 -6.92 -6.95 -6.95 -6.95 -6.95 -6.95 -6.92 -6.95 -7.10 -7.35 -7.76 -8.12 -8.16 -8.05 -7.84 -7.65 -7.70 -7.70 -7.37 -6.99 -6.82 -6.65 -6.27 -5.93 -5.92 -6.00 -6.03 -6.05 -6.08 -6.05 -5.90 -5.65 -5.17 -4.88 -5.39 -6.00 -6.07 -6.00 -6.00 -6.00 -6.00 -6.00 -5.98 -6.00 -6.13 -6.35 -6.69 -7.00 -7.04 -7.00 -6.95 -7.00 -7.34 -7.72 -7.93 -8.05 -8.10 -8.05
-6.90 -6.97 -7.46 -7.96 -8.02 -7.95 -8.01 -7.95 -7.46 -6.97 -6.90 -6.97 -6.97 -6.97 -6.91 -6.97 -7.53 -7.96 -7.52 -6.97 -6.90 -6.97 -6.97 -6.97 -6.97 -6.97 -6.91 -6.97 -7.45 -7.95 -8.06 -8.04 -8.10 -8.03 -7.53 -7.04 -7.00 -7.08 -7.12 -7.03 -6.54 -6.05 -5.96 -5.99 -5.99 -6.00 -6.02 -6.03 -6.10 -6.03 -5.55 -5.05 -4.88 -4.96 -5.48 -6.00 -6.06 -6.00 -6.00 -6.00 -6.00 -6.00 -5.94 -6.00 -6.48 -6.95 -7.04 -7.00 -7.00 -7.00 -7.00 -7.00 -6.97 -7.05 -7.54 -8.03 -8.15 -8.03
-7.50 -7.50 -7.78 -8.06 -8.09 -8.06 -8.13 -8.12 -7.85 -7.57 -7.50 -7.50 -7.53 -7.57 -7.53 -7.57 -7.88 -8.12 -7.88 -7.57 -7.50 -7.50 -7.50 -7.50 -7.50 -7.50 -7.46 -7.50 -7.85 -8.12 -7.85 -7.50 -7.52 -7.56 -7.32 -7.00 -6.68 -6.43 -6.47 -6.50 -6.22 -5.94 -5.93 -6.00 -6.04 -6.00 -5.75 -5.50 -5.50 -5.50 -5.15 -4.88 -5.12 -5.50 -5.79 -6.00 -6.03 -6.00 -6.00 -6.00 -6.00 -6.00 -5.90 -5.94 -6.50 -7.06 -7.10 -7.00 -7.00 -7.00 -7.00 -7.00 -6.93 -6.94 -7.24 -7.56 -7.64 -7.56
-8.10 -8.03 -8.02 -8.00 -8.00 -8.00 -7.97 -7.95 -7.96 -7.98 -8.02 -8.04 -8.02 -7.98 -7.98 -7.98 -7.96 -7.95 -7.96 -7.98 -8.01 -8.04 -8.04 -8.04 -8.04 -8.04 -8.05 -8.04 -8.05 -7.95 -7.46 -6.97 -6.88 -6.91 -6.99 -6.95 -6.46 -5.97 -5.90 -5.97 -5.98 -6.00 -6.00 -6.00 -6.06 -6.00 -5.48 -4.96 -4.89 -4.97 -4.95 -5.05 -5.55 -6.03 -6.08 -6.00 -6.00 -6.00 -6.00 -6.00 -6.00 -6.00 -5.97 -6.05 -6.53 -7.00 -7.06 -7.01 -7.00 -7.00 -7.00 -7.01 -7.02 -7.01 -6.96 -6.91 -6.90 -6.91
-8.12 -8.05 -8.03 -8.00 -8.04 -8.00 -7.67 -7.34 -7.28 -7.39 -7.80 -8.12 -7.80 -7.39 -7.35 -7.39 -7.36 -7.34 -7.32 -7.39 -7.76 -8.12 -8.16 -8.12 -8.12 -8.12 -8.17 -8.12 -7.75 -7.34 -7.17 -7.02 -6.63 -6.29 -6.29 -6.34 -6.15 -5.95 -5.92 -5.95 -5.97 -6.00 -6.00 -6.00 -6.07 -6.00 -5.44 -4.88 -4.80 -4.95 -5.28 -5.66 -5.90 -6.05 -6.05 -6.00 -6.00 -6.00 -6.00 -6.00 -5.96 -6.00 -6.31 -6.66 -6.86 -7.00 -7.06 -7.07 -7.03 -7.00 -7.03 -7.07 -7.12 -7.07 -6.68 -6.29 -6.16 -6.22
-8.06 -8.00 -8.00 -8.00 -8.07 -8.00 -7.47 -6.94 -6.81 -6.93 -7.44 -7.84 -7.46 -6.96 -6.89 -6.93 -6.93 -6.94 -6.88 -6.93 -7.37 -7.81 -7.86 -7.81 -7.81 -7.81 -7.86 -7.81 -7.38 -6.94 -6.88 -6.82 -6.37 -5.94 -5.88 -5.94 -5.97 -6.00 -6.01 -6.00 -6.00 -6.00 -6.00 -6.00 -6.05 -6.00 -5.61 -5.19 -4.96 -4.97 -5.51 -6.06 -6.10 -6.00 -5.99 -6.00 -6.00 -6.00 -6.00 -6.00 -5.93 -6.00 -6.55 -7.09 -7.14 -7.03 -6.91 -6.81 -6.90 -7.00 -6.92 -6.81 -6.86 -6.81 -6.36 -5.94 -5.92 -6.13
