Instances/WaccasassaBay/GMRTv3_4_20171110topo.asc
ncols 444
nrows 424
xllcorner -83.03521728515625
yllcorner 28.92980467530493
cellsize 5.4931640625E-4
nodata_value -2147483648
[rows 385 to 419 of 423, columns 156 to 233 of 444]
-7.04 -7.06 -6.55 -6.00 -5.93 -6.00 -6.00 -6.00 -6.00 -6.00 -6.00 -6.00 -6.00 -6.00 -6.00 -6.00 -5.99 -5.97 -5.96 -5.97 -6.08 -6.18 -6.20 -6.18 -6.06 -5.97 -6.03 -6.21 -6.62 -6.88 -6.48 -6.00 -5.94 -6.00 -6.00 -6.00 -5.98 -5.96 -6.00 -6.03 -6.02 -6.00 -6.00 -6.00 -6.00 -6.00 -6.05 -6.00 -5.54 -5.18 -5.53 -6.00 -6.12 -6.02 -5.51 -5.00 -4.87 -5.00 -5.55 -6.09 -6.13 -6.02 -6.09 -6.03 -5.51 -5.00 -4.94 -5.00 -5.00 -5.00 -5.00 -5.00 -5.00 -5.00 -5.00 -5.00 -5.00 -5.00
-7.00 -6.65 -6.30 -6.00 -5.96 -6.00 -6.00 -6.00 -6.00 -6.00 -6.00 -6.00 -6.00 -6.00 -6.00 -6.00 -6.00 -6.00 -6.01 -6.00 -5.96 -5.93 -5.95 -5.99 -6.03 -6.05 -5.95 -5.93 -6.36 -6.72 -6.41 -6.00 -5.96 -6.00 -5.98 -6.00 -6.19 -6.35 -6.19 -6.00 -5.98 -6.00 -6.00 -6.00 -6.00 -6.00 -6.07 -6.00 -5.40 -4.93 -5.43 -6.05 -6.19 -6.05 -5.53 -5.00 -4.89 -5.00 -5.30 -5.65 -5.89 -6.05 -6.11 -6.00 -5.50 -5.00 -4.94 -5.00 -5.00 -5.00 -5.00 -5.00 -5.00 -5.00 -5.00 -5.00 -5.00 -5.00
-6.61 -6.05 -5.96 -6.00 -6.00 -6.00 -6.00 -6.00 -6.00 -6.00 -6.00 -6.00 -6.00 -6.00 -6.00 -6.00 -6.00 -6.00 -6.00 -6.00 -5.99 -5.99 -6.01 -6.03 -6.03 -6.03 -6.01 -5.99 -6.02 -6.05 -6.03 -6.00 -6.00 -6.00 -5.94 -6.00 -6.54 -6.95 -6.54 -6.00 -5.94 -6.00 -6.00 -6.00 -6.00 -6.00 -6.06 -6.00 -5.43 -5.00 -5.45 -6.04 -6.16 -6.03 -5.52 -5.00 -4.93 -5.00 -4.96 -5.05 -5.54 -6.03 -6.14 -6.00 -5.50 -5.00 -4.94 -5.00 -5.00 -5.00 -5.00 -5.00 -5.00 -5.00 -5.00 -5.00 -5.00 -5.00
-6.24 -5.94 -5.93 -6.00 -6.00 -6.00 -6.00 -6.00 -6.00 -6.00 -6.00 -6.00 -6.00 -6.00 -6.03 -6.06 -6.07 -6.06 -6.06 -6.06 -6.10 -6.06 -5.78 -5.50 -5.43 -5.50 -5.79 -6.06 -6.03 -5.94 -5.96 -6.00 -6.01 -6.00 -5.90 -5.94 -6.56 -7.06 -6.60 -6.00 -5.93 -6.00 -6.00 -6.00 -6.00 -6.00 -6.07 -6.00 -5.44 -4.94 -5.12 -5.43 -5.53 -5.50 -5.25 -5.00 -4.97 -5.00 -4.93 -4.94 -5.18 -5.50 -5.88 -6.06 -5.57 -5.00 -4.93 -5.00 -5.00 -5.00 -5.00 -5.00 -5.00 -5.00 -5.00 -5.00 -5.00 -5.00
-5.99 -6.01 -6.01 -6.01 -6.01 -6.01 -6.00 -6.00 -6.00 -6.01 -6.00 -6.00 -6.01 -6.01 -5.98 -5.95 -5.94 -5.94 -5.94 -5.94 -6.00 -5.94 -5.45 -4.96 -4.84 -4.96 -5.45 -5.94 -6.03 -6.00 -6.00 -5.99 -5.99 -5.99 -5.96 -6.05 -6.59 -6.99 -6.55 -5.99 -5.93 -6.00 -6.00 -5.99 -6.00 -6.00 -6.06 -6.00 -5.53 -5.05 -4.98 -5.02 -4.98 -4.96 -4.98 -5.00 -5.00 -5.00 -5.00 -5.00 -4.92 -4.97 -5.51 -5.95 -5.54 -5.00 -4.94 -5.00 -5.00 -5.00 -5.00 -5.00 -5.00 -5.00 -5.00 -5.01 -5.00 -5.00
-6.00 -6.07 -6.07 -6.07 -6.07 -6.07 -6.03 -6.00 -6.03 -6.07 -6.03 -6.00 -6.08 -6.07 -5.71 -5.34 -5.26 -5.27 -5.27 -5.27 -5.30 -5.28 -5.08 -4.88 -4.84 -4.89 -5.04 -5.28 -5.67 -6.00 -6.02 -5.94 -5.89 -5.94 -6.28 -6.66 -6.90 -6.93 -6.45 -5.93 -5.91 -6.00 -5.97 -5.93 -5.96 -6.00 -6.03 -6.00 -5.84 -5.66 -5.66 -5.61 -5.24 -4.88 -4.90 -5.00 -5.01 -5.00 -5.01 -5.00 -4.95 -4.95 -5.16 -5.34 -5.19 -5.00 -4.98 -5.00 -5.00 -5.00 -5.00 -5.00 -5.00 -5.00 -5.04 -5.07 -5.04 -5.00
-5.91 -5.81 -5.80 -5.81 -5.80 -5.81 -5.92 -6.00 -5.89 -5.78 -5.89 -6.00 -5.96 -5.78 -5.32 -4.91 -4.96 -5.12 -5.14 -5.12 -5.10 -5.09 -5.13 -5.16 -5.16 -5.13 -5.04 -5.06 -5.49 -5.94 -6.09 -6.13 -6.10 -6.16 -6.59 -7.03 -7.23 -7.19 -6.71 -6.19 -6.00 -5.97 -6.08 -6.19 -6.08 -5.94 -5.92 -5.94 -5.97 -6.01 -6.08 -6.04 -5.61 -5.16 -5.01 -4.97 -4.96 -4.97 -4.97 -4.97 -4.98 -4.97 -4.95 -4.94 -4.97 -5.00 -5.00 -5.00 -5.00 -5.00 -5.00 -5.00 -5.01 -5.00 -4.88 -4.78 -4.88 -5.00
-5.59 -5.18 -5.13 -5.18 -5.13 -5.19 -5.65 -6.00 -5.55 -5.12 -5.56 -6.00 -5.63 -5.12 -4.90 -4.91 -5.34 -5.80 -5.85 -5.80 -5.76 -5.73 -5.75 -5.76 -5.73 -5.70 -5.66 -5.66 -5.72 -5.88 -6.29 -6.69 -6.76 -6.76 -6.81 -6.96 -7.47 -7.82 -7.43 -6.82 -6.26 -5.94 -6.38 -6.82 -6.40 -5.87 -5.81 -5.87 -5.88 -5.90 -5.95 -5.97 -5.92 -5.76 -5.33 -4.94 -4.89 -4.94 -4.94 -4.94 -4.93 -4.94 -4.95 -4.98 -4.99 -5.00 -5.00 -5.00 -5.00 -5.00 -5.00 -5.00 -5.06 -5.00 -4.50 -4.12 -4.50 -5.00
-5.44 -4.93 -4.87 -4.93 -4.84 -4.88 -5.48 -6.00 -5.67 -5.28 -5.64 -6.00 -5.68 -5.28 -5.23 -5.35 -5.69 -6.02 -6.04 -6.02 -6.19 -6.36 -6.36 -6.36 -6.53 -6.71 -6.77 -6.76 -6.64 -6.64 -7.22 -7.76 -7.63 -7.36 -7.28 -7.35 -7.77 -8.07 -7.63 -7.01 -6.57 -6.35 -6.66 -7.01 -6.90 -6.70 -6.68 -6.70 -6.72 -6.69 -6.49 -6.29 -6.40 -6.41 -5.86 -5.30 -5.22 -5.30 -5.32 -5.35 -5.38 -5.35 -5.15 -4.95 -4.95 -5.00 -5.00 -5.00 -5.00 -5.00 -5.00 -5.00 -5.04 -5.00 -4.60 -4.28 -4.60 -5.00
-5.44 -4.99 -4.93 -4.99 -4.91 -4.96 -5.48 -6.00 -6.04 -5.95 -5.98 -6.00 -5.98 -5.95 -5.95 -5.95 -5.96 -5.97 -5.92 -5.98 -6.45 -6.93 -6.93 -6.93 -7.40 -7.88 -7.96 -7.91 -7.83 -7.88 -8.45 -8.91 -8.48 -7.92 -7.87 -7.95 -8.05 -8.01 -7.50 -6.98 -6.90 -6.96 -6.90 -6.97 -7.44 -7.90 -7.96 -7.90 -7.97 -7.90 -7.41 -6.92 -6.94 -6.96 -6.44 -5.92 -5.85 -5.92 -5.94 -5.95 -6.02 -5.95 -5.46 -4.97 -4.92 -5.00 -5.01 -5.00 -5.00 -5.00 -5.00 -5.00 -5.00 -5.00 -4.97 -4.94 -4.97 -5.00
-5.47 -5.00 -4.91 -5.00 -5.22 -5.50 -5.78 -6.00 -6.07 -6.06 -6.00 -5.94 -5.99 -6.06 -6.04 -6.06 -6.29 -6.50 -6.43 -6.44 -6.97 -7.50 -7.49 -7.50 -8.13 -8.69 -8.45 -8.12 -8.31 -8.63 -8.97 -9.19 -8.98 -8.63 -8.31 -8.06 -8.03 -8.00 -7.74 -7.44 -7.15 -7.00 -7.22 -7.57 -7.91 -8.19 -8.23 -8.19 -8.22 -8.19 -7.94 -7.63 -7.34 -7.06 -6.78 -6.57 -6.57 -6.57 -6.31 -6.06 -6.07 -6.06 -5.82 -5.50 -5.19 -4.94 -4.90 -4.94 -4.97 -5.00 -5.00 -5.00 -5.03 -5.06 -5.11 -5.12 -5.07 -5.00
-5.50 -4.99 -4.86 -4.99 -5.52 -6.03 -6.08 -6.00 -5.99 -5.99 -6.02 -6.05 -6.02 -5.99 -5.92 -5.98 -6.50 -7.02 -7.05 -7.08 -7.58 -8.08 -8.09 -8.08 -8.59 -8.97 -8.47 -7.99 -8.46 -9.03 -9.05 -8.94 -9.02 -8.98 -8.49 -8.00 -7.94 -8.01 -8.12 -8.10 -7.53 -7.06 -7.46 -7.99 -8.03 -7.95 -7.95 -7.95 -7.95 -7.95 -8.03 -7.99 -7.50 -7.00 -6.96 -7.04 -7.10 -7.04 -6.52 -6.00 -5.93 -6.00 -6.08 -6.03 -5.54 -5.05 -5.00 -5.06 -5.03 -5.00 -5.00 -5.00 -4.98 -4.95 -4.94 -4.94 -4.97 -5.00
-5.47 -4.94 -4.80 -4.94 -5.50 -6.06 -6.10 -6.00 -5.92 -5.94 -6.34 -6.66 -6.35 -5.94 -5.79 -5.87 -6.34 -6.92 -7.28 -7.64 -8.22 -8.71 -8.80 -8.71 -8.54 -8.32 -8.07 -8.00 -8.59 -9.12 -8.80 -8.34 -8.34 -8.39 -8.19 -8.00 -8.00 -8.13 -8.56 -8.84 -8.38 -7.79 -7.56 -7.46 -7.41 -7.41 -7.40 -7.41 -7.40 -7.41 -7.46 -7.46 -7.26 -7.06 -7.07 -7.12 -7.19 -7.12 -6.56 -6.00 -5.93 -6.00 -6.05 -6.05 -5.85 -5.66 -5.71 -5.73 -5.37 -5.00 -5.00 -5.00 -4.67 -4.34 -4.22 -4.27 -4.63 -5.00
-5.56 -5.16 -5.06 -5.16 -5.54 -5.94 -5.99 -5.97 -6.01 -6.16 -6.65 -7.01 -6.62 -6.16 -6.13 -6.34 -6.81 -7.37 -7.82 -8.25 -8.71 -9.06 -9.18 -9.09 -8.64 -8.18 -8.00 -8.03 -8.46 -8.81 -8.42 -7.94 -7.89 -7.96 -8.04 -8.06 -7.78 -7.63 -8.22 -8.75 -8.36 -7.72 -7.18 -6.77 -6.72 -6.78 -6.76 -6.75 -6.76 -6.78 -6.77 -6.77 -6.81 -6.84 -6.85 -6.84 -6.89 -6.84 -6.43 -6.03 -5.98 -6.03 -6.02 -6.03 -6.07 -6.09 -6.04 -5.88 -5.43 -5.00 -5.01 -5.00 -4.46 -3.94 -3.91 -4.12 -4.57 -5.00
-5.85 -5.76 -5.74 -5.76 -5.81 -5.88 -5.87 -5.95 -6.35 -6.76 -6.89 -6.91 -6.79 -6.76 -7.09 -7.57 -8.14 -8.64 -8.79 -8.84 -8.94 -9.02 -9.07 -9.08 -9.06 -8.91 -8.47 -8.06 -8.08 -8.17 -8.07 -7.96 -7.98 -8.04 -8.20 -8.13 -7.18 -6.37 -6.90 -7.52 -7.08 -6.46 -6.27 -6.22 -6.21 -6.22 -6.18 -6.15 -6.18 -6.22 -6.22 -6.22 -6.23 -6.25 -6.25 -6.25 -6.27 -6.25 -6.16 -6.07 -6.06 -6.07 -6.07 -6.07 -6.14 -6.10 -5.67 -5.21 -5.05 -5.00 -5.06 -5.01 -4.45 -3.98 -4.31 -4.79 -4.95 -5.00
-6.33 -6.36 -6.35 -6.36 -6.53 -6.64 -6.39 -6.24 -6.76 -7.36 -7.59 -7.64 -7.45 -7.36 -7.86 -8.48 -8.87 -9.13 -9.20 -9.17 -9.16 -9.10 -8.95 -8.76 -8.61 -8.43 -8.02 -7.71 -7.82 -8.04 -8.12 -8.11 -7.91 -7.65 -7.52 -7.25 -6.49 -5.81 -5.92 -6.12 -5.81 -5.47 -5.46 -5.54 -5.52 -5.54 -5.76 -5.94 -5.76 -5.54 -5.51 -5.54 -5.54 -5.53 -5.51 -5.48 -5.47 -5.48 -5.52 -5.55 -5.55 -5.55 -5.57 -5.60 -5.65 -5.60 -5.23 -4.88 -4.87 -4.95 -4.99 -4.90 -4.29 -3.85 -4.37 -5.02 -5.06 -4.95
-6.93 -6.93 -6.87 -6.93 -7.46 -7.87 -7.38 -6.89 -7.29 -7.93 -8.52 -8.87 -8.39 -7.92 -8.38 -8.96 -9.05 -9.01 -9.04 -9.07 -9.13 -9.06 -8.65 -8.11 -7.56 -7.13 -6.98 -7.08 -7.56 -8.05 -8.18 -8.06 -7.61 -7.04 -6.49 -6.06 -6.00 -5.95 -5.50 -5.05 -4.97 -5.00 -5.00 -5.01 -4.95 -5.01 -5.57 -6.00 -5.57 -5.01 -4.95 -5.01 -5.02 -5.01 -5.00 -4.98 -4.97 -4.98 -4.98 -4.98 -4.98 -4.98 -5.00 -5.02 -5.02 -5.02 -4.99 -4.96 -4.97 -4.97 -5.02 -4.94 -4.35 -3.91 -4.38 -4.98 -5.04 -4.97
-7.50 -7.50 -7.43 -7.50 -8.10 -8.63 -8.39 -8.07 -8.21 -8.56 -9.22 -9.69 -9.20 -8.63 -8.81 -9.12 -9.22 -9.13 -8.59 -8.06 -8.06 -8.06 -7.56 -7.00 -6.65 -6.44 -6.40 -6.50 -6.78 -7.06 -7.10 -7.06 -7.06 -7.00 -6.71 -6.44 -6.51 -6.50 -5.91 -5.31 -5.27 -5.38 -5.39 -5.38 -5.31 -5.31 -5.66 -5.94 -5.70 -5.38 -5.35 -5.38 -5.31 -5.31 -5.59 -5.88 -5.95 -5.94 -5.95 -5.94 -5.98 -5.94 -5.66 -5.38 -5.34 -5.38 -5.41 -5.44 -5.41 -5.44 -5.76 -6.00 -5.76 -5.44 -5.41 -5.44 -5.44 -5.44
-8.08 -8.08 -8.02 -8.08 -8.55 -9.03 -9.11 -9.06 -8.99 -9.04 -9.57 -9.98 -9.54 -8.98 -8.91 -8.95 -9.05 -8.91 -7.90 -6.89 -6.82 -6.88 -6.38 -5.89 -5.84 -5.92 -5.93 -5.92 -5.90 -5.88 -5.81 -5.88 -6.42 -6.96 -7.04 -7.00 -7.08 -7.04 -6.57 -6.10 -6.04 -6.09 -6.09 -6.09 -6.12 -6.14 -6.10 -6.05 -6.06 -6.09 -6.09 -6.09 -6.05 -6.14 -6.64 -7.13 -7.16 -7.07 -7.07 -7.07 -7.13 -7.07 -6.58 -6.08 -6.02 -6.09 -6.09 -6.08 -6.02 -6.08 -6.56 -7.06 -7.23 -7.15 -6.62 -6.08 -6.02 -6.08
-8.76 -8.71 -8.69 -8.71 -8.88 -9.05 -9.10 -9.10 -9.09 -9.12 -9.35 -9.46 -8.95 -8.39 -8.37 -8.41 -8.17 -7.75 -6.99 -6.31 -6.25 -6.24 -5.73 -5.24 -5.20 -5.29 -5.30 -5.29 -5.26 -5.24 -5.16 -5.24 -5.82 -6.41 -6.47 -6.46 -6.81 -7.12 -6.99 -6.78 -6.76 -6.78 -6.70 -6.71 -7.11 -7.43 -7.09 -6.66 -6.63 -6.71 -6.67 -6.71 -7.05 -7.43 -7.72 -7.83 -7.49 -7.10 -7.06 -7.10 -7.13 -7.10 -6.87 -6.64 -6.65 -6.71 -6.72 -6.71 -6.65 -6.64 -6.79 -7.03 -7.52 -7.81 -7.31 -6.71 -6.68 -6.71
-9.11 -9.06 -9.08 -9.09 -9.06 -9.02 -9.03 -9.02 -8.93 -8.84 -8.85 -8.77 -8.38 -7.96 -7.87 -7.75 -7.26 -6.69 -6.13 -5.73 -5.84 -5.94 -5.44 -4.92 -4.86 -4.94 -4.94 -4.94 -4.94 -4.94 -4.89 -4.94 -5.35 -5.75 -5.73 -5.75 -6.29 -6.84 -6.92 -6.87 -6.86 -6.87 -6.93 -7.09 -7.60 -7.97 -7.59 -7.09 -7.04 -7.09 -7.04 -7.09 -7.52 -7.94 -8.01 -7.87 -7.43 -6.99 -6.94 -6.99 -6.97 -6.99 -7.15 -7.27 -7.19 -7.06 -7.02 -7.03 -7.14 -7.25 -7.18 -7.21 -7.70 -8.08 -7.62 -7.06 -7.06 -7.06
-9.03 -9.02 -9.06 -9.09 -9.08 -9.06 -9.11 -9.06 -8.65 -8.25 -8.19 -8.22 -8.18 -8.04 -7.65 -7.15 -6.65 -6.12 -5.49 -5.09 -5.53 -5.97 -5.49 -4.91 -4.87 -4.97 -4.98 -4.97 -4.97 -4.97 -4.96 -4.97 -5.06 -5.15 -5.10 -5.15 -5.70 -6.25 -6.29 -6.21 -6.15 -6.21 -6.63 -7.09 -7.26 -7.30 -7.21 -7.09 -7.07 -7.09 -7.08 -7.09 -7.17 -7.23 -7.24 -7.21 -7.10 -7.00 -6.98 -7.00 -6.94 -7.00 -7.51 -7.91 -7.53 -7.03 -6.88 -6.96 -7.39 -7.84 -7.90 -7.88 -8.06 -8.09 -7.57 -7.03 -7.03 -7.03
-9.12 -9.10 -8.91 -8.70 -8.68 -8.71 -8.78 -8.71 -8.15 -7.59 -7.51 -7.59 -7.67 -7.66 -7.36 -6.94 -6.43 -5.94 -5.50 -5.28 -5.64 -6.00 -5.74 -5.35 -5.13 -5.00 -4.98 -5.00 -5.00 -5.00 -5.01 -5.00 -4.97 -4.94 -4.89 -4.94 -5.24 -5.59 -5.83 -5.98 -5.96 -5.98 -6.35 -6.70 -6.71 -6.64 -6.67 -6.70 -6.71 -6.70 -6.66 -6.65 -6.81 -6.98 -7.00 -6.98 -7.02 -7.05 -7.03 -7.00 -6.95 -7.00 -7.40 -7.72 -7.38 -7.00 -7.11 -7.40 -7.81 -8.12 -7.97 -7.72 -7.70 -7.65 -7.32 -7.00 -7.00 -7.00
-9.17 -9.06 -8.57 -8.08 -8.02 -8.08 -8.14 -8.08 -7.56 -7.04 -6.98 -7.04 -7.05 -7.05 -7.08 -6.99 -6.49 -6.00 -5.91 -5.95 -5.97 -6.00 -6.04 -5.95 -5.48 -5.00 -4.94 -5.00 -5.00 -5.00 -5.00 -5.00 -5.00 -4.99 -4.99 -4.99 -4.96 -5.04 -5.54 -6.03 -6.08 -6.03 -6.05 -6.08 -6.08 -6.07 -6.08 -6.08 -6.08 -6.08 -6.00 -6.04 -6.53 -7.03 -7.09 -7.03 -7.03 -7.03 -7.02 -7.00 -6.99 -7.00 -7.03 -7.05 -6.97 -7.00 -7.49 -7.99 -8.14 -8.04 -7.55 -7.05 -6.99 -7.05 -7.02 -7.00 -7.00 -7.00
-8.34 -8.00 -7.72 -7.50 -7.44 -7.44 -7.46 -7.44 -7.19 -6.94 -6.91 -6.94 -6.93 -6.94 -7.04 -7.00 -6.47 -5.94 -5.90 -6.00 -6.00 -6.00 -6.10 -6.06 -5.50 -4.94 -4.90 -5.00 -5.00 -5.00 -5.00 -5.00 -5.00 -5.00 -5.00 -5.00 -4.93 -4.94 -5.21 -5.50 -5.54 -5.50 -5.47 -5.44 -5.43 -5.44 -5.44 -5.44 -5.40 -5.44 -5.69 -6.00 -6.28 -6.50 -6.53 -6.50 -6.47 -6.50 -6.75 -7.00 -7.04 -7.00 -6.96 -6.94 -6.93 -7.00 -7.29 -7.56 -7.60 -7.50 -7.21 -6.94 -6.90 -6.94 -6.94 -6.94 -6.93 -6.94
-7.42 -6.93 -6.86 -6.91 -6.94 -6.97 -6.97 -6.97 -6.99 -7.00 -7.01 -7.00 -7.00 -7.00 -7.06 -7.00 -6.52 -6.05 -5.99 -6.05 -6.02 -6.00 -6.05 -6.00 -5.53 -5.06 -4.97 -5.00 -5.00 -5.00 -5.00 -5.00 -5.00 -5.00 -5.00 -4.99 -5.00 -5.00 -4.99 -4.97 -4.96 -4.97 -4.97 -4.97 -4.97 -4.97 -4.97 -4.97 -4.91 -4.97 -5.46 -5.95 -6.03 -5.97 -5.97 -5.97 -5.90 -5.96 -6.48 -6.99 -7.06 -7.00 -7.00 -7.00 -7.00 -6.99 -6.97 -6.96 -6.95 -6.96 -6.98 -7.00 -7.00 -7.00 -7.02 -7.04 -7.05 -7.05
-7.13 -6.90 -6.49 -6.22 -6.54 -6.95 -6.99 -6.95 -6.97 -7.00 -7.00 -7.00 -7.00 -7.00 -7.02 -7.00 -6.83 -6.66 -6.68 -6.66 -6.33 -6.00 -5.98 -6.00 -5.91 -5.72 -5.34 -5.00 -4.95 -5.00 -5.00 -5.00 -5.01 -5.00 -4.96 -4.93 -4.97 -5.00 -4.98 -4.95 -4.95 -4.95 -4.95 -4.95 -4.95 -4.95 -4.95 -4.95 -4.92 -4.95 -5.10 -5.34 -5.71 -6.02 -6.03 -5.95 -5.85 -5.88 -6.40 -6.93 -7.03 -7.00 -7.01 -7.00 -6.97 -6.93 -6.90 -6.88 -6.88 -6.88 -6.91 -6.93 -6.89 -6.93 -7.26 -7.59 -7.70 -7.66
-7.03 -7.01 -6.52 -6.13 -6.51 -7.00 -7.06 -7.00 -7.00 -7.00 -7.00 -7.00 -7.00 -7.00 -7.01 -7.03 -7.06 -7.09 -7.15 -7.06 -6.53 -6.00 -5.96 -6.03 -6.01 -5.88 -5.43 -5.00 -4.95 -5.00 -4.99 -4.97 -4.96 -4.97 -5.09 -5.19 -5.11 -5.00 -4.99 -5.00 -5.00 -5.00 -5.00 -5.00 -5.00 -5.00 -5.00 -5.00 -5.01 -5.00 -4.92 -4.94 -5.35 -5.79 -5.92 -5.98 -6.03 -6.19 -6.72 -7.19 -7.12 -6.94 -6.93 -6.97 -7.08 -7.19 -7.20 -7.19 -7.19 -7.19 -7.20 -7.21 -7.15 -7.21 -7.77 -8.31 -8.34 -8.09
-7.00 -7.00 -6.88 -6.78 -6.88 -7.00 -7.01 -7.00 -7.00 -7.00 -7.00 -7.00 -6.99 -7.00 -7.03 -7.06 -7.09 -7.09 -7.12 -7.02 -6.50 -6.00 -6.02 -6.06 -5.66 -5.22 -5.05 -5.00 -4.99 -5.00 -4.97 -4.94 -4.88 -4.94 -5.43 -5.82 -5.46 -5.00 -4.95 -5.00 -5.00 -5.00 -5.00 -5.00 -5.00 -5.00 -5.00 -5.00 -5.00 -5.00 -4.98 -4.98 -5.00 -5.12 -5.49 -5.94 -6.37 -6.82 -7.43 -7.82 -7.40 -6.87 -6.79 -6.94 -7.38 -7.82 -7.87 -7.82 -7.81 -7.81 -7.84 -7.88 -7.82 -7.88 -8.48 -8.97 -8.67 -8.09
-7.02 -7.00 -7.06 -7.12 -7.09 -7.05 -7.05 -7.05 -7.02 -7.00 -7.02 -7.05 -7.08 -7.05 -6.85 -6.65 -6.60 -6.65 -6.91 -7.05 -6.60 -6.05 -5.84 -5.65 -5.23 -4.88 -4.89 -5.00 -4.96 -4.95 -5.14 -5.35 -5.33 -5.35 -5.77 -6.07 -5.58 -5.00 -4.93 -5.00 -5.00 -5.00 -5.00 -5.00 -5.00 -5.00 -5.00 -5.00 -5.00 -5.00 -4.96 -4.95 -5.02 -5.23 -5.73 -6.29 -6.65 -7.01 -7.61 -8.07 -8.00 -7.74 -7.48 -7.35 -7.68 -8.07 -8.11 -8.07 -8.11 -8.12 -7.95 -7.77 -7.68 -7.72 -8.09 -8.37 -8.09 -7.65
-7.01 -7.00 -7.02 -7.04 -7.04 -7.03 -7.03 -7.03 -7.01 -7.00 -7.01 -7.03 -7.10 -7.03 -6.54 -6.04 -5.92 -6.05 -6.60 -7.03 -6.66 -6.04 -5.48 -5.05 -4.94 -4.96 -4.98 -5.00 -4.93 -4.97 -5.46 -5.95 -6.01 -5.95 -6.04 -6.01 -5.51 -5.00 -4.94 -5.00 -5.00 -5.00 -5.00 -5.00 -5.00 -5.00 -5.00 -5.00 -5.01 -5.00 -4.93 -4.97 -5.38 -5.92 -6.48 -6.92 -6.95 -6.98 -7.44 -8.01 -8.60 -8.94 -8.50 -7.95 -7.91 -8.00 -8.00 -8.00 -8.08 -8.04 -7.57 -7.09 -7.01 -7.05 -7.08 -7.10 -7.08 -7.05
-6.82 -7.06 -6.82 -6.50 -6.46 -6.50 -6.46 -6.50 -6.82 -7.06 -6.82 -6.50 -6.50 -6.50 -6.25 -6.00 -5.90 -5.94 -6.28 -6.50 -6.03 -5.44 -5.09 -4.94 -5.22 -5.50 -5.22 -4.94 -5.15 -5.50 -5.82 -6.06 -6.10 -6.06 -6.10 -6.00 -5.46 -4.94 -4.87 -4.94 -4.97 -5.00 -5.01 -5.00 -4.97 -4.94 -4.93 -4.94 -4.91 -4.94 -5.12 -5.44 -5.94 -6.50 -7.07 -7.50 -7.50 -7.44 -7.64 -7.94 -8.34 -8.62 -8.42 -8.12 -8.06 -8.06 -8.09 -8.06 -7.85 -7.50 -6.87 -6.37 -6.59 -6.94 -6.94 -6.88 -6.89 -6.94
-6.52 -6.95 -6.52 -5.97 -5.91 -5.97 -5.91 -5.97 -6.52 -6.95 -6.52 -5.97 -5.91 -5.97 -5.96 -5.95 -5.98 -6.01 -6.05 -5.97 -5.50 -5.02 -4.89 -5.00 -5.58 -6.03 -5.55 -5.06 -5.49 -6.03 -6.08 -6.00 -5.99 -6.00 -6.06 -6.00 -5.52 -5.05 -4.99 -5.05 -5.02 -5.00 -4.99 -5.00 -5.02 -5.04 -5.04 -5.04 -4.98 -5.04 -5.50 -6.08 -6.58 -7.07 -7.64 -8.08 -8.15 -8.09 -8.08 -8.06 -8.01 -7.97 -7.95 -7.95 -7.95 -7.96 -8.02 -7.96 -7.53 -6.97 -6.37 -6.02 -6.45 -7.00 -7.07 -7.01 -7.01 -7.00
-6.17 -6.34 -6.17 -5.95 -5.92 -5.95 -5.92 -5.95 -6.17 -6.34 -6.16 -5.95 -6.00 -6.01 -5.64 -5.34 -5.67 -6.07 -6.11 -6.01 -5.88 -5.67 -5.25 -5.00 -5.50 -6.05 -5.93 -5.72 -5.87 -6.05 -6.05 -6.00 -6.00 -6.00 -6.02 -6.00 -5.83 -5.66 -5.68 -5.66 -5.33 -5.00 -4.93 -5.00 -5.30 -5.59 -5.63 -5.59 -5.53 -5.59 -6.06 -6.64 -7.14 -7.64 -8.23 -8.70 -8.81 -8.77 -8.79 -8.72 -8.40 -8.01 -7.67 -7.41 -7.37 -7.41 -7.48 -7.48 -7.24 -6.95 -6.72 -6.60 -6.78 -7.00 -7.02 -7.00 -7.04 -7.00
-5.97 -5.94 -5.97 -6.00 -6.01 -6.00 -6.01 -6.00 -5.98 -5.97 -6.01 -6.03 -5.99 -5.82 -5.31 -4.94 -5.32 -5.82 -5.87 -5.82 -5.91 -5.88 -5.38 -5.00 -5.47 -6.02 -6.01 -5.88 -5.93 -6.00 -6.01 -6.00 -6.00 -6.00 -6.00 -6.00 -6.03 -6.06 -6.14 -6.06 -5.52 -4.97 -4.81 -4.94 -5.58 -6.22 -6.30 -6.22 -6.14 -6.19 -6.64 -7.21 -7.74 -8.24 -8.75 -9.12 -9.10 -8.96 -9.01 -8.94 -8.46 -7.85 -7.23 -6.75 -6.71 -6.78 -6.65 -6.57 -6.78 -7.03 -7.08 -7.07 -7.05 -7.03 -7.03 -7.03 -7.10 -7.03
