Instances/StraitOfGibraltar/GMRTv3_3_20170610topo.asc
ncols 802
nrows 430
xllcorner -6.0611572265625
yllcorner 35.739378653283325
cellsize 0.0010986328125
nodata_value -2147483648
[rows 232 to 260 of 430, columns 134 to 200 of 802]
-266.23 -263.78 -261.42 -259.41 -258.14 -257.40 -257.18 -257.23 -257.38 -257.40 -256.92 -256.24 -255.52 -254.83 -254.30 -253.96 -253.92 -254.17 -254.81 -255.64 -256.47 -257.41 -258.48 -259.68 -260.98 -262.44 -264.08 -265.97 -268.27 -270.72 -273.09 -275.45 -277.71 -280.08 -282.74 -285.71 -288.96 -292.88 -298.07 -303.86 -309.42 -315.91 -324.37 -334.38 -345.95 -358.83 -372.80 -387.81 -404.32 -420.44 -434.77 -446.24 -453.04 -455.98 -454.83 -450.95 -445.69 -438.73 -429.97 -380.14 -369.43 -347.04 -335.27 -324.29 -314.25 -304.70 -295.64
-267.30 -263.97 -260.74 -257.89 -255.93 -254.66 -254.15 -254.11 -254.34 -254.60 -254.46 -254.19 -253.84 -253.52 -253.32 -253.25 -253.37 -253.73 -254.45 -255.35 -256.24 -257.19 -258.18 -259.29 -260.55 -261.99 -263.58 -265.43 -267.70 -270.15 -272.51 -274.94 -277.47 -280.15 -283.03 -286.22 -289.74 -293.86 -299.00 -304.68 -310.23 -316.59 -324.56 -333.85 -344.50 -356.32 -369.02 -382.88 -398.71 -414.64 -429.31 -441.94 -451.16 -457.39 -460.26 -460.71 -459.78 -456.86 -451.41 -385.46 -375.54 -364.30 -352.62 -341.47 -330.94 -320.58 -310.52
-267.61 -263.25 -259.28 -255.85 -253.42 -251.83 -251.15 -251.08 -251.41 -251.89 -252.12 -252.27 -252.33 -252.39 -252.52 -252.73 -253.04 -253.53 -254.34 -255.30 -256.30 -257.33 -258.29 -259.34 -260.64 -262.14 -263.78 -265.68 -268.00 -270.41 -272.71 -275.09 -277.72 -280.55 -283.50 -286.77 -290.52 -294.81 -299.81 -305.27 -310.75 -316.95 -324.45 -333.10 -342.99 -353.90 -365.42 -378.14 -393.07 -408.44 -423.01 -436.32 -447.51 -456.57 -463.06 -467.50 -470.52 -471.41 -469.35 -400.86 -392.01 -381.48 -370.20 -359.11 -348.20 -337.07 -326.01
-265.36 -260.10 -255.77 -252.29 -250.03 -248.69 -248.14 -248.19 -248.73 -249.47 -250.07 -250.63 -251.10 -251.53 -251.90 -252.31 -252.79 -253.42 -254.31 -255.33 -256.40 -257.51 -258.59 -259.80 -261.33 -263.06 -264.94 -267.05 -269.57 -273.59 -276.14 -278.79 -281.70 -284.85 -288.17 -291.72 -295.51 -299.59 -304.17 -309.28 -314.72 -320.81 -327.91 -335.88 -344.82 -354.60 -364.85 -375.71 -387.90 -400.59 -412.73 -423.66 -432.97 -440.79 -446.84 -451.18 -453.95 -454.89 -453.56 -414.22 -406.70 -397.28 -386.78 -376.05 -364.99 -353.26 -341.33
-260.93 -255.04 -250.77 -247.64 -245.73 -244.76 -244.59 -244.99 -245.75 -246.73 -247.67 -248.60 -249.48 -250.28 -250.97 -251.61 -252.26 -253.01 -254.03 -255.17 -256.29 -257.49 -258.81 -260.31 -262.07 -264.07 -266.28 -268.70 -271.47 -276.54 -279.57 -282.81 -286.31 -290.07 -293.96 -297.88 -301.60 -305.25 -309.20 -313.83 -319.19 -325.08 -331.52 -338.58 -346.45 -355.03 -364.01 -373.01 -382.49 -392.51 -401.99 -409.85 -415.99 -420.95 -424.62 -426.88 -427.85 -427.56 -425.73 -424.30 -418.47 -410.65 -401.46 -391.52 -380.61 -368.54 -355.94
-254.75 -248.57 -244.71 -242.23 -240.73 -240.16 -240.49 -241.35 -242.37 -243.55 -244.77 -246.02 -247.27 -248.46 -249.49 -250.42 -251.24 -252.13 -253.32 -254.61 -255.79 -257.10 -258.71 -260.55 -262.55 -264.77 -267.28 -269.99 -272.93 -276.23 -279.24 -282.46 -285.96 -289.71 -293.58 -297.41 -300.99 -304.47 -308.18 -312.47 -317.32 -322.60 -328.42 -334.94 -342.29 -350.36 -358.91 -367.70 -377.18 -387.32 -397.11 -405.56 -412.51 -418.47 -423.38 -427.17 -430.13 -432.19 -432.77 -431.33 -427.63 -422.00 -414.70 -406.01 -395.54 -383.29 -370.16
-247.68 -241.57 -238.23 -236.44 -235.53 -235.47 -236.11 -237.23 -238.60 -240.10 -241.49 -242.91 -244.51 -246.06 -247.33 -248.50 -249.65 -250.82 -252.12 -253.46 -254.77 -256.23 -258.11 -260.21 -262.43 -264.81 -267.37 -270.05 -272.88 -276.09 -279.14 -282.39 -285.94 -289.79 -293.71 -297.48 -300.92 -304.17 -307.57 -311.46 -315.78 -320.39 -325.52 -331.39 -338.10 -345.54 -353.52 -361.87 -371.02 -380.90 -390.60 -399.22 -406.59 -413.18 -418.99 -424.00 -428.62 -432.70 -435.48 -436.15 -434.63 -431.31 -426.09 -418.87 -409.10 -397.00 -383.65
-240.47 -234.89 -232.17 -231.01 -230.62 -230.98 -231.82 -233.08 -234.68 -236.41 -237.95 -239.52 -241.30 -243.06 -244.56 -245.97 -247.41 -248.85 -250.25 -251.68 -253.13 -254.77 -256.83 -259.10 -261.44 -263.84 -266.25 -268.65 -271.08 -276.34 -279.46 -282.78 -286.43 -290.40 -294.38 -298.08 -301.27 -304.16 -307.12 -310.52 -314.31 -318.33 -322.84 -328.07 -334.12 -340.85 -348.17 -355.99 -364.69 -374.18 -383.69 -392.40 -400.21 -407.52 -414.27 -420.44 -426.49 -432.28 -436.87 -439.33 -439.66 -438.27 -434.84 -429.04 -420.29 -408.92 -395.99
-233.87 -229.32 -227.24 -226.53 -226.43 -226.96 -227.91 -229.22 -230.80 -232.54 -234.25 -235.98 -237.74 -239.49 -241.20 -242.87 -244.48 -246.06 -247.61 -249.20 -250.82 -252.60 -254.77 -257.08 -259.40 -261.65 -263.74 -265.65 -267.41 -277.32 -280.64 -284.10 -287.89 -291.98 -296.00 -299.55 -302.34 -304.64 -306.93 -309.70 -312.93 -316.41 -320.35 -324.96 -330.26 -336.14 -342.64 -349.78 -357.88 -366.81 -375.96 -384.69 -392.99 -401.15 -408.98 -416.29 -423.56 -430.72 -436.75 -440.65 -442.45 -442.58 -440.66 -436.26 -428.95 -419.05 -407.31
-228.40 -224.94 -223.39 -222.92 -222.96 -223.51 -224.41 -225.61 -227.04 -228.64 -230.33 -232.09 -233.88 -235.68 -237.52 -239.32 -241.01 -242.68 -244.39 -246.14 -247.93 -249.85 -252.06 -254.35 -256.60 -258.70 -260.54 -262.03 -262.98 -278.27 -281.78 -285.40 -289.35 -293.62 -297.72 -301.16 -303.53 -305.20 -306.78 -308.90 -311.59 -314.56 -317.96 -321.95 -326.48 -331.49 -337.12 -343.52 -350.92 -359.18 -367.86 -376.51 -385.23 -394.19 -403.03 -411.37 -419.67 -427.94 -435.16 -440.29 -443.38 -444.87 -444.33 -441.37 -435.71 -427.64 -417.51
-224.71 -222.20 -220.94 -220.44 -220.34 -220.63 -221.20 -222.06 -223.17 -224.51 -226.05 -227.74 -229.59 -231.50 -233.40 -235.26 -237.02 -238.78 -240.63 -242.55 -244.51 -246.57 -248.80 -251.07 -253.29 -255.33 -257.08 -258.32 -258.70 -278.02 -281.53 -285.21 -289.36 -293.94 -298.30 -301.79 -303.95 -305.23 -306.33 -307.98 -310.24 -312.76 -315.67 -319.12 -323.00 -327.29 -332.20 -337.96 -344.74 -352.39 -360.60 -369.09 -378.05 -387.55 -397.09 -406.20 -415.31 -424.48 -432.70 -438.92 -443.21 -446.01 -446.85 -445.27 -441.15 -434.74 -426.12
-223.86 -221.88 -220.55 -219.63 -218.87 -218.38 -218.18 -218.32 -218.90 -219.86 -221.18 -222.79 -224.69 -226.70 -228.65 -230.59 -232.48 -234.39 -236.39 -238.47 -240.60 -242.80 -245.10 -247.43 -249.78 -251.96 -253.82 -255.21 -255.80 -275.95 -279.21 -282.83 -287.24 -292.34 -297.24 -301.08 -303.35 -304.59 -305.56 -307.00 -308.96 -311.08 -313.54 -316.51 -319.91 -323.68 -328.08 -333.33 -339.59 -346.69 -354.46 -362.70 -371.66 -381.33 -391.19 -400.75 -410.42 -420.28 -429.33 -436.51 -441.94 -446.05 -448.27 -448.03 -445.26 -440.25 -432.93
-223.86 -222.06 -220.38 -218.78 -217.12 -215.66 -214.55 -213.92 -213.97 -214.57 -215.67 -217.20 -219.14 -221.27 -223.34 -225.43 -227.52 -229.63 -231.79 -234.00 -236.29 -238.63 -241.04 -243.49 -246.05 -248.46 -250.51 -252.14 -253.18 -272.83 -275.66 -279.15 -283.86 -289.59 -295.20 -299.56 -302.09 -303.51 -304.54 -305.93 -307.68 -309.46 -311.51 -314.08 -317.10 -320.48 -324.46 -329.31 -335.09 -341.68 -348.98 -356.90 -365.68 -375.28 -385.21 -394.97 -404.98 -415.32 -424.98 -432.97 -439.45 -444.81 -448.37 -449.43 -447.95 -444.25 -438.20
-223.62 -221.71 -219.51 -217.15 -214.58 -212.17 -210.23 -208.90 -208.50 -208.79 -209.68 -211.12 -213.08 -215.34 -217.64 -219.99 -222.32 -224.66 -226.99 -229.35 -231.78 -234.28 -236.84 -239.46 -242.25 -244.90 -247.15 -249.05 -250.55 -269.78 -272.13 -275.41 -280.35 -286.62 -292.84 -297.65 -300.46 -302.06 -303.19 -304.57 -306.18 -307.70 -309.44 -311.70 -314.43 -317.49 -321.15 -325.64 -331.02 -337.16 -344.05 -351.64 -360.19 -369.61 -379.45 -389.26 -399.45 -410.08 -420.19 -428.82 -436.21 -442.72 -447.53 -449.83 -449.55 -447.09 -442.29
-222.27 -220.17 -217.56 -214.69 -211.53 -208.52 -205.99 -204.11 -203.23 -203.12 -203.68 -204.91 -206.88 -209.29 -211.88 -214.56 -217.13 -219.68 -222.22 -224.80 -227.46 -230.18 -232.99 -235.83 -238.71 -241.47 -244.02 -246.27 -248.10 -267.11 -268.90 -271.91 -276.97 -283.61 -290.27 -295.41 -298.40 -300.15 -301.37 -302.78 -304.33 -305.72 -307.28 -309.36 -311.88 -314.71 -318.12 -322.33 -327.39 -333.18 -339.71 -346.99 -355.24 -364.38 -374.01 -383.73 -393.92 -404.64 -414.99 -424.09 -432.27 -439.80 -445.75 -449.20 -450.05 -448.75 -445.15
-219.52 -217.28 -214.56 -211.58 -208.33 -205.15 -202.33 -200.07 -198.70 -198.11 -198.25 -199.20 -201.17 -203.73 -206.58 -209.57 -212.40 -215.21 -218.00 -220.82 -223.71 -226.65 -229.68 -232.70 -235.65 -238.51 -241.29 -243.82 -245.95 -264.48 -265.64 -268.29 -273.40 -280.30 -287.30 -292.71 -295.88 -297.80 -299.15 -300.64 -302.22 -303.58 -305.08 -307.07 -309.48 -312.18 -315.42 -319.43 -324.25 -329.75 -335.97 -342.94 -350.82 -359.54 -368.79 -378.25 -388.27 -398.88 -409.28 -418.69 -427.51 -435.95 -442.96 -447.48 -449.37 -448.68 -446.10
-215.07 -212.89 -210.54 -208.05 -205.33 -202.56 -199.79 -197.33 -195.48 -194.31 -193.98 -194.61 -196.58 -199.29 -202.26 -205.44 -208.60 -211.76 -214.82 -217.86 -220.94 -224.02 -227.12 -230.21 -233.32 -236.34 -239.16 -241.78 -244.21 -262.39 -262.95 -265.23 -270.31 -277.33 -284.50 -290.04 -293.31 -295.32 -296.75 -298.30 -299.92 -301.31 -302.81 -304.77 -307.11 -309.72 -312.83 -316.68 -321.31 -326.60 -332.57 -339.25 -346.77 -355.06 -363.90 -373.05 -382.81 -393.18 -403.49 -413.08 -422.42 -431.66 -439.62 -445.13 -448.01 -458.75 -460.68
-210.39 -208.66 -207.14 -205.55 -203.50 -201.17 -198.47 -195.77 -193.27 -191.40 -190.61 -190.99 -193.02 -195.90 -199.02 -202.32 -205.56 -208.79 -212.01 -215.21 -218.38 -221.56 -224.78 -228.01 -231.24 -234.37 -237.28 -240.02 -242.67 -261.39 -261.46 -263.40 -268.34 -275.22 -282.27 -287.71 -290.89 -292.83 -294.21 -295.73 -297.37 -298.82 -300.38 -302.34 -304.64 -307.17 -310.17 -313.90 -318.40 -323.54 -329.33 -335.79 -343.02 -350.97 -359.46 -368.30 -377.73 -387.74 -397.83 -407.47 -417.22 -427.11 -435.90 -442.69 -446.14 -463.75 -470.70
-206.41 -205.37 -204.89 -204.32 -202.95 -201.03 -198.42 -195.53 -192.49 -190.04 -188.99 -189.29 -191.45 -194.53 -197.73 -201.03 -204.06 -207.05 -210.17 -213.33 -216.43 -219.59 -222.95 -226.33 -229.63 -232.83 -235.89 -238.82 -241.65 -261.42 -261.09 -262.68 -267.34 -273.83 -280.45 -285.54 -288.46 -290.17 -291.38 -292.81 -294.47 -296.04 -297.74 -299.79 -302.09 -304.58 -307.52 -311.17 -315.61 -320.68 -326.37 -332.67 -339.64 -347.28 -355.43 -363.92 -372.91 -382.40 -392.08 -401.63 -411.64 -422.07 -431.58 -433.87 -444.18 -453.84 -462.05
-204.29 -203.88 -204.10 -204.21 -203.46 -202.04 -199.69 -196.97 -194.06 -191.77 -191.01 -191.61 -194.01 -197.19 -200.20 -203.16 -205.82 -208.35 -210.84 -213.39 -216.08 -218.98 -222.24 -225.64 -228.97 -232.28 -235.55 -238.75 -241.87 -261.80 -261.17 -262.46 -266.83 -272.87 -279.01 -283.70 -286.31 -287.73 -288.72 -290.02 -291.68 -293.35 -295.18 -297.30 -299.59 -302.03 -304.91 -308.51 -312.90 -317.93 -323.55 -329.72 -336.50 -343.88 -351.74 -359.92 -368.48 -377.46 -386.72 -396.11 -406.30 -417.12 -427.21 -423.02 -433.81 -443.98 -453.18
-203.34 -203.52 -204.23 -204.81 -204.54 -203.61 -201.76 -199.56 -197.26 -195.58 -195.43 -196.49 -199.12 -202.29 -205.03 -207.55 -209.68 -211.59 -213.27 -215.04 -217.20 -219.72 -222.79 -226.12 -229.51 -232.95 -236.38 -239.80 -243.17 -262.27 -261.26 -262.05 -266.27 -272.07 -277.95 -282.40 -284.77 -285.96 -286.73 -287.87 -289.45 -291.11 -292.93 -295.01 -297.23 -299.57 -302.35 -305.85 -310.15 -315.11 -320.64 -326.71 -333.37 -340.62 -348.32 -356.32 -364.62 -374.28 -383.38 -392.75 -403.15 -414.31 -424.84 -412.78 -423.62 -434.11 -443.87
-203.17 -203.88 -204.93 -205.77 -205.82 -205.32 -204.19 -202.86 -201.53 -200.78 -201.38 -202.96 -205.70 -208.75 -211.25 -213.38 -214.92 -216.14 -217.10 -218.18 -219.80 -221.93 -224.77 -228.02 -231.46 -235.01 -238.51 -242.00 -245.51 -252.97 -255.08 -261.01 -265.30 -271.19 -277.12 -281.55 -283.80 -284.78 -285.33 -286.27 -287.70 -289.21 -290.90 -292.85 -294.91 -297.10 -299.73 -303.09 -307.27 -312.10 -317.53 -323.52 -330.14 -337.39 -345.09 -353.07 -361.29 -356.63 -364.27 -372.68 -381.47 -390.89 -400.72 -403.66 -414.39 -424.97 -434.92
-203.38 -204.55 -205.74 -206.69 -207.04 -207.02 -206.68 -206.31 -206.14 -206.48 -207.78 -209.75 -212.44 -215.26 -217.61 -219.54 -220.80 -221.69 -222.29 -222.97 -224.09 -225.77 -228.40 -231.54 -234.89 -238.39 -241.89 -245.39 -248.83 -252.16 -255.45 -260.52 -264.91 -270.84 -276.82 -281.23 -283.35 -284.14 -284.46 -285.18 -286.40 -287.69 -289.16 -290.90 -292.78 -294.79 -297.25 -300.47 -304.51 -309.21 -314.55 -320.49 -327.13 -334.45 -342.23 -350.71 -359.07 -348.47 -354.95 -362.21 -369.69 -377.81 -386.88 -396.74 -407.23 -417.76 -427.84
-203.89 -205.40 -206.66 -207.67 -208.29 -208.74 -209.13 -209.65 -210.53 -211.81 -213.65 -215.88 -218.48 -221.12 -223.44 -225.39 -226.73 -227.71 -228.37 -229.02 -229.88 -231.26 -233.73 -236.72 -239.87 -243.17 -246.53 -249.85 -252.97 -255.99 -258.87 -261.77 -265.06 -271.92 -277.58 -281.68 -283.56 -284.14 -284.25 -284.75 -285.70 -286.71 -287.91 -289.43 -291.14 -293.01 -295.34 -298.44 -302.37 -306.97 -312.23 -318.13 -324.79 -332.19 -340.07 -336.24 -341.00 -346.91 -353.12 -359.90 -366.93 -374.61 -383.34 -392.83 -403.11 -413.56 -423.71
-204.65 -206.35 -207.74 -208.90 -209.76 -210.56 -211.49 -212.61 -214.05 -215.78 -217.84 -220.17 -222.84 -225.54 -228.00 -230.21 -232.03 -233.57 -234.78 -235.91 -237.05 -238.55 -240.93 -243.71 -246.59 -249.56 -252.51 -255.33 -257.82 -260.11 -262.12 -264.29 -267.07 -272.97 -277.52 -281.28 -283.83 -285.49 -286.50 -287.27 -287.57 -287.45 -287.15 -287.03 -287.24 -287.92 -289.49 -292.22 -296.47 -301.66 -307.34 -313.55 -320.30 -327.53 -334.99 -334.87 -340.44 -346.15 -352.73 -359.76 -366.91 -374.64 -383.44 -392.97 -403.22 -413.66 -423.86
-205.20 -207.14 -208.74 -210.12 -211.33 -212.52 -213.84 -215.34 -217.11 -219.12 -221.33 -223.78 -226.54 -229.41 -232.19 -234.85 -237.26 -239.43 -241.30 -243.01 -244.63 -246.40 -248.72 -251.26 -253.83 -256.39 -258.92 -261.21 -262.99 -264.48 -265.61 -266.95 -269.09 -271.67 -275.09 -279.00 -283.36 -287.42 -290.48 -292.22 -291.87 -290.23 -287.52 -284.48 -281.73 -279.88 -279.59 -281.25 -286.00 -292.23 -298.62 -305.38 -312.35 -319.35 -326.16 -333.33 -339.61 -346.07 -353.38 -361.08 -368.73 -376.83 -385.85 -395.51 -405.87 -416.42 -426.67
-205.45 -207.73 -209.63 -211.36 -213.06 -214.73 -216.38 -218.13 -220.14 -222.34 -224.72 -227.31 -230.20 -233.26 -236.48 -239.66 -242.59 -245.30 -247.71 -249.94 -252.03 -254.11 -256.37 -258.66 -260.88 -263.01 -265.11 -266.90 -268.02 -268.79 -269.25 -269.93 -271.42 -273.57 -276.51 -279.95 -283.84 -287.54 -290.45 -292.27 -292.33 -291.14 -288.74 -285.83 -282.91 -280.65 -279.67 -280.57 -284.72 -290.46 -296.46 -303.03 -310.11 -317.49 -324.93 -332.35 -339.38 -346.66 -354.87 -363.44 -371.82 -380.51 -389.83 -399.67 -410.22 -420.90 -431.15
-205.56 -208.20 -210.64 -212.98 -215.26 -217.48 -219.67 -221.86 -224.05 -226.33 -228.78 -231.47 -234.55 -237.86 -241.36 -244.84 -248.06 -251.07 -253.81 -256.35 -258.73 -260.96 -263.08 -265.07 -266.96 -268.66 -270.15 -271.32 -271.97 -272.34 -272.43 -272.72 -273.70 -275.32 -277.83 -280.86 -284.30 -287.68 -290.61 -292.69 -293.32 -292.74 -290.80 -288.18 -285.26 -282.77 -281.31 -281.60 -285.09 -290.22 -295.80 -302.12 -309.17 -316.70 -324.49 -332.42 -340.13 -348.18 -357.20 -366.56 -375.71 -385.05 -394.86 -405.01 -415.62 -426.21 -436.19
-205.65 -208.68 -211.71 -214.72 -217.71 -220.63 -223.46 -226.17 -228.65 -231.10 -233.63 -236.40 -239.71 -243.28 -246.95 -250.60 -254.01 -257.20 -260.07 -262.72 -265.21 -267.47 -269.42 -271.11 -272.63 -273.88 -274.79 -275.38 -275.63 -275.67 -275.50 -275.51 -276.14 -277.39 -279.53 -282.21 -285.24 -288.33 -291.28 -293.63 -294.82 -294.91 -293.59 -291.47 -288.80 -286.32 -284.60 -284.41 -287.15 -291.50 -296.53 -302.48 -309.36 -316.92 -324.98 -333.37 -341.68 -350.42 -360.19 -370.30 -380.15 -390.09 -400.33 -410.70 -421.27 -431.61 -441.16
