Instances/StraitOfGibraltar/GMRTv3_3_20170610topo.asc
ncols 802
nrows 430
xllcorner -6.0611572265625
yllcorner 35.739378653283325
cellsize 0.0010986328125
nodata_value -2147483648
[rows 348 to 376 of 430, columns 603 to 669 of 802]
90.60 111.82 146.72 184.19 203.26 207.54 219.24 224.22 227.30 227.90 238.82 249.89 245.11 236.89 218.26 187.84 158.36 137.80 124.64 123.99 115.89 96.83 91.52 86.05 81.08 87.43 96.94 100.99 93.86 84.94 68.74 46.76 31.87 25.85 18.86 13.87 10.75 9.74 7.83 5.04 3.07 3.87 8.12 5.62 3.42 1.46 -5.98 -6.81 -7.71 -8.66 -9.65 -10.71 -11.82 -12.95 -14.07 -15.17 -16.26 -17.36 -18.44 -19.49 -20.52 -21.56 -22.66 -23.83 -25.03 -26.27 -27.54
95.67 123.62 159.27 200.33 230.87 238.14 242.57 250.76 254.99 249.49 246.08 244.47 226.66 207.00 189.68 171.72 157.77 135.30 109.70 97.93 89.33 78.58 74.25 78.76 74.87 66.61 71.64 90.50 91.55 82.14 68.24 49.02 34.51 26.15 20.29 16.54 15.88 13.95 10.48 5.36 5.27 10.57 8.03 5.54 3.34 1.39 -6.05 -6.90 -7.82 -8.80 -9.81 -10.89 -12.02 -13.18 -14.33 -15.46 -16.60 -17.73 -18.84 -19.91 -20.94 -21.99 -23.10 -24.29 -25.53 -26.81 -28.12
102.22 135.05 176.95 217.33 247.41 259.90 263.33 270.62 273.92 262.35 248.24 224.92 197.95 177.87 156.17 141.11 136.47 130.59 110.23 91.54 95.50 107.00 102.86 101.64 85.59 63.22 62.02 79.49 85.17 71.43 57.21 47.39 39.27 30.02 26.07 24.57 25.55 23.99 16.25 11.70 8.80 6.64 7.99 5.51 3.31 1.35 -6.12 -6.99 -7.92 -8.92 -9.96 -11.07 -12.25 -13.45 -14.63 -15.79 -16.95 -18.09 -19.23 -20.32 -21.39 -22.48 -23.62 -24.83 -26.09 -27.39 -28.72
120.38 138.67 168.31 202.29 236.92 265.66 279.27 280.13 267.92 245.51 224.05 202.83 188.63 174.40 158.19 142.00 123.42 107.99 99.93 101.47 122.86 132.79 110.77 92.93 76.02 58.75 59.95 71.80 70.00 56.95 45.89 43.54 42.57 38.22 37.65 36.69 34.06 29.75 22.85 17.68 14.24 10.43 8.02 5.54 3.33 1.36 -6.19 -7.07 -8.02 -9.03 -10.10 -11.26 -12.48 -13.74 -14.96 -16.14 -17.30 -18.46 -19.61 -20.75 -21.87 -23.01 -24.19 -25.42 -26.69 -27.99 -29.34
155.79 153.13 159.37 184.23 224.97 260.27 273.48 256.45 233.19 219.26 201.98 184.52 172.49 167.54 168.27 153.96 120.33 100.08 103.52 118.86 133.60 122.85 101.17 81.38 68.94 55.68 50.79 53.23 51.12 42.56 36.87 39.49 41.50 39.54 39.66 38.61 34.57 28.60 24.47 17.45 14.46 11.23 8.11 5.63 3.41 1.42 -6.28 -7.18 -8.15 -9.18 -10.27 -11.45 -12.72 -14.01 -15.26 -16.46 -17.65 -18.82 -20.00 -21.17 -22.33 -23.51 -24.73 -25.99 -27.27 -28.60 -29.97
186.18 183.71 177.09 194.36 232.85 259.99 260.07 234.11 204.78 188.09 186.63 178.76 155.89 138.79 137.93 126.18 103.72 105.06 121.19 136.59 134.45 110.08 92.41 82.93 74.04 63.15 49.92 40.43 35.22 30.39 31.45 34.51 35.48 31.40 29.28 29.21 25.25 20.39 15.40 10.57 7.57 6.70 8.36 5.86 3.61 1.57 -6.41 -7.34 -8.32 -9.37 -10.48 -11.67 -12.95 -14.25 -15.52 -16.75 -17.97 -19.18 -20.39 -21.59 -22.77 -23.97 -25.22 -26.51 -27.82 -29.18 -30.59
215.44 225.31 213.81 220.12 247.32 255.85 240.89 223.53 196.25 168.69 163.38 171.04 162.50 134.67 117.31 111.63 115.60 126.43 131.41 131.88 118.76 98.28 83.60 72.92 63.16 54.87 45.56 36.88 29.80 25.04 22.30 25.39 26.22 22.78 19.95 17.73 15.36 13.03 9.63 7.02 4.40 3.71 8.77 6.24 3.94 1.83 -6.57 -7.52 -8.53 -9.59 -10.72 -11.91 -13.17 -14.46 -15.74 -17.01 -18.27 -19.54 -20.79 -22.00 -23.20 -24.41 -25.68 -27.00 -28.36 -29.77 -31.22
226.03 248.05 243.72 245.08 249.81 231.77 205.04 194.18 184.36 164.28 148.71 147.53 146.56 132.52 125.94 135.40 138.22 122.93 106.74 103.77 100.56 87.51 71.78 54.68 46.89 44.20 45.64 44.63 36.37 29.14 24.39 21.98 20.44 18.62 17.37 16.43 15.48 15.15 13.89 12.72 9.22 5.06 9.26 6.70 4.35 2.16 -6.74 -7.70 -8.74 -9.82 -10.96 -12.15 -13.40 -14.68 -15.96 -17.25 -18.57 -19.88 -21.17 -22.41 -23.62 -24.84 -26.13 -27.48 -28.89 -30.33 -31.83
220.08 255.15 270.53 264.44 236.80 206.77 184.32 171.28 161.44 149.53 139.08 132.95 129.10 128.73 141.92 157.53 138.52 101.33 77.97 73.44 75.32 71.42 68.29 67.73 64.07 55.89 58.28 58.13 50.49 44.13 40.08 35.30 29.68 26.85 24.07 25.01 24.97 25.12 23.51 20.16 13.44 6.87 10.17 7.17 4.75 2.49 -6.90 -7.88 -8.94 -10.05 -11.20 -12.39 -13.63 -14.90 -16.19 -17.50 -18.84 -20.19 -21.51 -22.78 -24.02 -25.28 -26.59 -27.98 -29.41 -30.88 -32.41
193.68 237.75 271.95 265.08 234.19 212.29 200.38 193.39 177.25 156.13 140.12 136.26 145.41 158.42 162.20 157.94 129.96 97.13 81.28 80.34 84.35 86.35 88.28 82.15 72.11 66.16 66.15 66.12 63.12 60.14 54.12 47.12 42.13 39.13 38.15 38.14 36.13 34.09 29.05 23.03 16.03 7.02 3.95 7.56 5.10 2.76 -7.06 -8.07 -9.15 -10.28 -11.44 -12.63 -13.87 -15.13 -16.42 -17.75 -19.10 -20.47 -21.81 -23.12 -24.41 -25.71 -27.07 -28.48 -29.93 -31.42 -32.96
183.84 226.13 268.25 278.34 260.07 239.77 226.97 213.91 187.82 163.59 155.83 166.87 178.19 176.67 164.69 150.27 134.71 119.85 113.35 113.71 114.19 109.91 100.48 87.54 80.52 78.34 77.75 74.20 67.56 62.42 55.17 50.33 45.53 43.63 42.42 42.86 41.06 36.92 31.46 24.55 17.30 9.55 4.18 7.81 5.31 2.94 -7.22 -8.25 -9.35 -10.49 -11.67 -12.87 -14.10 -15.36 -16.65 -17.99 -19.36 -20.74 -22.11 -23.46 -24.79 -26.14 -27.53 -28.96 -30.43 -31.93 -33.49
219.04 246.46 277.78 290.59 272.57 242.17 221.46 204.22 186.87 175.46 179.31 186.20 177.82 159.03 143.41 137.79 143.76 144.19 134.87 122.44 106.80 92.89 83.86 80.04 84.44 84.82 81.33 74.75 66.93 58.26 49.41 43.93 40.12 37.82 35.94 37.77 36.89 32.77 30.09 25.11 17.83 11.25 5.48 7.85 5.35 2.96 -7.34 -8.39 -9.51 -10.68 -11.87 -13.08 -14.31 -15.58 -16.88 -18.23 -19.62 -21.02 -22.42 -23.79 -25.15 -26.54 -27.96 -29.41 -30.90 -32.42 -33.99
271.20 281.92 288.48 274.85 244.99 219.08 208.09 203.03 189.16 172.99 170.14 171.07 164.92 146.84 128.17 117.59 123.23 125.37 111.71 94.50 81.12 70.65 67.70 74.29 82.99 80.77 74.53 66.59 61.83 58.48 52.61 46.29 40.84 35.67 31.38 30.43 28.89 26.48 21.89 18.02 14.29 9.62 6.86 7.71 5.23 2.85 -7.45 -8.52 -9.65 -10.84 -12.04 -13.26 -14.51 -15.79 -17.10 -18.47 -19.88 -21.31 -22.72 -24.12 -25.50 -26.91 -28.35 -29.83 -31.33 -32.88 -34.47
292.92 286.57 273.89 243.72 212.46 186.59 173.03 168.41 159.36 144.20 132.41 137.53 144.32 133.89 119.43 100.52 91.04 93.17 82.92 68.68 60.63 54.57 54.48 66.33 75.31 71.40 63.49 53.52 50.54 51.40 56.06 53.86 46.82 38.85 33.85 27.03 22.15 19.23 15.20 10.20 8.18 7.05 6.05 7.46 5.01 2.65 -7.52 -8.61 -9.77 -10.97 -12.19 -13.43 -14.69 -15.99 -17.33 -18.72 -20.15 -21.59 -23.03 -24.44 -25.85 -27.26 -28.72 -30.22 -31.75 -33.31 -34.93
279.01 258.23 247.44 239.95 221.16 193.15 165.07 144.77 130.79 118.18 105.10 99.32 101.45 102.89 104.38 89.94 72.98 68.03 64.55 59.09 50.12 42.47 45.05 59.56 69.72 62.21 50.60 41.66 36.60 40.55 49.96 52.84 49.55 42.70 37.55 28.87 21.59 16.03 11.77 7.94 5.93 7.22 5.18 7.10 4.70 2.38 -7.54 -8.65 -9.83 -11.06 -12.31 -13.58 -14.89 -16.22 -17.59 -18.99 -20.43 -21.89 -23.34 -24.77 -26.19 -27.63 -29.10 -30.61 -32.15 -33.73 -35.36
254.07 225.17 212.19 219.41 217.85 204.56 179.74 162.75 145.48 126.21 113.66 99.87 87.51 80.39 77.66 72.28 61.94 54.60 51.33 52.55 45.71 35.52 39.59 57.40 69.71 61.86 47.63 38.63 32.25 33.12 42.50 50.99 52.02 47.18 41.56 35.08 27.50 19.93 12.94 10.65 9.05 10.53 7.89 6.67 4.33 2.06 -7.48 -8.61 -9.83 -11.11 -12.41 -13.74 -15.10 -16.50 -17.90 -19.32 -20.76 -22.21 -23.66 -25.11 -26.55 -28.02 -29.51 -31.02 -32.55 -34.12 -35.76
236.45 201.94 179.16 172.86 174.99 179.41 178.06 177.23 169.57 149.36 136.79 125.84 111.14 91.98 72.50 61.05 54.22 46.24 41.82 41.46 38.02 31.36 32.71 48.16 61.59 60.79 53.08 43.86 32.11 28.47 35.02 46.05 48.81 47.15 41.44 32.13 23.73 19.79 18.62 19.45 18.42 15.75 9.76 6.23 3.93 1.72 -7.38 -8.53 -9.80 -11.13 -12.49 -13.88 -15.32 -16.78 -18.24 -19.67 -21.09 -22.53 -23.98 -25.44 -26.91 -28.40 -29.91 -31.42 -32.94 -34.49 -36.13
247.14 209.87 185.56 164.28 145.20 135.16 139.17 149.38 153.93 144.50 130.16 120.32 108.17 90.50 73.52 64.40 58.37 49.12 40.52 35.12 31.44 27.34 26.49 38.85 51.98 53.94 51.66 45.16 30.20 22.59 28.71 37.04 40.00 40.68 35.55 23.65 15.56 13.54 19.29 24.91 24.83 18.96 10.05 5.07 3.51 1.38 -7.30 -8.47 -9.77 -11.14 -12.54 -13.99 -15.50 -17.03 -18.52 -19.97 -21.39 -22.82 -24.27 -25.74 -27.24 -28.74 -30.26 -31.78 -33.29 -34.85 -36.51
268.69 239.91 220.04 196.65 164.62 141.36 126.88 119.98 119.77 125.28 121.49 108.74 96.90 89.86 86.55 71.67 64.06 60.37 49.33 38.00 28.90 23.85 22.70 29.04 38.39 40.47 40.86 41.59 28.97 16.78 19.20 24.90 28.95 34.21 30.55 19.82 11.72 8.68 14.53 22.64 22.71 16.85 9.03 5.10 3.03 1.00 -7.28 -8.45 -9.75 -11.13 -12.56 -14.04 -15.61 -17.19 -18.73 -20.20 -21.64 -23.07 -24.53 -26.01 -27.50 -29.01 -30.54 -32.07 -33.61 -35.20 -36.89
277.91 262.34 239.96 214.72 193.59 173.57 148.41 125.67 108.25 107.47 112.31 104.28 93.88 93.04 92.49 71.16 58.18 54.86 46.08 34.99 29.32 24.71 21.21 20.34 21.68 24.60 29.33 36.44 28.57 16.49 12.06 13.93 17.69 23.89 24.73 17.47 9.34 6.30 9.52 16.97 18.40 15.10 10.47 4.36 2.44 0.54 -7.28 -8.46 -9.74 -11.11 -12.54 -14.06 -15.67 -17.30 -18.88 -20.38 -21.84 -23.30 -24.77 -26.24 -27.72 -29.22 -30.76 -32.32 -33.90 -35.53 -37.28
268.73 251.13 220.87 203.99 192.57 169.89 144.89 125.89 105.22 93.27 88.57 80.44 73.08 66.18 62.12 49.91 42.05 39.77 35.72 32.00 30.48 25.32 21.80 20.80 17.43 17.25 20.71 28.49 24.31 13.30 7.68 6.93 8.74 13.07 16.52 12.29 6.30 3.69 5.73 10.57 12.09 11.25 9.85 3.31 1.80 0.05 -7.29 -8.47 -9.74 -11.10 -12.54 -14.08 -15.72 -17.39 -19.01 -20.53 -22.02 -23.50 -24.98 -26.46 -27.93 -29.42 -30.97 -32.56 -34.18 -35.87 -37.66
260.74 234.28 198.41 178.03 164.42 146.45 125.91 117.08 110.21 96.54 89.28 85.70 80.04 64.76 53.80 48.37 36.93 27.93 26.02 27.02 25.19 19.10 16.98 20.68 20.65 14.90 14.51 18.35 17.06 9.43 5.25 4.23 4.34 5.70 8.12 6.83 2.31 2.97 3.18 5.61 5.68 7.37 9.03 5.49 1.17 -0.44 -7.30 -8.49 -9.77 -11.14 -12.59 -14.14 -15.80 -17.49 -19.12 -20.66 -22.17 -23.67 -25.17 -26.66 -28.13 -29.63 -31.20 -32.82 -34.48 -36.22 -38.05
256.80 233.25 200.56 181.61 168.39 153.30 136.36 125.15 109.81 91.74 84.64 82.53 74.43 58.59 51.73 46.70 34.79 26.95 21.88 19.76 17.76 12.83 10.83 13.76 19.87 18.07 13.03 10.84 10.81 7.95 5.00 4.03 4.00 2.96 2.91 2.93 3.02 3.00 4.02 2.96 3.98 7.00 7.98 8.05 0.58 -0.88 -7.31 -8.52 -9.84 -11.23 -12.69 -14.25 -15.90 -17.58 -19.20 -20.76 -22.29 -23.81 -25.33 -26.84 -28.32 -29.84 -31.43 -33.09 -34.80 -36.58 -38.45
250.92 244.10 222.17 201.73 176.59 155.40 139.08 124.24 104.36 87.85 75.70 66.73 55.57 47.35 43.92 37.79 28.45 23.82 19.14 15.53 13.29 10.62 8.88 9.53 14.63 17.19 15.20 9.90 7.57 6.72 5.00 4.83 3.76 2.73 2.73 3.24 3.00 2.76 3.79 3.00 3.76 6.79 7.79 7.58 0.11 -1.25 -7.31 -8.55 -9.88 -11.30 -12.78 -14.33 -15.98 -17.64 -19.27 -20.84 -22.39 -23.93 -25.47 -27.00 -28.51 -30.04 -31.66 -33.36 -35.12 -36.94 -38.83
249.78 244.44 221.27 190.12 159.20 138.03 124.79 119.39 106.78 92.62 75.24 59.46 46.13 44.37 46.05 41.09 31.40 22.44 16.63 13.77 10.78 10.07 8.55 7.97 8.75 11.29 14.28 10.84 6.55 5.49 5.06 4.00 2.94 2.46 2.46 4.19 3.06 1.94 2.42 2.87 2.94 5.55 6.55 4.84 -0.23 -1.50 -7.27 -8.52 -9.87 -11.30 -12.79 -14.35 -16.00 -17.67 -19.31 -20.89 -22.46 -24.02 -25.59 -27.14 -28.68 -30.25 -31.90 -33.63 -35.42 -37.28 -39.19
238.91 217.37 193.80 165.63 141.86 123.89 110.55 100.08 91.04 81.78 70.29 57.37 46.65 41.96 39.56 36.03 29.69 22.69 19.31 14.26 10.61 8.41 7.18 6.23 5.39 7.43 9.26 7.19 4.46 4.25 4.21 3.13 2.93 2.95 2.95 2.41 2.21 1.93 1.76 4.59 3.07 3.49 4.39 3.88 -0.50 -1.72 -7.20 -8.45 -9.80 -11.23 -12.72 -14.30 -15.96 -17.65 -19.31 -20.91 -22.50 -24.08 -25.67 -27.26 -28.85 -30.46 -32.15 -33.92 -35.74 -37.62 -39.54
208.44 184.44 167.44 158.31 145.18 125.14 105.17 84.21 66.24 62.22 61.14 61.96 56.88 47.92 36.02 26.12 20.10 19.04 21.01 18.98 12.99 8.00 7.02 5.01 4.01 5.04 4.05 4.03 3.01 3.00 4.00 3.99 3.99 3.99 4.00 1.99 2.00 2.98 4.95 4.99 2.00 1.59 4.01 5.00 -0.72 -1.90 -7.11 -8.36 -9.70 -11.13 -12.62 -14.21 -15.90 -17.62 -19.30 -20.92 -22.52 -24.12 -25.74 -27.37 -29.00 -30.66 -32.39 -34.18 -36.03 -37.92 -39.85
187.09 162.03 139.26 125.72 116.01 103.16 88.99 73.91 62.82 54.94 53.87 60.71 59.09 49.43 35.67 21.74 17.84 17.86 18.39 16.08 11.62 8.00 4.85 5.02 3.98 2.85 2.92 2.93 3.18 4.08 3.83 3.83 3.82 3.83 2.93 3.07 2.35 4.23 7.46 6.40 3.25 2.04 2.58 3.64 -0.85 -2.01 -7.03 -8.27 -9.61 -11.03 -12.53 -14.14 -15.85 -17.59 -19.30 -20.94 -22.55 -24.17 -25.81 -27.46 -29.13 -30.82 -32.57 -34.38 -36.25 -38.15 -40.08
176.34 161.06 138.81 118.20 102.02 90.02 82.06 75.97 66.74 55.79 47.77 48.11 46.80 41.84 33.53 26.20 23.01 19.18 15.09 10.68 9.43 8.11 5.49 4.57 4.43 3.43 3.43 3.00 3.63 3.57 2.93 2.88 3.37 2.88 3.00 3.00 3.70 5.18 9.30 8.25 3.58 1.71 0.70 0.83 -0.88 -2.03 -6.94 -8.18 -9.52 -10.95 -12.46 -14.09 -15.82 -17.59 -19.32 -20.97 -22.61 -24.24 -25.90 -27.56 -29.23 -30.93 -32.68 -34.50 -36.37 -38.27 -40.20
