Instances/StraitOfGibraltar/GMRTv3_3_20170610topo.asc
ncols 802
nrows 430
xllcorner -6.0611572265625
yllcorner 35.739378653283325
cellsize 0.0010986328125
nodata_value -2147483648
[rows 145 to 173 of 430, columns 201 to 267 of 802]
-92.06 -91.90 -91.81 -91.67 -91.36 -90.81 -90.08 -89.31 -88.62 -88.07 -87.56 -87.09 -86.62 -86.17 -85.74 -85.31 -84.83 -84.31 -83.76 -83.19 -82.61 -82.03 -81.46 -80.84 -80.12 -79.29 -78.36 -77.37 -76.36 -75.38 -74.38 -73.31 -72.11 -70.72 -69.19 -67.61 -66.08 -64.62 -63.18 -61.75 -60.29 -58.77 -57.22 -55.69 -54.25 -52.90 -51.63 -50.40 -49.23 -48.09 -47.01 -45.97 -44.96 -43.96 -42.98 -42.05 -41.19 -40.39 -39.65 -38.98 -38.42 -37.98 -37.66 -37.40 -37.16 -36.94 -36.77
-93.91 -93.83 -93.82 -93.74 -93.50 -93.01 -92.34 -91.62 -90.96 -90.41 -89.90 -89.39 -88.87 -88.33 -87.77 -87.22 -86.68 -86.17 -85.67 -85.17 -84.64 -84.11 -83.57 -82.98 -82.29 -81.46 -80.53 -79.53 -78.52 -77.53 -76.53 -75.45 -74.22 -72.78 -71.18 -69.53 -67.93 -66.43 -64.95 -63.47 -61.96 -60.37 -58.74 -57.14 -55.63 -54.25 -52.94 -51.70 -50.49 -49.31 -48.17 -47.08 -46.03 -45.00 -44.01 -43.06 -42.18 -41.34 -40.56 -39.84 -39.24 -38.77 -38.41 -38.11 -37.85 -37.63 -37.47
-95.93 -95.92 -95.95 -95.91 -95.72 -95.31 -94.73 -94.10 -93.50 -92.95 -92.40 -91.85 -91.25 -90.57 -89.84 -89.13 -88.49 -87.98 -87.54 -87.12 -86.66 -86.16 -85.65 -85.08 -84.41 -83.59 -82.67 -81.69 -80.68 -79.68 -78.67 -77.57 -76.31 -74.81 -73.15 -71.43 -69.77 -68.22 -66.71 -65.20 -63.65 -62.01 -60.31 -58.63 -57.07 -55.65 -54.31 -53.04 -51.79 -50.55 -49.35 -48.18 -47.07 -46.02 -45.02 -44.07 -43.17 -42.30 -41.47 -40.71 -40.07 -39.55 -39.13 -38.79 -38.50 -38.27 -38.11
-98.32 -98.38 -98.45 -98.45 -98.30 -97.95 -97.45 -96.87 -96.29 -95.72 -95.13 -94.50 -93.81 -93.03 -92.16 -91.31 -90.59 -90.06 -89.66 -89.28 -88.84 -88.35 -87.85 -87.28 -86.60 -85.79 -84.87 -83.88 -82.86 -81.84 -80.80 -79.67 -78.37 -76.83 -75.11 -73.33 -71.63 -70.05 -68.51 -66.98 -65.39 -63.71 -61.97 -60.26 -58.65 -57.18 -55.80 -54.48 -53.17 -51.87 -50.59 -49.36 -48.19 -47.11 -46.09 -45.13 -44.20 -43.31 -42.44 -41.65 -40.96 -40.40 -39.94 -39.56 -39.23 -38.97 -38.79
-101.13 -101.28 -101.43 -101.48 -101.38 -101.07 -100.59 -100.02 -99.42 -98.80 -98.12 -97.39 -96.63 -95.77 -94.83 -93.93 -93.16 -92.60 -92.17 -91.78 -91.32 -90.80 -90.26 -89.65 -88.94 -88.11 -87.17 -86.15 -85.10 -84.03 -82.94 -81.75 -80.41 -78.83 -77.08 -75.27 -73.54 -71.93 -70.36 -68.79 -67.19 -65.51 -63.78 -62.07 -60.44 -58.90 -57.44 -56.01 -54.62 -53.25 -51.91 -50.62 -49.41 -48.28 -47.23 -46.23 -45.28 -44.36 -43.48 -42.66 -41.95 -41.36 -40.86 -40.44 -40.07 -39.78 -39.56
-104.31 -104.56 -104.78 -104.90 -104.84 -104.55 -104.08 -103.49 -102.85 -102.14 -101.35 -100.50 -99.65 -98.74 -97.78 -96.85 -96.05 -95.44 -94.96 -94.51 -93.99 -93.41 -92.81 -92.14 -91.38 -90.50 -89.52 -88.48 -87.38 -86.25 -85.08 -83.82 -82.42 -80.81 -79.04 -77.23 -75.48 -73.84 -72.24 -70.65 -69.04 -67.38 -65.70 -64.02 -62.38 -60.78 -59.19 -57.64 -56.15 -54.70 -53.29 -51.95 -50.68 -49.51 -48.41 -47.38 -46.40 -45.46 -44.56 -43.74 -43.01 -42.39 -41.86 -41.41 -41.00 -40.65 -40.36
-107.84 -108.16 -108.45 -108.61 -108.56 -108.25 -107.75 -107.11 -106.40 -105.60 -104.69 -103.72 -102.78 -101.83 -100.85 -99.91 -99.07 -98.39 -97.83 -97.29 -96.69 -96.03 -95.35 -94.62 -93.79 -92.86 -91.84 -90.75 -89.60 -88.42 -87.18 -85.86 -84.41 -82.78 -81.00 -79.18 -77.42 -75.77 -74.15 -72.54 -70.93 -69.30 -67.67 -66.04 -64.40 -62.72 -61.02 -59.35 -57.76 -56.24 -54.78 -53.38 -52.07 -50.85 -49.71 -48.64 -47.62 -46.66 -45.75 -44.91 -44.16 -43.50 -42.94 -42.43 -41.97 -41.56 -41.20
-111.77 -112.14 -112.45 -112.61 -112.53 -112.17 -111.57 -110.82 -110.01 -109.10 -108.08 -107.01 -105.98 -104.98 -103.98 -103.02 -102.14 -101.37 -100.70 -100.05 -99.34 -98.59 -97.83 -97.02 -96.12 -95.13 -94.07 -92.93 -91.74 -90.51 -89.24 -87.88 -86.40 -84.74 -82.95 -81.12 -79.36 -77.70 -76.08 -74.48 -72.87 -71.27 -69.68 -68.07 -66.43 -64.70 -62.92 -61.15 -59.48 -57.90 -56.39 -54.95 -53.60 -52.33 -51.15 -50.04 -48.99 -47.99 -47.06 -46.20 -45.41 -44.71 -44.09 -43.52 -42.99 -42.50 -42.05
-116.11 -116.50 -116.81 -116.94 -116.80 -116.33 -115.59 -114.69 -113.73 -112.70 -111.56 -110.38 -109.27 -108.23 -107.22 -106.24 -105.31 -104.44 -103.63 -102.82 -101.99 -101.14 -100.29 -99.39 -98.42 -97.37 -96.24 -95.06 -93.83 -92.57 -91.26 -89.88 -88.39 -86.71 -84.90 -83.06 -81.29 -79.63 -78.03 -76.45 -74.86 -73.28 -71.73 -70.15 -68.50 -66.74 -64.89 -63.04 -61.30 -59.68 -58.12 -56.64 -55.25 -53.94 -52.71 -51.56 -50.47 -49.45 -48.49 -47.60 -46.77 -46.01 -45.32 -44.68 -44.07 -43.48 -42.93
-120.70 -121.07 -121.33 -121.39 -121.17 -120.57 -119.66 -118.59 -117.49 -116.34 -115.09 -113.83 -112.65 -111.56 -110.53 -109.52 -108.52 -107.53 -106.56 -105.60 -104.62 -103.65 -102.68 -101.69 -100.63 -99.50 -98.31 -97.07 -95.79 -94.50 -93.18 -91.80 -90.30 -88.62 -86.81 -84.98 -83.22 -81.59 -80.01 -78.46 -76.89 -75.35 -73.82 -72.26 -70.62 -68.82 -66.91 -65.00 -63.21 -61.55 -59.96 -58.44 -57.01 -55.67 -54.40 -53.21 -52.08 -51.02 -50.03 -49.10 -48.22 -47.39 -46.61 -45.88 -45.17 -44.49 -43.82
-125.43 -125.73 -125.88 -125.81 -125.45 -124.70 -123.63 -122.41 -121.19 -119.96 -118.65 -117.34 -116.10 -114.95 -113.87 -112.80 -111.70 -110.58 -109.44 -108.30 -107.16 -106.06 -104.97 -103.86 -102.69 -101.46 -100.18 -98.87 -97.55 -96.23 -94.91 -93.54 -92.06 -90.41 -88.65 -86.87 -85.16 -83.57 -82.04 -80.52 -78.99 -77.47 -75.96 -74.40 -72.75 -70.92 -68.97 -67.01 -65.18 -63.49 -61.88 -60.36 -58.90 -57.53 -56.25 -55.03 -53.86 -52.75 -51.69 -50.68 -49.72 -48.80 -47.93 -47.10 -46.30 -45.50 -44.74
-130.41 -130.57 -130.54 -130.27 -129.72 -128.81 -127.57 -126.19 -124.86 -123.57 -122.25 -120.93 -119.65 -118.43 -117.25 -116.07 -114.85 -113.56 -112.24 -110.91 -109.61 -108.36 -107.13 -105.90 -104.62 -103.27 -101.88 -100.48 -99.09 -97.76 -96.45 -95.10 -93.67 -92.10 -90.43 -88.74 -87.12 -85.59 -84.12 -82.66 -81.17 -79.66 -78.15 -76.58 -74.91 -73.05 -71.07 -69.08 -67.22 -65.52 -63.91 -62.38 -60.92 -59.55 -58.26 -57.03 -55.82 -54.63 -53.47 -52.36 -51.28 -50.26 -49.29 -48.35 -47.44 -46.54 -45.67
-135.46 -135.44 -135.17 -134.67 -133.92 -132.83 -131.43 -129.92 -128.49 -127.16 -125.85 -124.55 -123.24 -121.95 -120.67 -119.37 -118.01 -116.56 -115.06 -113.54 -112.05 -110.63 -109.24 -107.85 -106.43 -104.95 -103.44 -101.94 -100.50 -99.14 -97.85 -96.55 -95.17 -93.69 -92.14 -90.57 -89.06 -87.62 -86.22 -84.82 -83.36 -81.87 -80.35 -78.77 -77.08 -75.21 -73.21 -71.20 -69.33 -67.63 -66.03 -64.51 -63.05 -61.68 -60.39 -59.14 -57.89 -56.62 -55.36 -54.12 -52.93 -51.79 -50.70 -49.64 -48.61 -47.60 -46.61
-140.29 -140.06 -139.54 -138.79 -137.83 -136.61 -135.11 -133.52 -132.03 -130.69 -129.40 -128.11 -126.79 -125.45 -124.10 -122.71 -121.24 -119.65 -117.97 -116.27 -114.59 -112.96 -111.35 -109.74 -108.14 -106.52 -104.90 -103.31 -101.81 -100.44 -99.15 -97.89 -96.58 -95.19 -93.77 -92.34 -90.94 -89.58 -88.25 -86.90 -85.49 -84.02 -82.51 -80.94 -79.25 -77.39 -75.38 -73.38 -71.51 -69.83 -68.24 -66.73 -65.27 -63.88 -62.57 -61.29 -59.99 -58.65 -57.31 -55.97 -54.68 -53.42 -52.18 -50.98 -49.80 -48.65 -47.53
-144.86 -144.36 -143.53 -142.49 -141.34 -140.01 -138.50 -136.93 -135.46 -134.13 -132.88 -131.62 -130.31 -128.95 -127.57 -126.12 -124.56 -122.85 -121.02 -119.14 -117.26 -115.35 -113.40 -111.48 -109.63 -107.86 -106.15 -104.51 -102.98 -101.58 -100.30 -99.07 -97.82 -96.55 -95.29 -94.02 -92.75 -91.47 -90.21 -88.91 -87.54 -86.11 -84.64 -83.08 -81.43 -79.59 -77.61 -75.62 -73.78 -72.11 -70.56 -69.07 -67.60 -66.17 -64.80 -63.44 -62.07 -60.70 -59.32 -57.95 -56.57 -55.18 -53.78 -52.39 -51.05 -49.73 -48.44
-149.30 -148.50 -147.35 -146.02 -144.66 -143.27 -141.77 -140.25 -138.82 -137.53 -136.31 -135.10 -133.80 -132.44 -131.04 -129.55 -127.91 -126.10 -124.14 -122.08 -119.98 -117.78 -115.46 -113.18 -111.06 -109.13 -107.32 -105.64 -104.07 -102.65 -101.37 -100.17 -98.99 -97.84 -96.74 -95.65 -94.51 -93.33 -92.12 -90.86 -89.54 -88.16 -86.73 -85.22 -83.60 -81.80 -79.86 -77.92 -76.11 -74.48 -72.96 -71.49 -70.02 -68.55 -67.10 -65.65 -64.22 -62.81 -61.41 -60.01 -58.55 -57.02 -55.44 -53.85 -52.31 -50.81 -49.34
-153.69 -152.67 -151.28 -149.73 -148.21 -146.72 -145.18 -143.66 -142.22 -140.92 -139.72 -138.51 -137.22 -135.85 -134.44 -132.92 -131.22 -129.31 -127.22 -125.02 -122.73 -120.28 -117.68 -115.11 -112.75 -110.65 -108.70 -106.90 -105.27 -103.82 -102.55 -101.39 -100.26 -99.21 -98.24 -97.29 -96.25 -95.14 -93.99 -92.78 -91.50 -90.17 -88.78 -87.31 -85.75 -84.01 -82.13 -80.25 -78.49 -76.90 -75.41 -73.96 -72.49 -70.99 -69.49 -67.99 -66.49 -65.01 -63.56 -62.07 -60.50 -58.81 -57.04 -55.25 -53.52 -51.84 -50.18
-157.99 -156.84 -155.36 -153.74 -152.12 -150.51 -148.82 -147.15 -145.60 -144.23 -142.98 -141.74 -140.42 -139.03 -137.62 -136.10 -134.36 -132.37 -130.18 -127.85 -125.43 -122.84 -120.07 -117.32 -114.79 -112.47 -110.28 -108.27 -106.50 -105.02 -103.80 -102.72 -101.67 -100.68 -99.79 -98.91 -97.94 -96.88 -95.77 -94.61 -93.38 -92.09 -90.75 -89.34 -87.84 -86.18 -84.40 -82.61 -80.92 -79.37 -77.91 -76.48 -75.03 -73.56 -72.08 -70.59 -69.05 -67.48 -65.88 -64.22 -62.48 -60.60 -58.63 -56.63 -54.70 -52.84 -51.01
-162.21 -160.99 -159.52 -157.91 -156.25 -154.48 -152.58 -150.70 -148.98 -147.50 -146.17 -144.88 -143.51 -142.11 -140.70 -139.18 -137.42 -135.37 -133.09 -130.66 -128.14 -125.45 -122.60 -119.75 -117.06 -114.51 -112.02 -109.74 -107.79 -106.28 -105.12 -104.13 -103.16 -102.21 -101.36 -100.52 -99.60 -98.58 -97.51 -96.38 -95.20 -93.96 -92.68 -91.33 -89.90 -88.34 -86.67 -84.99 -83.39 -81.90 -80.47 -79.06 -77.64 -76.21 -74.81 -73.35 -71.78 -70.08 -68.29 -66.41 -64.46 -62.38 -60.19 -57.99 -55.85 -53.81 -51.80
-166.61 -165.32 -163.83 -162.19 -160.46 -158.56 -156.49 -154.43 -152.57 -151.00 -149.61 -148.27 -146.86 -145.42 -144.00 -142.46 -140.66 -138.53 -136.16 -133.63 -131.01 -128.25 -125.34 -122.40 -119.60 -116.85 -114.13 -111.61 -109.50 -107.93 -106.75 -105.79 -104.83 -103.89 -103.06 -102.23 -101.33 -100.33 -99.29 -98.20 -97.06 -95.87 -94.64 -93.35 -91.99 -90.53 -88.99 -87.42 -85.90 -84.44 -83.02 -81.61 -80.17 -78.75 -77.35 -75.88 -74.25 -72.41 -70.42 -68.33 -66.17 -63.91 -61.54 -59.15 -56.83 -54.62 -52.46
-171.37 -169.97 -168.33 -166.53 -164.66 -162.66 -160.51 -158.39 -156.47 -154.87 -153.48 -152.13 -150.69 -149.21 -147.73 -146.11 -144.22 -141.99 -139.50 -136.85 -134.12 -131.27 -128.28 -125.27 -122.38 -119.54 -116.71 -114.08 -111.85 -110.15 -108.83 -107.73 -106.68 -105.70 -104.85 -104.04 -103.16 -102.17 -101.14 -100.07 -98.96 -97.82 -96.65 -95.43 -94.14 -92.77 -91.33 -89.86 -88.39 -86.95 -85.49 -84.02 -82.52 -81.01 -79.50 -77.90 -76.13 -74.14 -71.98 -69.72 -67.41 -65.00 -62.49 -59.97 -57.52 -55.16 -52.84
-176.42 -174.88 -173.00 -170.95 -168.91 -166.83 -164.65 -162.53 -160.62 -159.04 -157.67 -156.35 -154.90 -153.34 -151.76 -150.02 -148.01 -145.66 -143.03 -140.24 -137.40 -134.47 -131.41 -128.35 -125.41 -122.54 -119.69 -117.04 -114.72 -112.83 -111.25 -109.90 -108.67 -107.60 -106.73 -105.93 -105.04 -104.05 -103.02 -101.96 -100.88 -99.79 -98.68 -97.53 -96.32 -95.04 -93.71 -92.32 -90.89 -89.42 -87.91 -86.35 -84.72 -83.06 -81.35 -79.54 -77.57 -75.42 -73.11 -70.70 -68.25 -65.73 -63.13 -60.51 -57.95 -55.46 -53.00
-181.54 -179.89 -177.78 -175.49 -173.30 -171.17 -169.00 -166.91 -165.02 -163.45 -162.11 -160.80 -159.32 -157.69 -156.00 -154.14 -152.01 -149.53 -146.78 -143.87 -140.94 -137.94 -134.82 -131.72 -128.75 -125.88 -123.07 -120.41 -118.02 -115.93 -114.07 -112.43 -110.98 -109.80 -108.88 -108.05 -107.13 -106.11 -105.07 -104.01 -102.94 -101.89 -100.83 -99.75 -98.61 -97.41 -96.17 -94.87 -93.47 -91.97 -90.38 -88.70 -86.93 -85.07 -83.12 -81.06 -78.88 -76.54 -74.07 -71.52 -68.94 -66.33 -63.65 -60.97 -58.33 -55.74 -53.17
-186.62 -184.91 -182.67 -180.24 -177.94 -175.80 -173.66 -171.60 -169.73 -168.14 -166.77 -165.41 -163.87 -162.17 -160.38 -158.42 -156.20 -153.63 -150.78 -147.79 -144.79 -141.75 -138.61 -135.49 -132.51 -129.64 -126.86 -124.20 -121.75 -119.47 -117.36 -115.45 -113.79 -112.48 -111.47 -110.56 -109.59 -108.51 -107.41 -106.32 -105.24 -104.20 -103.19 -102.16 -101.07 -99.95 -98.82 -97.60 -96.22 -94.66 -92.97 -91.15 -89.21 -87.14 -84.94 -82.63 -80.23 -77.70 -75.05 -72.34 -69.64 -66.93 -64.18 -61.45 -58.77 -56.13 -53.53
-191.75 -190.02 -187.71 -185.19 -182.85 -180.73 -178.63 -176.63 -174.76 -173.13 -171.68 -170.23 -168.61 -166.82 -164.95 -162.91 -160.61 -157.97 -155.05 -152.00 -148.96 -145.90 -142.76 -139.65 -136.67 -133.84 -131.11 -128.48 -125.97 -123.52 -121.16 -118.98 -117.10 -115.62 -114.46 -113.44 -112.36 -111.19 -110.02 -108.87 -107.76 -106.72 -105.73 -104.74 -103.70 -102.67 -101.64 -100.50 -99.14 -97.51 -95.68 -93.68 -91.53 -89.23 -86.74 -84.15 -81.50 -78.76 -75.93 -73.06 -70.23 -67.43 -64.63 -61.87 -59.18 -56.56 -54.00
-196.79 -195.09 -192.77 -190.23 -187.89 -185.81 -183.78 -181.83 -179.98 -178.29 -176.75 -175.19 -173.47 -171.61 -169.65 -167.54 -165.18 -162.49 -159.53 -156.46 -153.40 -150.33 -147.21 -144.11 -141.15 -138.35 -135.66 -133.04 -130.48 -127.87 -125.28 -122.84 -120.74 -119.09 -117.78 -116.62 -115.41 -114.12 -112.85 -111.62 -110.46 -109.40 -108.42 -107.46 -106.46 -105.49 -104.56 -103.49 -102.13 -100.42 -98.46 -96.28 -93.94 -91.39 -88.63 -85.76 -82.85 -79.90 -76.87 -73.84 -70.88 -68.00 -65.16 -62.39 -59.71 -57.14 -54.67
-201.58 -199.95 -197.69 -195.21 -192.93 -190.92 -188.97 -187.09 -185.25 -183.52 -181.88 -180.21 -178.40 -176.44 -174.41 -172.22 -169.81 -167.12 -164.19 -161.15 -158.12 -155.06 -151.93 -148.84 -145.86 -143.05 -140.35 -137.70 -135.06 -132.32 -129.54 -126.92 -124.64 -122.84 -121.38 -120.08 -118.74 -117.33 -115.94 -114.60 -113.37 -112.27 -111.29 -110.34 -109.35 -108.41 -107.51 -106.47 -105.10 -103.34 -101.30 -99.01 -96.52 -93.78 -90.79 -87.67 -84.54 -81.38 -78.14 -74.92 -71.83 -68.86 -65.98 -63.19 -60.54 -58.05 -55.70
-206.18 -204.69 -202.57 -200.24 -198.08 -196.19 -194.35 -192.53 -190.71 -188.92 -187.17 -185.36 -183.43 -181.37 -179.22 -176.95 -174.51 -171.87 -169.07 -166.16 -163.21 -160.18 -157.06 -153.94 -150.94 -148.07 -145.30 -142.57 -139.83 -136.98 -134.07 -131.31 -128.90 -126.97 -125.38 -123.95 -122.48 -120.93 -119.38 -117.90 -116.55 -115.40 -114.40 -113.44 -112.43 -111.47 -110.55 -109.48 -108.08 -106.29 -104.23 -101.90 -99.32 -96.43 -93.24 -89.90 -86.56 -83.17 -79.69 -76.24 -72.98 -69.91 -66.97 -64.18 -61.57 -59.20 -57.04
-210.53 -209.21 -207.32 -205.19 -203.21 -201.45 -199.72 -197.98 -196.18 -194.35 -192.48 -190.55 -188.51 -186.35 -184.10 -181.76 -179.31 -176.76 -174.11 -171.36 -168.51 -165.52 -162.40 -159.25 -156.19 -153.25 -150.37 -147.52 -144.67 -141.73 -138.73 -135.88 -133.37 -131.32 -129.60 -128.03 -126.43 -124.71 -123.00 -121.36 -119.90 -118.67 -117.63 -116.64 -115.60 -114.58 -113.60 -112.49 -111.04 -109.25 -107.20 -104.87 -102.25 -99.24 -95.89 -92.36 -88.83 -85.23 -81.50 -77.84 -74.42 -71.25 -68.25 -65.46 -62.91 -60.68 -58.74
