Instances/StraitOfGibraltar/GMRTv3_3_20170610topo.asc
ncols 802
nrows 430
xllcorner -6.0611572265625
yllcorner 35.739378653283325
cellsize 0.0010986328125
nodata_value -2147483648
[rows 145 to 173 of 430, columns 134 to 200 of 802]
-102.31 -102.80 -103.30 -103.80 -104.29 -104.76 -105.21 -105.63 -106.02 -106.39 -106.75 -107.08 -107.40 -107.70 -107.99 -108.28 -108.55 -108.83 -109.09 -109.33 -109.56 -109.77 -109.94 -110.09 -110.21 -110.32 -110.42 -110.48 -110.51 -110.50 -110.43 -110.30 -110.10 -109.82 -109.49 -101.40 -101.71 -101.86 -101.89 -101.84 -101.69 -101.43 -101.12 -100.81 -100.50 -100.16 -99.83 -99.52 -99.26 -99.02 -98.77 -98.48 -98.15 -97.77 -97.38 -96.97 -96.56 -96.13 -95.68 -95.23 -94.73 -94.20 -93.69 -93.25 -92.88 -92.57 -92.30
-104.31 -104.82 -105.34 -105.87 -106.38 -106.88 -107.35 -107.80 -108.21 -108.61 -108.99 -109.35 -109.69 -110.01 -110.32 -110.61 -110.88 -111.14 -111.39 -111.62 -111.82 -112.01 -112.17 -112.30 -112.41 -112.52 -112.60 -112.66 -112.68 -112.67 -112.61 -112.50 -112.33 -112.10 -111.82 -104.14 -104.38 -104.36 -104.21 -104.02 -103.79 -103.47 -103.11 -102.74 -102.38 -102.00 -101.62 -101.25 -100.90 -100.57 -100.23 -99.87 -99.48 -99.08 -98.67 -98.25 -97.81 -97.36 -96.91 -96.46 -95.99 -95.50 -95.05 -94.67 -94.40 -94.21 -94.05
-106.45 -106.98 -107.53 -108.08 -108.62 -109.15 -109.66 -110.12 -110.56 -110.99 -111.39 -111.78 -112.15 -112.49 -112.81 -113.10 -113.37 -113.62 -113.84 -114.04 -114.21 -114.37 -114.50 -114.62 -114.72 -114.81 -114.88 -114.93 -114.96 -114.95 -114.91 -114.82 -114.70 -114.53 -114.33 -107.35 -107.46 -107.24 -106.85 -106.49 -106.16 -105.78 -105.38 -104.97 -104.56 -104.13 -103.70 -103.26 -102.81 -102.36 -101.90 -101.45 -101.00 -100.56 -100.12 -99.67 -99.19 -98.70 -98.22 -97.76 -97.32 -96.89 -96.51 -96.22 -96.06 -96.00 -95.97
-108.74 -109.29 -109.87 -110.45 -111.02 -111.58 -112.11 -112.61 -113.07 -113.52 -113.96 -114.37 -114.77 -115.13 -115.46 -115.76 -116.02 -116.24 -116.43 -116.59 -116.73 -116.85 -116.96 -117.06 -117.14 -117.22 -117.27 -117.31 -117.33 -117.32 -117.30 -117.25 -117.17 -117.08 -116.97 -110.75 -110.74 -110.35 -109.79 -109.29 -108.88 -108.45 -108.01 -107.55 -107.08 -106.60 -106.10 -105.58 -105.04 -104.47 -103.91 -103.36 -102.85 -102.36 -101.87 -101.38 -100.87 -100.34 -99.84 -99.39 -98.98 -98.61 -98.31 -98.11 -98.07 -98.14 -98.25
-111.18 -111.75 -112.35 -112.96 -113.56 -114.16 -114.72 -115.24 -115.73 -116.21 -116.67 -117.12 -117.53 -117.91 -118.26 -118.55 -118.80 -119.00 -119.16 -119.29 -119.39 -119.47 -119.55 -119.62 -119.69 -119.73 -119.77 -119.79 -119.79 -119.79 -119.78 -119.75 -119.73 -119.72 -119.70 -114.28 -114.17 -113.69 -113.06 -112.50 -112.04 -111.57 -111.09 -110.58 -110.03 -109.45 -108.84 -108.23 -107.59 -106.94 -106.28 -105.66 -105.06 -104.49 -103.94 -103.40 -102.85 -102.30 -101.79 -101.36 -101.00 -100.70 -100.48 -100.38 -100.46 -100.68 -100.94
-113.76 -114.36 -114.98 -115.62 -116.26 -116.88 -117.47 -118.01 -118.53 -119.04 -119.53 -119.99 -120.43 -120.83 -121.18 -121.48 -121.71 -121.89 -122.02 -122.11 -122.18 -122.23 -122.27 -122.32 -122.36 -122.37 -122.38 -122.37 -122.35 -122.34 -122.33 -122.33 -122.36 -122.42 -122.49 -118.01 -117.80 -117.29 -116.66 -116.07 -115.58 -115.09 -114.57 -113.99 -113.35 -112.64 -111.92 -111.19 -110.46 -109.72 -108.99 -108.28 -107.60 -106.93 -106.29 -105.68 -105.10 -104.54 -104.03 -103.63 -103.32 -103.09 -102.96 -102.96 -103.18 -103.56 -103.98
-116.49 -117.11 -117.76 -118.42 -119.09 -119.74 -120.36 -120.93 -121.46 -121.99 -122.51 -123.00 -123.45 -123.86 -124.22 -124.52 -124.75 -124.91 -125.01 -125.07 -125.11 -125.12 -125.14 -125.15 -125.16 -125.14 -125.10 -125.06 -125.01 -124.97 -124.95 -124.97 -125.03 -125.15 -125.29 -121.82 -121.53 -121.01 -120.40 -119.82 -119.31 -118.79 -118.24 -117.61 -116.89 -116.09 -115.26 -114.44 -113.64 -112.84 -112.04 -111.26 -110.49 -109.73 -109.00 -108.35 -107.74 -107.17 -106.69 -106.32 -106.07 -105.91 -105.87 -105.97 -106.31 -106.84 -107.40
-119.40 -120.04 -120.71 -121.40 -122.09 -122.77 -123.41 -124.00 -124.55 -125.10 -125.63 -126.13 -126.60 -127.02 -127.38 -127.68 -127.90 -128.04 -128.13 -128.17 -128.18 -128.17 -128.15 -128.14 -128.11 -128.04 -127.94 -127.83 -127.73 -127.66 -127.62 -127.63 -127.72 -127.88 -128.09 -125.65 -125.29 -124.80 -124.25 -123.70 -123.16 -122.62 -122.03 -121.36 -120.60 -119.76 -118.88 -118.02 -117.17 -116.32 -115.47 -114.64 -113.81 -112.98 -112.19 -111.49 -110.87 -110.32 -109.87 -109.55 -109.36 -109.27 -109.32 -109.52 -109.95 -110.59 -111.26
-122.52 -123.17 -123.86 -124.58 -125.30 -126.00 -126.66 -127.26 -127.82 -128.38 -128.92 -129.43 -129.91 -130.33 -130.69 -130.98 -131.19 -131.32 -131.39 -131.41 -131.39 -131.35 -131.30 -131.26 -131.18 -131.04 -130.87 -130.69 -130.52 -130.38 -130.31 -130.31 -130.42 -130.63 -130.91 -129.54 -129.14 -128.71 -128.26 -127.76 -127.21 -126.63 -126.00 -125.31 -124.54 -123.69 -122.81 -121.94 -121.07 -120.18 -119.30 -118.43 -117.55 -116.65 -115.80 -115.08 -114.47 -113.95 -113.54 -113.28 -113.15 -113.15 -113.28 -113.56 -114.08 -114.81 -115.55
-125.80 -126.47 -127.19 -127.93 -128.67 -129.39 -130.07 -130.68 -131.26 -131.82 -132.37 -132.88 -133.36 -133.78 -134.13 -134.41 -134.61 -134.73 -134.78 -134.78 -134.74 -134.68 -134.59 -134.51 -134.37 -134.16 -133.90 -133.63 -133.38 -133.17 -133.05 -133.04 -133.17 -133.43 -133.76 -133.42 -132.98 -132.63 -132.28 -131.84 -131.30 -130.69 -130.04 -129.33 -128.57 -127.74 -126.89 -126.02 -125.15 -124.26 -123.37 -122.48 -121.57 -120.63 -119.74 -119.01 -118.42 -117.94 -117.59 -117.39 -117.33 -117.41 -117.63 -117.98 -118.56 -119.35 -120.13
-129.21 -129.90 -130.64 -131.40 -132.16 -132.90 -133.60 -134.23 -134.81 -135.39 -135.94 -136.45 -136.93 -137.35 -137.70 -137.97 -138.15 -138.26 -138.30 -138.29 -138.23 -138.14 -138.02 -137.89 -137.70 -137.41 -137.06 -136.69 -136.35 -136.07 -135.89 -135.86 -136.00 -136.29 -136.68 -137.24 -136.77 -136.46 -136.18 -135.79 -135.26 -134.67 -134.01 -133.32 -132.58 -131.78 -130.96 -130.13 -129.29 -128.43 -127.57 -126.70 -125.78 -124.83 -123.93 -123.21 -122.66 -122.24 -121.95 -121.81 -121.83 -121.99 -122.29 -122.69 -123.31 -124.12 -124.90
-132.71 -133.41 -134.17 -134.95 -135.74 -136.50 -137.22 -137.86 -138.46 -139.04 -139.60 -140.12 -140.60 -141.02 -141.37 -141.63 -141.81 -141.92 -141.95 -141.93 -141.85 -141.74 -141.59 -141.42 -141.17 -140.80 -140.36 -139.89 -139.46 -139.10 -138.86 -138.80 -138.94 -139.24 -139.67 -141.00 -140.51 -140.24 -140.02 -139.68 -139.18 -138.60 -137.98 -137.31 -136.61 -135.87 -135.10 -134.32 -133.54 -132.76 -131.96 -131.14 -130.25 -129.31 -128.44 -127.74 -127.25 -126.89 -126.68 -126.61 -126.71 -126.96 -127.34 -127.78 -128.42 -129.22 -129.96
-136.23 -136.95 -137.73 -138.54 -139.35 -140.14 -140.88 -141.54 -142.15 -142.75 -143.32 -143.86 -144.35 -144.77 -145.13 -145.40 -145.58 -145.68 -145.72 -145.69 -145.60 -145.47 -145.30 -145.10 -144.79 -144.34 -143.82 -143.26 -142.74 -142.30 -142.00 -141.90 -142.02 -142.32 -142.75 -144.70 -144.19 -143.94 -143.77 -143.46 -143.00 -142.46 -141.88 -141.27 -140.63 -139.95 -139.24 -138.54 -137.85 -137.16 -136.45 -135.71 -134.88 -133.98 -133.14 -132.50 -132.08 -131.81 -131.68 -131.69 -131.87 -132.20 -132.63 -133.10 -133.72 -134.47 -135.12
-139.76 -140.50 -141.31 -142.14 -142.98 -143.79 -144.56 -145.24 -145.87 -146.50 -147.09 -147.65 -148.16 -148.61 -148.98 -149.26 -149.45 -149.56 -149.60 -149.58 -149.49 -149.35 -149.16 -148.93 -148.57 -148.07 -147.46 -146.83 -146.22 -145.70 -145.34 -145.19 -145.27 -145.54 -145.95 -148.31 -147.78 -147.51 -147.32 -147.02 -146.60 -146.13 -145.62 -145.09 -144.52 -143.90 -143.28 -142.66 -142.07 -141.49 -140.89 -140.25 -139.50 -138.66 -137.89 -137.32 -137.00 -136.84 -136.83 -136.92 -137.15 -137.52 -137.97 -138.42 -138.96 -139.60 -140.12
-143.39 -144.16 -144.98 -145.85 -146.72 -147.56 -148.35 -149.07 -149.73 -150.38 -151.01 -151.61 -152.15 -152.62 -153.01 -153.31 -153.52 -153.65 -153.70 -153.69 -153.61 -153.47 -153.26 -153.00 -152.61 -152.04 -151.36 -150.65 -149.96 -149.36 -148.92 -148.71 -148.73 -148.94 -149.28 -151.92 -151.36 -150.98 -150.67 -150.33 -149.95 -149.58 -149.20 -148.77 -148.28 -147.76 -147.22 -146.70 -146.23 -145.79 -145.33 -144.81 -144.16 -143.42 -142.73 -142.27 -142.08 -142.08 -142.20 -142.38 -142.64 -143.00 -143.40 -143.75 -144.16 -144.61 -144.91
-147.15 -147.94 -148.80 -149.69 -150.59 -151.47 -152.29 -153.04 -153.73 -154.42 -155.09 -155.73 -156.30 -156.81 -157.24 -157.56 -157.79 -157.94 -158.02 -158.02 -157.95 -157.81 -157.59 -157.31 -156.87 -156.24 -155.50 -154.70 -153.93 -153.24 -152.72 -152.43 -152.37 -152.49 -152.74 -155.42 -154.82 -154.31 -153.86 -153.46 -153.13 -152.88 -152.63 -152.33 -151.94 -151.51 -151.07 -150.67 -150.33 -150.04 -149.73 -149.36 -148.83 -148.20 -147.63 -147.29 -147.26 -147.44 -147.71 -147.98 -148.26 -148.59 -148.90 -149.13 -149.35 -149.57 -149.61
-150.95 -151.77 -152.65 -153.58 -154.51 -155.42 -156.28 -157.06 -157.80 -158.53 -159.24 -159.92 -160.54 -161.09 -161.55 -161.90 -162.16 -162.34 -162.45 -162.47 -162.42 -162.28 -162.06 -161.75 -161.27 -160.59 -159.78 -158.90 -158.05 -157.28 -156.66 -156.28 -156.13 -156.14 -156.28 -158.48 -157.91 -157.37 -156.88 -156.48 -156.21 -156.05 -155.91 -155.72 -155.43 -155.09 -154.75 -154.46 -154.25 -154.09 -153.93 -153.70 -153.31 -152.82 -152.39 -152.18 -152.31 -152.65 -153.06 -153.42 -153.73 -154.05 -154.30 -154.42 -154.47 -154.46 -154.25
-154.73 -155.57 -156.49 -157.44 -158.41 -159.35 -160.25 -161.07 -161.84 -162.62 -163.38 -164.10 -164.77 -165.37 -165.87 -166.26 -166.54 -166.76 -166.90 -166.95 -166.92 -166.79 -166.57 -166.25 -165.73 -165.00 -164.13 -163.19 -162.25 -161.40 -160.70 -160.23 -159.97 -159.86 -159.87 -160.91 -160.49 -160.08 -159.71 -159.41 -159.22 -159.12 -159.03 -158.90 -158.69 -158.45 -158.22 -158.04 -157.94 -157.91 -157.87 -157.78 -157.55 -157.23 -156.97 -156.92 -157.18 -157.66 -158.19 -158.63 -158.99 -159.33 -159.57 -159.62 -159.50 -159.24 -158.76
-158.41 -159.28 -160.22 -161.20 -162.20 -163.17 -164.11 -164.96 -165.78 -166.60 -167.41 -168.19 -168.91 -169.56 -170.10 -170.53 -170.86 -171.11 -171.28 -171.37 -171.37 -171.26 -171.04 -170.71 -170.17 -169.40 -168.48 -167.47 -166.47 -165.54 -164.75 -164.20 -163.84 -163.60 -163.47 -162.77 -162.57 -162.40 -162.25 -162.23 -162.13 -162.06 -161.99 -161.91 -161.78 -161.64 -161.51 -161.44 -161.46 -161.53 -161.62 -161.67 -161.61 -161.49 -161.43 -161.55 -161.95 -162.55 -163.18 -163.69 -164.12 -164.51 -164.77 -164.75 -164.45 -163.92 -163.17
-161.91 -162.80 -163.76 -164.77 -165.79 -166.80 -167.77 -168.66 -169.52 -170.39 -171.25 -172.09 -172.86 -173.56 -174.16 -174.62 -174.99 -175.29 -175.50 -175.63 -175.66 -175.57 -175.37 -175.03 -174.48 -173.68 -172.72 -171.68 -170.62 -169.62 -168.76 -168.13 -167.67 -167.31 -167.04 -166.47 -166.36 -166.32 -166.34 -164.89 -164.88 -164.86 -164.83 -164.81 -164.77 -164.72 -164.69 -164.72 -164.83 -165.00 -165.20 -165.37 -165.48 -165.54 -165.67 -165.96 -166.50 -167.22 -167.97 -168.57 -169.07 -169.53 -169.81 -169.77 -169.36 -168.65 -167.71
-165.26 -166.17 -167.15 -168.18 -169.23 -170.27 -171.27 -172.20 -173.10 -174.02 -174.95 -175.84 -176.68 -177.44 -178.09 -178.61 -179.02 -179.37 -179.64 -179.81 -179.88 -179.82 -179.64 -179.31 -178.76 -177.95 -176.97 -175.89 -174.79 -173.75 -172.83 -172.11 -171.55 -171.07 -170.65 -170.32 -170.07 -169.91 -169.85 -167.33 -167.43 -167.51 -167.57 -167.64 -167.69 -167.72 -167.78 -167.89 -168.08 -168.32 -168.59 -168.86 -169.10 -169.33 -169.62 -170.06 -170.76 -171.63 -172.52 -173.23 -173.82 -174.34 -174.66 -174.64 -174.23 -173.51 -172.54
-168.57 -169.49 -170.49 -171.55 -172.62 -173.69 -174.73 -175.70 -176.66 -177.64 -178.64 -179.60 -180.51 -181.34 -182.06 -182.65 -183.12 -183.53 -183.86 -184.09 -184.21 -184.20 -184.05 -183.74 -183.19 -182.39 -181.41 -180.31 -179.18 -178.09 -177.11 -176.31 -175.64 -175.01 -174.42 -173.91 -173.47 -173.14 -172.93 -169.57 -169.78 -169.99 -170.20 -170.38 -170.53 -170.64 -170.77 -170.95 -171.19 -171.48 -171.80 -172.15 -172.50 -172.86 -173.31 -173.90 -174.76 -175.80 -176.84 -177.68 -178.36 -178.94 -179.32 -179.36 -179.06 -178.46 -177.58
-171.79 -172.73 -173.75 -174.83 -175.93 -177.03 -178.10 -179.12 -180.13 -181.19 -182.25 -183.30 -184.29 -185.20 -186.00 -186.65 -187.19 -187.67 -188.07 -188.37 -188.55 -188.59 -188.48 -188.19 -187.66 -186.87 -185.90 -184.80 -183.65 -182.52 -181.49 -180.61 -179.82 -179.03 -178.26 -177.54 -176.91 -176.38 -175.99 -171.72 -172.05 -172.39 -172.73 -173.03 -173.26 -173.45 -173.65 -173.89 -174.18 -174.50 -174.86 -175.29 -175.74 -176.23 -176.81 -177.55 -178.56 -179.78 -180.99 -181.98 -182.76 -183.42 -183.88 -184.01 -183.85 -183.42 -182.67
-174.88 -175.83 -176.87 -177.96 -179.09 -180.22 -181.32 -182.38 -183.45 -184.57 -185.71 -186.84 -187.91 -188.90 -189.77 -190.49 -191.10 -191.65 -192.12 -192.49 -192.73 -192.83 -192.76 -192.51 -192.00 -191.24 -190.28 -189.18 -188.03 -186.87 -185.78 -184.83 -183.93 -182.98 -182.03 -181.12 -180.28 -179.56 -178.99 -173.91 -174.32 -174.76 -175.19 -175.58 -175.89 -176.15 -176.41 -176.71 -177.05 -177.42 -177.83 -178.32 -178.87 -179.47 -180.18 -181.06 -182.23 -183.62 -185.01 -186.16 -187.07 -187.85 -188.41 -188.66 -188.62 -188.34 -187.71
-177.76 -178.73 -179.78 -180.89 -182.03 -183.18 -184.31 -185.41 -186.53 -187.71 -188.91 -190.11 -191.26 -192.32 -193.26 -194.05 -194.72 -195.34 -195.88 -196.31 -196.61 -196.77 -196.75 -196.53 -196.05 -195.31 -194.37 -193.29 -192.14 -190.97 -189.84 -188.82 -187.81 -186.73 -185.61 -184.52 -183.50 -182.59 -181.86 -176.09 -176.57 -177.09 -177.59 -178.04 -178.42 -178.74 -179.05 -179.41 -179.81 -180.22 -180.68 -181.25 -181.88 -182.58 -183.40 -184.40 -185.74 -187.32 -188.90 -190.23 -191.30 -192.24 -192.94 -193.32 -193.42 -193.28 -192.76
-180.39 -181.36 -182.42 -183.53 -184.68 -185.85 -187.01 -188.13 -189.29 -190.51 -191.77 -193.02 -194.23 -195.35 -196.35 -197.19 -197.92 -198.59 -199.19 -199.68 -200.04 -200.24 -200.27 -200.08 -199.63 -198.92 -198.01 -196.96 -195.81 -194.63 -193.48 -192.41 -191.33 -190.13 -188.88 -187.64 -186.46 -185.41 -184.55 -178.24 -178.78 -179.34 -179.90 -180.41 -180.83 -181.20 -181.57 -181.99 -182.44 -182.90 -183.43 -184.06 -184.76 -185.54 -186.46 -187.59 -189.07 -190.84 -192.62 -194.12 -195.37 -196.47 -197.34 -197.87 -198.12 -198.12 -197.72
-182.71 -183.68 -184.74 -185.85 -187.00 -188.17 -189.34 -190.48 -191.66 -192.91 -194.20 -195.49 -196.73 -197.90 -198.94 -199.82 -200.58 -201.30 -201.95 -202.48 -202.89 -203.14 -203.19 -203.04 -202.62 -201.95 -201.07 -200.04 -198.91 -197.74 -196.58 -195.49 -194.35 -193.08 -191.74 -190.39 -189.11 -187.95 -186.99 -180.38 -180.94 -181.53 -182.10 -182.64 -183.12 -183.55 -183.98 -184.46 -184.97 -185.50 -186.08 -186.78 -187.55 -188.39 -189.37 -190.60 -192.22 -194.14 -196.08 -197.76 -199.19 -200.48 -201.52 -202.21 -202.60 -202.71 -202.42
-184.75 -185.72 -186.76 -187.87 -189.02 -190.18 -191.35 -192.50 -193.69 -194.96 -196.26 -197.57 -198.84 -200.03 -201.10 -202.01 -202.81 -203.56 -204.25 -204.83 -205.27 -205.56 -205.66 -205.54 -205.16 -204.52 -203.68 -202.69 -201.60 -200.45 -199.30 -198.19 -197.03 -195.71 -194.30 -192.88 -191.53 -190.30 -189.27 -182.55 -183.10 -183.66 -184.23 -184.79 -185.30 -185.79 -186.29 -186.84 -187.42 -188.03 -188.69 -189.46 -190.27 -191.13 -192.15 -193.44 -195.18 -197.24 -199.35 -201.19 -202.81 -204.32 -205.57 -206.44 -206.94 -207.14 -206.92
-186.55 -187.51 -188.54 -189.64 -190.77 -191.93 -193.09 -194.24 -195.43 -196.70 -198.02 -199.34 -200.62 -201.82 -202.91 -203.84 -204.67 -205.46 -206.18 -206.80 -207.29 -207.62 -207.76 -207.68 -207.34 -206.75 -205.96 -205.02 -203.97 -202.85 -201.72 -200.62 -199.45 -198.10 -196.65 -195.18 -193.77 -192.48 -191.40 -184.67 -185.18 -185.71 -186.25 -186.80 -187.34 -187.89 -188.47 -189.09 -189.75 -190.44 -191.19 -192.02 -192.86 -193.74 -194.78 -196.12 -197.94 -200.12 -202.36 -204.37 -206.18 -207.91 -209.39 -210.43 -211.05 -211.32 -211.17
