Instances/LagoDeMaracaibo/GMRTv3_3_20170611topo.asc
ncols 651
nrows 661
xllcorner -72.22412109375
yllcorner 9.925565912405494
cellsize 0.002197265625
nodata_value -2147483648
[rows 272 to 305 of 661, columns 375 to 449 of 651]
6.12 4.68 4.48 5.18 4.41 4.38 3.38 3.95 3.46 4.57 5.57 6.21 6.43 5.59 3.88 4.85 6.13 7.20 7.50 6.53 7.46 7.94 8.92 11.00 13.31 12.04 10.38 11.38 12.30 14.01 14.61 16.13 16.99 18.30 18.48 16.01 18.45 20.34 20.43 20.90 14.24 15.52 25.31 25.20 18.13 18.52 21.74 22.42 19.95 19.43 18.79 19.99 21.87 20.65 21.19 20.89 21.04 19.25 18.11 18.61 18.76 18.99 23.60 23.94 23.60 22.87 21.19 23.00 20.04 19.00 19.70 22.42 21.24 21.50 20.12
5.26 4.49 3.88 4.41 4.47 6.24 5.24 3.86 3.98 4.98 6.05 6.58 5.95 5.39 4.38 6.78 7.70 7.96 8.51 9.20 10.94 10.89 10.12 10.35 14.03 12.52 12.10 13.10 15.22 16.08 15.72 17.77 17.67 17.25 17.81 17.15 19.51 20.86 21.03 22.78 16.07 15.47 23.37 24.58 18.70 18.40 24.56 24.98 22.15 21.10 20.43 22.68 23.68 22.17 22.42 23.38 21.45 19.96 17.79 19.51 20.47 21.61 25.17 26.24 25.10 24.68 22.63 23.56 20.38 18.65 19.18 20.58 20.32 22.79 19.26
6.26 5.05 4.55 3.81 5.67 7.17 6.10 5.16 4.47 5.47 5.79 5.12 5.79 5.35 6.83 8.15 8.19 9.23 10.14 11.12 11.86 11.86 11.57 12.14 14.62 13.52 14.04 14.97 18.83 18.80 15.36 17.43 17.50 16.18 19.02 19.60 21.07 24.49 24.36 24.22 17.31 16.67 22.26 21.00 19.60 20.50 23.39 24.63 24.12 23.40 25.37 25.78 24.52 23.71 25.66 25.12 23.28 21.09 19.64 21.00 23.30 25.47 26.57 29.29 27.12 25.45 23.45 22.74 22.68 21.80 21.27 20.04 18.85 21.74 20.18
6.38 4.71 5.54 5.13 5.90 6.14 5.85 6.66 6.25 7.18 7.77 6.58 7.63 7.96 8.70 7.93 6.58 10.02 12.30 13.94 14.55 14.41 13.03 14.22 14.83 15.18 17.57 19.14 21.98 21.49 15.52 16.95 16.02 19.46 21.86 21.67 23.72 26.75 25.59 23.00 17.09 16.54 22.52 19.72 18.17 19.18 20.22 26.53 27.30 23.53 26.03 29.27 26.32 23.97 25.98 25.42 23.58 23.01 22.76 24.21 27.03 28.53 28.18 31.44 30.15 27.96 25.96 24.84 25.76 26.71 24.53 21.02 18.93 21.55 21.02
6.40 7.57 7.29 7.33 7.17 7.86 7.32 7.63 7.60 9.41 10.38 10.70 11.77 8.84 9.56 8.59 7.01 10.37 13.45 15.64 15.95 17.20 16.58 16.33 16.83 17.26 19.76 22.39 23.64 21.21 16.48 16.85 18.30 22.20 24.16 25.62 27.70 27.63 27.14 25.82 20.11 21.62 23.56 21.10 19.06 17.72 23.14 27.81 25.49 22.22 24.11 28.15 27.09 24.51 24.25 28.10 28.47 27.46 26.84 30.06 28.50 28.13 30.26 31.43 29.74 29.28 27.13 26.57 29.62 28.69 24.35 21.51 19.29 21.82 21.44
8.94 9.84 8.61 8.61 9.30 9.73 8.01 8.65 9.33 10.01 11.61 12.62 13.09 11.58 11.26 9.57 9.83 13.54 16.77 17.11 17.75 20.73 19.23 17.39 19.34 19.22 20.43 24.30 25.48 22.86 18.86 17.92 22.74 25.66 27.44 28.23 29.69 28.43 30.05 32.44 23.42 24.13 25.26 24.20 21.98 19.22 26.03 24.09 23.84 22.49 25.10 26.81 27.00 26.40 23.74 28.37 32.64 28.45 27.26 32.85 31.69 30.61 32.59 31.18 29.68 27.56 26.78 29.01 32.60 30.26 24.35 23.33 23.37 23.82 24.16
11.52 9.89 10.29 10.29 11.41 10.52 8.33 9.44 10.70 10.55 13.37 15.07 13.63 14.41 13.33 11.22 13.70 16.96 17.85 20.59 21.63 22.48 22.51 21.25 21.04 21.89 23.63 26.55 25.30 25.44 22.00 22.99 25.33 28.11 32.51 31.74 31.15 31.70 31.59 32.67 25.48 25.55 27.48 24.33 24.52 21.33 24.41 23.96 23.85 24.29 28.33 27.55 26.85 27.07 25.89 28.59 33.22 28.52 28.92 33.67 33.93 32.93 31.74 28.82 29.26 27.33 28.96 30.81 32.30 32.55 27.63 24.63 25.89 27.37 24.26
11.85 11.15 12.29 12.29 12.64 12.98 12.43 12.63 11.46 12.19 14.57 16.75 14.46 16.52 15.37 14.02 16.94 20.55 20.45 24.66 25.66 26.28 27.46 25.70 26.26 25.63 27.16 26.12 25.54 26.57 25.05 28.03 28.02 33.19 35.32 34.51 34.89 34.36 34.06 33.38 25.77 24.33 28.14 24.69 25.14 23.15 26.10 28.04 25.30 26.52 27.51 29.33 28.37 26.93 29.20 29.76 31.70 30.48 31.62 34.91 33.24 32.24 30.06 28.40 29.54 30.93 31.55 30.89 32.54 32.12 31.23 26.33 25.96 26.73 25.63
13.94 14.89 15.15 15.07 14.23 16.03 16.09 16.95 14.86 15.89 17.19 17.63 18.01 16.92 17.55 17.10 21.52 26.29 26.07 29.40 30.70 31.65 31.69 30.18 29.16 30.48 29.21 27.98 27.37 29.12 28.18 29.80 31.03 37.27 38.96 35.51 36.65 37.07 36.29 33.70 28.83 26.69 27.11 24.66 23.82 27.63 26.87 28.16 27.55 26.99 28.20 31.48 29.81 27.60 30.84 30.03 29.23 30.92 31.17 33.54 33.71 32.79 31.46 31.26 31.45 32.12 32.06 32.12 34.52 34.20 32.98 28.55 26.82 25.05 23.83
17.85 17.28 17.54 18.16 17.75 19.78 19.78 19.64 17.57 18.50 18.70 19.48 19.04 18.53 18.13 20.23 25.98 31.30 33.59 35.58 33.31 35.29 37.84 39.02 35.11 35.74 33.51 31.16 29.51 31.54 30.54 30.50 34.70 39.32 40.73 38.94 39.10 40.23 40.04 37.82 31.50 30.33 28.50 28.96 28.55 30.81 29.36 30.34 27.91 27.62 31.06 32.68 30.10 29.63 31.10 29.78 31.02 32.53 32.72 33.23 34.32 32.48 32.06 32.01 32.82 31.85 31.85 37.02 34.98 34.87 31.43 29.06 26.26 26.50 22.84
21.95 21.82 18.83 21.36 22.66 24.59 24.66 19.77 18.69 20.47 20.59 20.83 19.64 18.98 17.07 22.86 29.59 31.25 33.97 38.58 37.82 37.71 37.59 41.44 40.10 39.19 39.04 34.50 30.62 32.83 31.55 34.02 40.80 43.04 42.52 41.67 42.36 42.50 41.89 39.20 33.62 31.79 29.12 28.70 30.30 29.48 29.22 30.22 29.28 29.09 35.14 34.73 29.00 28.91 29.86 32.06 34.43 33.27 30.84 29.87 30.94 29.48 31.86 32.85 32.95 33.21 33.35 36.42 35.64 37.64 31.95 29.00 25.69 27.05 23.64
26.09 24.65 18.81 22.66 27.85 30.79 30.40 23.07 20.28 22.44 20.84 21.02 21.77 19.80 18.65 20.57 28.60 31.71 38.93 40.65 41.00 37.10 36.68 38.31 43.71 43.35 40.11 34.06 33.08 33.02 35.30 36.84 42.35 45.90 43.71 41.70 43.66 44.65 41.95 37.99 33.77 32.76 28.27 26.49 28.40 28.95 29.43 30.22 32.77 35.52 36.89 33.30 31.04 32.78 33.85 36.42 35.21 30.45 27.98 28.77 29.04 30.33 33.47 32.01 33.73 37.99 36.38 37.63 37.84 35.21 29.75 29.14 29.35 26.93 25.42
29.34 25.73 21.19 25.14 32.11 33.83 27.88 25.59 24.87 25.44 23.26 20.73 20.33 20.09 18.02 20.69 26.18 32.91 38.75 41.45 37.69 38.62 40.15 41.29 41.46 43.33 39.73 36.10 38.10 32.66 34.92 34.99 39.40 43.51 45.66 46.17 46.48 45.04 43.02 40.65 37.49 33.91 27.23 24.11 27.89 28.53 33.85 37.52 39.89 38.85 36.95 34.33 35.96 36.29 36.47 35.10 33.29 31.51 32.00 30.44 29.60 33.50 35.89 34.38 34.84 39.85 37.81 37.42 35.71 29.95 27.30 27.22 28.51 27.82 28.57
32.63 27.70 25.28 30.18 36.56 33.06 25.63 27.39 29.05 26.63 26.31 24.16 20.80 19.10 20.57 21.86 27.77 32.11 34.54 35.97 37.97 38.97 42.81 41.16 42.30 41.95 43.29 41.05 40.12 36.93 38.92 39.74 40.30 43.66 46.03 46.38 47.25 45.13 40.57 38.47 35.68 33.37 26.01 26.16 28.71 34.81 38.70 39.98 40.22 38.06 37.58 38.26 39.60 40.41 40.46 39.36 33.67 32.81 33.79 33.49 32.40 33.79 33.39 36.02 35.21 41.31 39.05 34.66 33.47 27.10 26.90 28.64 27.06 28.08 28.34
32.06 27.78 27.77 31.87 35.28 34.51 31.67 31.81 34.95 30.38 30.47 27.69 20.95 19.78 20.00 22.01 26.38 32.97 35.11 35.16 35.44 40.11 42.42 41.84 47.31 44.68 44.85 44.71 37.63 41.50 43.31 44.33 45.13 45.73 46.06 44.40 44.37 43.04 38.85 38.62 32.99 30.42 27.89 31.33 30.73 36.96 35.51 39.95 40.72 39.51 41.50 40.77 39.79 41.00 40.20 37.50 35.67 33.75 35.48 34.90 34.70 37.49 34.48 34.18 32.49 35.46 36.82 31.51 30.59 28.87 27.79 29.03 27.84 27.14 26.27
33.50 31.26 27.73 32.95 35.91 37.59 37.28 40.05 39.57 31.86 31.05 27.10 21.70 20.71 22.49 21.82 25.16 31.62 30.76 31.62 34.96 36.64 38.49 42.07 48.48 43.41 45.95 43.99 33.87 41.93 46.61 47.61 48.80 46.02 45.01 42.05 44.78 46.59 42.36 41.57 36.59 29.79 25.17 32.06 30.85 36.89 36.46 40.76 42.76 42.82 41.18 41.02 43.55 41.93 40.05 36.73 36.84 35.52 39.46 34.60 35.72 37.12 37.53 35.72 31.09 27.74 30.84 29.33 27.22 26.40 28.77 29.00 28.01 26.93 25.86
37.41 35.38 32.17 31.95 35.01 38.87 40.55 41.03 40.10 32.79 31.00 27.82 24.51 23.57 24.70 24.56 23.93 25.47 27.95 28.85 34.89 34.07 37.90 41.00 41.60 40.65 44.84 46.60 40.70 43.72 48.03 48.87 47.03 45.78 46.77 44.54 45.96 45.70 45.21 43.14 35.37 32.61 28.25 31.89 33.45 38.67 40.52 42.62 42.91 40.14 40.88 41.00 43.32 41.01 38.83 40.56 38.01 39.47 40.88 41.34 38.68 37.94 39.87 35.96 30.88 27.71 28.10 27.20 28.75 25.75 30.73 28.89 27.94 27.95 27.72
40.60 39.40 37.41 34.45 36.65 39.81 43.59 41.65 38.89 34.67 30.80 28.76 27.54 25.73 26.83 26.68 26.50 27.51 31.50 34.52 36.96 36.00 39.01 42.60 43.30 50.04 49.52 47.88 48.51 45.02 46.30 49.81 50.66 49.62 47.07 46.94 45.10 37.84 38.78 39.59 33.07 33.98 33.51 33.71 37.54 40.72 41.89 45.63 44.61 43.55 42.66 40.90 40.17 42.75 43.52 40.98 35.99 41.84 41.91 40.25 39.18 36.74 38.75 36.65 32.66 29.67 28.79 26.83 28.97 29.67 32.02 30.81 28.85 27.10 28.97
43.97 44.63 40.65 39.48 39.63 41.66 46.69 46.61 42.63 37.73 34.59 31.72 31.65 27.67 26.83 29.68 30.56 30.69 33.96 33.15 34.21 32.15 37.12 46.74 50.51 51.06 49.89 48.83 47.25 42.93 43.96 51.94 50.01 49.98 45.94 45.03 44.90 34.83 36.16 35.25 34.69 32.95 34.91 35.99 39.91 42.85 42.93 47.86 48.65 44.85 45.63 42.66 41.87 43.89 43.99 41.83 39.62 41.97 41.96 39.85 36.01 43.58 45.58 41.65 35.73 32.73 30.85 29.67 29.83 28.97 30.17 31.11 30.07 26.95 28.04
40.28 45.11 43.86 42.79 42.65 45.62 48.88 47.11 44.04 38.87 36.93 32.87 32.91 31.58 30.57 31.72 33.62 32.84 32.06 33.76 34.76 35.51 37.72 45.80 49.85 50.92 52.76 50.91 45.97 47.58 47.56 50.06 51.82 50.81 48.88 48.04 46.99 40.47 34.81 35.92 37.85 35.68 35.98 33.21 39.16 43.09 43.05 48.13 50.04 46.87 48.78 46.62 40.83 44.90 44.81 43.71 40.71 42.85 42.93 42.80 40.58 41.11 43.27 41.13 36.95 33.95 30.93 31.88 31.87 31.84 29.99 29.05 27.20 27.93 29.01
40.09 43.21 42.96 43.89 46.70 48.68 48.83 44.96 42.00 40.93 36.02 34.97 33.88 35.66 34.66 35.55 38.50 33.67 33.71 37.72 38.69 40.68 42.53 52.60 55.79 52.86 53.78 49.85 47.72 49.81 51.70 51.82 52.95 53.92 47.11 42.22 44.20 43.83 40.58 35.86 37.13 38.96 34.95 33.03 37.17 41.07 41.98 45.16 48.18 47.04 50.03 49.72 46.61 45.92 47.85 47.83 46.59 44.79 42.93 43.04 43.02 43.73 41.94 39.94 36.97 33.90 32.83 31.94 32.04 31.13 30.00 30.85 26.88 28.04 27.11
37.18 40.14 45.91 45.87 49.80 53.75 53.77 48.81 44.91 39.93 36.81 32.97 35.84 39.79 38.76 42.59 45.56 41.51 38.63 39.84 41.86 42.84 48.80 54.12 53.07 53.85 58.83 55.73 52.69 52.71 54.89 54.07 53.09 52.14 47.02 44.84 43.03 45.00 43.87 39.87 35.08 36.10 37.94 31.92 34.99 41.93 43.83 44.88 46.05 46.10 48.28 53.91 48.85 46.79 47.92 46.96 49.89 47.86 44.78 41.98 40.06 46.86 44.82 42.91 37.93 36.85 34.93 33.95 31.04 29.02 29.97 31.96 29.88 26.95 26.94
34.96 39.00 45.03 47.88 52.88 55.95 55.00 50.00 44.05 43.87 41.73 36.71 38.88 41.91 41.83 47.80 51.78 47.71 44.69 42.79 42.84 45.83 48.06 49.16 54.92 57.85 57.97 56.91 56.87 58.88 55.05 49.12 50.13 50.10 46.01 45.95 42.98 44.05 45.04 39.12 34.98 37.01 36.10 35.89 37.87 43.00 46.92 48.93 46.93 44.01 41.19 52.08 51.94 52.88 50.87 49.87 49.96 48.91 49.84 43.88 41.92 48.04 47.06 42.12 39.02 38.04 35.05 33.10 31.04 30.94 30.99 32.02 29.98 29.89 28.94
38.92 39.95 44.96 50.91 54.94 55.99 54.02 49.00 42.96 44.94 47.89 44.87 40.92 43.92 45.91 50.94 54.95 53.87 51.86 48.89 48.87 49.93 46.97 47.99 55.96 59.91 60.92 59.96 57.93 57.04 53.00 49.92 48.00 48.06 46.95 47.00 43.97 43.03 42.09 35.05 36.03 35.02 34.00 35.97 39.94 41.97 47.02 47.09 49.01 45.97 40.94 51.04 50.99 51.01 52.92 51.91 51.94 51.89 50.97 46.94 43.01 45.12 42.13 38.08 37.02 35.04 33.03 30.01 29.00 30.94 29.97 31.02 30.98 31.00 28.99
39.99 41.99 47.97 53.98 56.99 56.99 53.99 49.97 46.95 47.98 49.01 44.99 43.98 46.97 47.96 51.96 54.99 56.00 54.02 50.00 51.00 49.99 49.97 49.95 57.96 63.97 62.98 58.99 61.97 56.99 54.98 53.97 49.96 45.99 49.01 46.03 45.02 42.01 39.01 35.96 32.99 36.01 35.99 37.97 41.99 44.99 46.03 43.03 46.04 46.01 44.96 49.01 52.98 52.97 55.98 55.99 54.00 56.00 52.03 48.02 41.02 40.04 39.03 37.01 38.00 35.98 32.98 32.98 30.96 34.99 32.99 31.00 30.99 29.98 29.97
41.01 42.00 50.00 53.99 55.99 57.00 54.99 53.00 50.01 48.00 46.99 46.01 44.00 49.00 52.01 58.01 57.00 53.99 48.99 49.01 48.99 51.01 52.02 56.03 63.01 64.00 64.00 61.00 63.00 58.00 55.99 54.99 54.00 49.01 46.00 42.00 41.00 40.99 41.00 41.01 38.01 33.00 36.01 40.01 41.99 43.98 42.99 43.00 43.00 44.01 47.02 50.01 54.00 55.00 56.00 53.00 52.00 51.99 46.00 43.00 40.00 39.01 38.01 36.00 37.00 38.01 36.00 33.01 35.00 33.00 32.01 31.01 33.01 34.01 33.01
45.08 44.09 46.98 50.96 53.97 54.95 50.97 50.94 49.93 47.93 45.92 48.01 46.07 47.03 51.01 54.93 54.94 52.97 49.00 53.03 46.03 53.06 58.09 63.13 62.00 64.97 62.97 59.95 60.92 56.00 50.95 50.94 50.96 50.01 47.01 45.04 43.04 39.00 41.01 41.04 39.06 34.09 40.13 43.08 39.00 38.97 42.05 45.11 44.16 51.18 55.15 52.07 54.04 55.04 57.00 55.07 54.06 51.00 51.02 46.01 40.06 42.06 41.03 38.03 36.01 39.04 35.00 35.03 33.01 34.03 38.06 35.09 35.08 35.05 34.03
48.10 50.13 48.06 49.96 52.99 52.92 51.91 47.93 43.92 41.91 39.89 46.94 50.08 51.03 52.97 51.90 51.92 50.89 49.02 51.92 51.18 56.08 60.01 66.96 62.97 61.90 60.90 56.90 55.82 57.88 50.97 50.07 50.00 49.91 46.95 46.11 45.19 41.28 42.01 44.00 43.14 41.26 47.17 47.12 42.19 41.21 47.14 52.20 56.29 60.22 60.14 56.14 57.10 58.08 55.96 59.03 56.94 51.95 47.87 43.92 45.09 44.04 41.04 39.11 38.06 40.99 36.04 36.04 36.12 36.13 38.07 39.10 40.12 38.05 36.06
50.09 51.03 50.05 48.95 52.80 50.85 46.88 46.60 44.79 43.03 40.07 44.92 49.90 48.92 49.82 49.78 50.97 48.03 50.06 48.83 55.08 57.00 59.05 61.87 60.88 59.85 57.83 54.85 51.80 50.82 50.11 54.24 51.12 45.93 45.15 50.27 52.24 52.38 42.19 42.25 46.31 47.25 49.08 49.11 48.39 49.41 49.15 55.11 59.01 61.95 62.05 59.24 59.18 59.16 55.00 56.91 51.93 49.05 45.02 42.05 45.07 44.07 43.09 43.24 39.13 39.01 37.19 37.16 39.07 40.14 41.15 40.03 40.95 38.14 37.16
50.98 50.95 50.05 47.78 46.62 47.81 46.77 35.69 37.63 42.83 42.03 43.93 46.77 47.83 46.86 44.78 51.01 51.06 51.03 45.75 53.59 55.88 60.98 61.96 58.94 56.86 54.71 51.77 48.82 50.93 54.14 58.15 54.20 47.11 51.37 55.21 54.19 55.19 48.50 51.47 53.31 50.17 50.16 51.28 55.27 55.22 52.32 56.03 56.89 59.00 62.19 64.45 63.41 63.28 56.11 56.05 54.20 53.37 48.32 45.18 47.02 46.07 43.99 47.00 42.15 41.21 42.22 41.27 39.18 41.03 43.08 40.01 39.03 42.09 41.09
50.07 49.95 51.04 43.89 42.96 45.92 41.80 37.09 34.93 38.54 40.78 42.84 43.72 44.89 45.90 44.14 50.75 49.78 51.08 43.25 45.87 53.93 58.87 60.85 58.83 55.91 51.04 48.83 46.67 48.51 53.70 57.63 55.90 49.32 55.29 56.12 57.38 57.04 55.59 55.29 55.26 52.49 53.46 56.48 56.21 56.38 57.46 56.09 56.01 61.01 66.09 70.05 69.12 65.92 58.36 58.36 57.17 58.06 53.35 47.35 46.02 45.81 42.96 43.77 42.98 44.01 42.87 44.06 43.28 41.13 42.72 39.88 40.95 40.84 39.90
52.23 50.15 50.93 45.35 45.24 46.08 42.16 38.18 36.27 33.94 38.03 40.99 40.54 44.93 44.96 47.05 47.07 46.96 51.68 49.04 49.22 53.78 57.89 58.78 55.73 54.76 53.94 47.97 43.05 41.61 48.94 51.98 52.88 53.02 56.81 56.70 60.63 55.51 59.86 56.78 58.06 59.36 59.47 61.43 59.24 62.44 62.65 58.50 57.16 60.01 64.93 66.85 66.82 63.22 63.50 63.41 58.16 56.19 56.47 52.73 47.11 43.01 42.99 41.91 41.88 41.67 39.69 42.80 44.87 42.86 37.54 37.98 38.97 38.96 38.95
54.10 52.10 49.86 48.95 47.03 46.88 43.93 40.26 39.01 35.91 39.84 41.97 37.34 43.86 44.99 46.06 49.80 47.79 46.77 45.95 49.82 50.87 56.83 56.70 53.76 51.55 50.55 47.85 46.07 41.11 50.85 54.71 52.83 50.98 52.62 51.40 52.09 49.92 54.70 52.99 56.95 60.38 62.39 64.25 61.71 65.74 68.45 64.61 59.52 61.33 65.31 67.23 66.26 68.47 67.41 66.55 60.51 60.47 61.65 59.38 48.23 45.09 43.08 42.07 40.98 39.14 38.38 41.06 41.75 39.93 35.20 39.12 40.32 40.42 39.07
54.00 52.01 48.92 45.60 45.62 44.79 41.77 42.31 38.67 34.11 36.74 40.85 43.24 43.09 45.17 46.79 45.81 44.86 46.82 46.98 46.44 50.72 54.21 53.03 51.41 47.19 46.20 45.51 44.77 43.33 47.62 49.71 50.78 52.20 51.05 47.91 46.58 51.48 53.55 55.04 57.04 64.61 65.44 64.87 68.41 72.63 70.34 68.76 66.81 66.14 69.75 70.71 70.76 71.72 70.83 71.85 65.72 63.00 64.43 58.53 50.01 45.09 44.14 43.21 42.82 44.00 44.94 43.42 41.13 41.15 39.31 40.26 43.06 43.90 40.25
