Instances/LagoDeMaracaibo/GMRTv3_3_20170611topo.asc
ncols 651
nrows 661
xllcorner -72.22412109375
yllcorner 9.925565912405494
cellsize 0.002197265625
nodata_value -2147483648
[rows 238 to 271 of 661, columns 525 to 599 of 651]
28.07 26.05 25.15 23.05 25.09 26.18 26.12 26.00 28.93 30.10 24.11 20.96 23.01 25.10 23.96 24.01 25.01 26.00 27.99 28.03 28.97 29.94 31.99 33.05 35.00 35.98 36.94 40.90 41.91 42.80 39.80 41.82 43.79 41.87 43.09 46.98 46.84 46.91 47.89 49.92 50.97 51.88 54.82 54.88 53.89 51.87 53.98 54.93 55.90 56.90 56.91 55.02 58.96 57.94 56.04 57.15 58.25 62.25 67.17 63.09 68.86 70.83 71.06 72.08 68.87 67.92 69.02 70.12 73.08 76.00 79.99 81.03 78.92 77.62 77.63
23.96 23.99 23.04 24.95 23.01 23.04 25.06 26.98 29.06 25.18 24.96 23.84 23.83 23.93 26.93 24.94 25.96 25.91 26.93 27.96 30.00 30.94 30.93 29.99 34.04 37.00 37.98 41.02 43.02 45.99 43.95 43.96 46.97 45.88 44.90 47.98 47.95 48.92 50.92 51.96 50.95 53.94 56.96 56.96 56.92 56.86 54.96 55.00 55.98 56.98 57.94 56.90 58.04 58.96 56.89 58.88 58.94 59.03 62.11 62.00 68.10 70.04 68.99 72.98 72.88 69.90 67.99 68.93 71.01 75.96 81.96 80.00 80.90 84.84 84.85
30.93 26.98 22.95 24.97 24.94 23.97 23.01 27.00 26.02 20.99 25.94 28.88 31.89 28.97 27.01 26.95 26.93 30.95 31.95 29.94 28.98 32.97 35.93 33.92 32.97 36.02 38.00 40.02 41.02 43.07 42.02 43.98 44.97 47.95 47.97 48.03 49.99 50.98 51.98 51.99 53.96 54.98 57.01 57.01 57.99 58.99 56.00 54.99 56.98 57.96 59.98 59.98 56.99 60.02 61.94 62.98 60.98 61.00 62.01 62.98 64.07 69.06 71.98 73.00 74.99 72.96 69.95 73.96 72.98 78.01 82.03 80.98 83.98 86.04 85.02
30.00 26.00 27.99 28.00 29.00 26.00 24.00 27.00 27.00 25.99 31.00 36.00 34.00 26.00 26.00 30.00 33.00 31.00 32.00 33.99 31.99 34.00 38.00 38.00 37.00 35.00 38.00 39.00 41.00 39.00 42.00 46.00 49.99 51.00 48.00 45.00 49.00 51.00 53.00 53.00 55.00 56.00 56.00 56.00 58.00 58.00 55.00 56.00 58.00 60.99 60.00 59.00 59.00 57.00 63.00 61.00 61.00 59.00 61.00 64.00 61.00 64.01 71.00 73.00 74.00 73.99 72.99 71.99 73.00 75.00 79.00 82.00 83.00 81.00 83.00
28.99 29.03 28.03 27.01 27.01 26.04 25.05 26.99 29.02 29.01 30.00 31.94 28.95 28.02 27.02 25.97 29.95 32.98 35.00 35.00 36.01 33.98 33.97 33.98 37.00 37.03 39.01 39.01 40.99 42.03 44.01 44.97 52.99 51.00 48.03 46.03 51.01 51.00 54.02 54.00 55.02 57.02 57.02 57.01 57.01 58.01 56.02 55.01 59.00 62.99 59.99 57.02 59.02 63.03 63.01 63.02 62.02 62.04 63.03 61.01 63.01 63.99 68.98 72.01 75.04 79.03 76.04 79.09 77.08 76.04 79.02 81.99 83.05 82.04 81.02
29.04 30.09 32.06 29.03 30.09 31.10 30.08 26.02 28.98 28.06 31.05 27.96 26.97 27.98 28.02 26.04 27.01 28.97 31.93 33.93 32.95 32.01 33.94 35.00 37.04 39.05 39.05 40.05 40.00 43.04 44.09 43.14 49.01 51.02 52.06 49.05 50.00 51.02 54.98 53.02 57.01 57.98 58.00 57.00 59.07 59.05 57.05 57.11 58.02 59.93 58.98 61.08 62.08 61.02 64.00 64.00 64.01 64.12 65.11 65.14 62.06 63.06 69.04 74.01 79.01 78.04 78.16 83.08 83.08 80.08 81.03 80.99 88.97 86.10 85.16
31.08 34.10 31.94 29.00 31.92 31.87 29.97 28.14 28.01 32.16 32.99 29.02 27.06 27.00 28.03 28.08 30.04 31.02 31.01 31.02 33.03 34.05 31.01 33.94 38.95 40.02 42.13 42.14 41.11 43.93 49.12 52.09 53.00 52.02 52.00 49.09 51.05 52.05 52.98 55.08 55.97 56.01 56.98 57.00 61.08 61.11 59.11 61.16 60.10 59.03 59.00 61.96 64.05 64.13 63.03 62.91 63.04 69.15 69.13 69.06 66.21 67.21 71.16 73.03 75.99 81.13 85.25 83.96 81.98 80.94 80.94 80.91 81.71 87.90 90.08
31.99 33.92 29.98 29.08 28.00 26.97 29.01 31.04 29.07 33.97 30.99 29.00 29.06 28.11 29.06 29.05 28.97 29.97 31.99 33.97 33.95 34.05 34.26 33.27 36.08 40.04 43.93 45.00 44.09 41.03 49.00 48.00 49.86 51.96 51.87 52.05 52.03 53.12 54.07 56.07 56.08 58.19 57.04 57.04 62.03 63.02 61.06 62.93 62.19 61.14 59.12 60.10 64.04 66.06 65.15 61.15 65.10 69.90 69.94 68.05 70.16 71.25 75.25 75.14 78.14 83.22 88.13 82.11 81.91 77.82 78.93 78.03 77.92 82.80 89.05
31.02 31.93 31.04 31.07 31.17 30.22 30.09 30.13 30.21 31.99 31.92 28.93 29.05 30.07 30.25 30.55 29.06 29.94 30.96 30.82 31.86 34.93 38.04 40.10 40.21 41.04 40.88 42.99 44.06 44.27 49.11 51.17 49.01 50.90 49.04 51.01 51.94 55.01 55.09 57.09 58.13 61.11 58.20 58.03 61.94 62.01 61.06 60.00 65.16 63.18 62.16 64.26 65.21 65.99 67.01 66.17 66.08 67.00 67.97 70.19 71.03 74.11 78.17 77.29 80.23 87.36 89.20 86.19 80.03 76.03 79.16 81.27 79.14 82.01 91.08
31.99 32.02 30.99 30.97 31.96 32.01 31.11 33.06 33.06 32.90 29.98 28.22 30.09 30.05 34.24 39.12 30.03 28.94 31.00 30.17 31.24 32.89 35.76 36.72 40.98 40.99 41.14 43.90 45.04 47.20 51.03 51.98 50.11 50.10 52.34 52.18 51.08 54.09 56.13 58.05 58.97 60.94 61.21 58.07 60.96 63.10 62.04 62.09 66.12 65.08 63.09 66.01 68.06 66.12 66.15 66.20 67.17 69.15 69.18 72.00 71.11 74.04 78.90 81.17 83.32 91.31 92.12 87.26 82.29 78.28 82.27 84.20 81.28 83.17 90.94
30.69 31.73 31.08 31.45 31.13 31.02 32.04 31.95 31.87 31.00 31.05 32.37 31.49 31.38 34.96 34.56 30.16 29.25 30.99 33.13 35.08 33.41 34.14 35.14 39.85 41.16 42.98 42.00 45.10 47.97 49.79 50.88 51.15 52.08 55.07 54.18 53.34 56.17 56.78 57.91 57.97 59.78 61.89 59.05 61.01 64.24 62.08 61.99 66.98 65.08 64.40 65.12 66.93 68.34 69.39 69.31 69.26 70.04 71.17 71.27 73.56 75.43 76.95 81.03 86.37 93.13 92.10 89.96 85.21 81.37 83.98 85.00 84.34 85.24 89.85
27.91 29.01 32.13 35.87 32.91 32.25 32.11 32.00 30.94 31.95 30.99 33.92 35.96 35.33 33.96 31.85 32.20 32.13 31.17 33.18 34.34 38.45 37.45 38.46 39.14 43.20 42.36 42.93 45.86 46.85 47.79 49.84 51.85 52.21 53.83 55.05 56.27 57.16 54.14 57.06 57.78 57.89 59.80 58.88 60.89 65.70 63.03 62.07 65.71 66.03 68.00 67.11 67.30 71.27 72.28 71.08 71.19 70.07 72.22 75.36 79.86 80.80 78.48 82.80 89.48 92.49 92.70 88.06 86.24 84.54 83.32 85.66 87.92 87.46 89.09
29.53 31.43 33.24 31.74 30.85 34.11 32.94 32.00 31.10 30.92 31.09 31.75 32.81 35.79 33.88 31.84 33.17 32.36 33.45 35.32 38.33 40.23 40.27 41.16 41.22 44.05 45.99 42.28 43.74 45.93 47.04 49.06 49.86 54.01 53.18 55.01 56.96 57.98 57.19 57.95 56.24 58.14 58.94 58.15 60.05 61.90 63.26 63.41 64.35 66.24 65.99 67.00 70.17 71.95 72.71 71.37 72.29 71.38 74.53 77.75 85.99 87.11 84.18 91.04 91.80 87.91 90.50 90.56 88.23 88.46 87.54 92.86 95.89 91.75 91.78
33.07 34.56 35.66 32.40 31.40 33.99 31.90 31.96 32.18 31.26 32.32 31.18 33.29 34.33 32.89 31.42 33.98 34.98 36.30 37.37 39.15 41.02 41.17 41.12 42.14 44.13 43.98 45.26 43.28 46.08 48.31 50.03 50.25 52.81 54.99 54.85 55.69 56.40 56.72 56.79 59.05 58.82 59.00 60.38 61.13 62.89 64.71 66.06 68.28 67.96 67.19 67.00 70.00 70.85 69.81 73.92 74.13 74.46 78.80 84.01 91.90 93.75 91.71 95.17 89.06 90.50 96.65 94.36 89.01 90.09 90.52 96.18 99.49 96.95 97.61
32.43 37.39 39.17 35.16 34.18 34.10 32.40 32.43 33.20 33.11 34.08 33.43 34.78 36.55 33.58 35.84 34.91 34.68 37.17 39.23 40.51 41.43 42.28 42.12 43.66 45.08 45.35 46.65 46.73 47.63 50.26 50.27 52.25 51.89 53.91 54.05 53.66 52.85 54.98 56.05 57.92 56.53 58.98 62.10 62.84 62.43 61.94 64.77 67.54 67.27 68.09 66.98 69.98 69.49 70.17 71.86 73.85 75.98 82.00 88.56 95.18 97.06 93.64 93.92 91.39 93.31 97.81 95.20 89.52 90.25 93.73 96.65 101.23 101.47 99.29
34.70 37.58 37.32 35.41 34.13 35.60 35.76 35.38 34.22 33.15 34.52 35.08 33.33 33.15 37.45 39.43 40.23 39.26 38.50 40.48 43.07 44.29 44.93 44.03 47.21 44.76 47.28 50.40 50.93 51.55 51.16 52.41 53.35 52.47 54.30 55.33 53.58 54.53 56.53 57.36 58.08 55.26 59.11 62.30 67.05 64.70 63.23 64.08 64.91 68.82 67.70 67.19 70.20 66.76 70.84 72.09 72.86 74.92 79.35 88.10 93.17 100.14 95.60 94.22 93.45 94.35 95.96 96.09 94.01 92.62 97.77 102.28 102.53 102.03 99.84
31.79 34.65 33.15 36.46 35.54 37.88 37.67 35.86 35.21 34.21 36.98 35.54 36.51 37.18 37.88 40.05 38.89 39.70 41.87 44.07 44.28 45.77 49.63 49.70 47.41 44.63 48.17 51.38 54.21 53.59 52.73 54.63 55.61 55.49 56.47 57.86 57.38 57.56 59.56 59.47 60.00 59.36 60.61 64.49 64.28 61.69 63.96 65.17 66.58 66.61 65.45 67.84 70.63 67.29 70.47 73.81 73.72 75.14 76.96 82.20 87.96 90.96 91.04 94.64 95.43 96.78 97.79 98.47 99.21 95.35 102.86 107.89 105.51 102.39 99.43
32.05 33.57 30.99 32.10 36.05 35.38 34.56 35.16 36.53 35.43 36.34 38.35 38.64 40.82 36.83 40.16 39.15 43.48 46.03 48.99 50.70 49.64 51.87 51.89 51.60 48.57 49.87 53.73 54.47 57.21 57.08 57.80 59.05 57.98 58.53 61.44 58.77 59.23 61.27 61.57 64.35 64.01 63.46 66.32 61.95 62.95 64.98 66.84 69.60 66.52 64.22 67.32 69.47 69.91 73.37 77.26 77.46 76.46 78.18 81.04 84.24 84.37 86.96 90.49 95.05 98.34 101.46 106.36 103.94 96.36 111.62 110.98 107.64 103.86 102.92
31.52 31.33 31.99 29.78 32.39 34.58 34.05 35.77 37.70 37.73 38.14 39.61 42.20 39.79 37.76 41.44 43.56 47.22 50.09 51.04 51.05 51.43 56.24 56.07 58.03 51.16 53.49 56.36 58.46 61.56 60.43 60.47 62.04 61.01 60.26 62.41 63.30 61.14 62.69 62.87 63.87 61.70 63.49 67.30 63.47 68.01 69.78 70.68 71.32 69.36 66.43 69.21 72.14 73.74 74.47 77.22 78.24 78.29 79.97 82.30 83.56 85.65 86.08 86.16 90.64 95.19 102.30 109.27 106.09 98.95 112.69 114.90 111.28 103.49 104.24
30.10 30.62 32.64 29.88 34.40 36.70 35.93 35.54 35.77 37.84 38.09 43.65 47.68 46.10 42.51 43.88 53.41 54.20 50.97 49.41 51.16 54.52 58.71 57.06 58.27 56.22 54.08 57.60 64.36 62.14 61.78 60.71 61.05 60.30 61.93 65.03 68.28 65.68 65.59 62.33 65.31 63.44 63.02 68.10 65.61 70.43 71.39 72.52 72.38 70.66 69.46 71.39 72.59 75.06 76.55 77.98 79.47 79.69 83.32 83.04 86.00 88.55 92.13 90.10 90.97 97.02 103.13 112.27 109.95 106.00 106.47 114.62 115.97 107.05 101.29
31.11 33.09 36.11 30.96 32.41 34.99 40.35 39.08 36.66 34.39 37.11 45.65 50.90 51.64 46.63 46.45 53.41 51.78 46.83 47.89 52.71 60.30 57.61 55.29 57.04 60.22 57.03 61.94 67.76 64.53 64.29 60.82 63.00 63.04 66.19 68.93 71.69 68.61 68.11 64.78 68.48 68.71 67.87 67.70 67.31 71.27 72.07 75.21 75.64 74.38 75.54 77.57 76.41 75.66 78.75 78.66 81.91 83.38 82.54 83.10 84.50 88.25 91.20 90.87 91.23 94.84 102.47 119.66 123.54 118.37 110.20 109.83 115.99 111.55 105.38
30.64 30.68 37.44 35.12 36.58 37.11 43.30 44.08 40.26 37.33 35.71 38.38 44.92 46.47 43.82 44.04 47.03 49.28 48.68 51.07 57.00 61.86 60.58 60.34 61.91 64.40 64.95 68.55 69.65 70.41 66.68 65.55 67.15 67.47 70.47 72.51 74.29 74.55 71.94 68.54 66.49 68.97 69.33 66.93 68.89 72.61 71.86 78.30 81.30 79.62 81.23 83.01 81.44 79.26 82.93 82.12 84.47 85.55 83.57 85.36 85.14 85.96 86.23 86.84 92.32 91.95 101.03 119.46 131.81 127.10 119.49 113.90 113.21 115.83 110.55
30.54 28.58 34.16 37.64 41.21 41.37 43.08 47.95 44.29 39.61 37.46 35.32 37.22 37.42 36.30 38.06 37.46 43.94 50.03 57.02 57.65 58.32 60.77 61.03 63.49 67.72 69.10 72.41 71.61 74.79 72.21 70.67 72.59 73.32 76.44 77.52 77.18 77.60 76.10 73.21 70.29 69.77 70.99 70.53 71.34 74.38 73.15 78.00 83.07 84.83 87.71 88.02 84.83 83.06 87.17 87.48 85.50 81.70 89.06 90.48 91.05 87.76 90.22 88.69 93.42 93.38 99.43 115.21 128.20 131.37 129.85 125.00 118.86 117.84 116.32
32.02 31.42 32.77 37.09 40.14 42.03 42.51 44.83 45.61 43.24 37.00 35.37 38.29 39.03 36.42 38.74 36.80 42.77 47.25 51.90 46.48 51.02 56.35 62.45 63.95 67.42 69.33 72.71 74.46 78.70 75.33 76.13 79.78 80.07 82.13 80.78 77.90 77.95 79.99 75.54 74.36 73.24 73.10 76.51 73.71 75.73 76.83 78.00 84.39 89.07 90.58 89.35 86.64 86.20 89.09 92.35 85.13 81.09 90.11 94.28 96.71 92.11 91.44 90.11 93.87 94.03 96.00 103.49 114.27 129.24 137.04 138.04 130.18 121.81 123.03
33.05 33.08 33.65 34.78 35.91 37.66 39.28 43.31 43.59 43.96 41.69 38.85 39.29 39.30 40.19 42.66 43.65 43.79 44.03 40.52 38.68 44.63 49.46 58.39 61.49 62.16 65.47 67.67 77.43 78.98 80.00 82.05 83.21 83.98 83.23 83.41 80.65 78.87 79.84 79.90 79.30 78.61 73.74 76.61 77.28 76.97 79.19 77.73 86.50 89.75 91.24 90.90 89.06 91.78 96.39 89.35 82.16 84.03 90.35 96.17 99.64 96.92 90.41 90.22 91.79 94.26 96.77 100.02 106.38 118.39 127.70 138.32 139.34 129.49 127.37
35.22 35.59 35.28 34.91 37.02 35.78 38.29 42.54 42.14 47.15 44.24 42.54 41.04 40.30 41.49 44.96 44.47 44.54 44.80 39.68 39.18 44.74 47.28 51.95 55.28 55.17 62.11 65.04 76.08 80.03 83.97 86.38 86.19 85.74 86.25 87.36 84.32 82.61 83.33 85.90 84.13 84.38 78.63 78.65 77.60 78.39 80.98 79.90 85.36 89.11 93.42 94.84 96.09 100.37 98.11 88.10 84.16 86.42 91.17 96.42 100.12 99.95 97.06 91.90 90.43 95.86 95.60 98.26 101.59 110.31 118.47 129.48 140.41 136.30 129.26
34.80 35.92 37.94 35.59 37.39 36.10 40.65 40.26 41.30 46.62 44.34 44.74 44.49 42.25 44.33 43.28 42.76 41.53 43.19 43.44 41.36 45.31 44.09 44.17 48.69 51.00 59.93 63.91 72.41 79.03 82.20 89.20 89.39 88.12 90.57 89.41 88.67 85.92 84.86 86.16 85.18 88.13 84.92 81.96 80.12 81.77 82.82 87.13 89.01 91.49 97.41 99.87 106.04 102.77 96.87 91.87 88.18 88.80 90.26 96.88 99.66 103.95 106.85 96.37 92.88 96.75 94.49 95.58 98.51 105.05 112.85 120.71 135.72 137.83 132.62
36.77 37.25 42.18 38.91 38.18 35.06 37.61 39.56 41.50 43.41 45.75 46.55 45.32 44.21 43.43 45.11 43.83 40.98 41.39 44.90 38.38 39.67 38.94 39.70 44.51 45.68 55.87 63.96 68.32 72.82 77.98 88.53 91.10 91.82 93.09 91.68 90.21 87.96 87.64 89.30 88.82 91.55 88.26 86.44 83.61 85.58 87.44 91.85 93.07 95.31 99.25 107.04 110.20 100.81 100.04 94.59 89.81 85.98 88.29 94.22 98.67 102.67 108.84 102.19 94.55 95.82 94.13 94.46 97.46 102.09 110.15 115.73 134.17 140.61 139.15
38.56 39.32 43.58 40.34 36.96 34.68 35.74 40.21 42.52 42.11 43.99 44.10 44.41 44.00 44.19 47.30 44.97 43.59 41.37 42.94 40.73 37.16 36.94 39.25 41.86 41.78 51.62 60.15 63.76 66.98 75.77 85.74 92.32 94.54 96.61 94.71 93.08 93.60 94.44 95.32 94.68 93.71 92.28 89.29 88.35 89.73 90.35 92.34 94.79 98.68 102.97 113.16 111.63 104.46 100.97 99.30 95.59 88.10 89.13 92.11 96.73 97.48 104.29 103.45 94.79 96.65 96.60 97.39 100.62 103.79 108.11 114.54 129.95 136.33 141.66
35.49 38.31 39.38 39.62 37.37 36.36 36.23 41.37 41.84 40.35 39.57 42.01 44.26 43.94 46.66 47.37 46.38 44.47 42.01 42.85 44.67 41.13 39.97 40.64 41.68 40.93 47.62 53.47 59.18 64.30 72.14 81.31 89.86 96.97 98.97 95.42 94.31 99.63 99.17 100.75 97.12 97.13 96.48 93.10 92.08 90.70 93.35 94.21 97.80 103.39 108.90 112.26 111.78 106.72 102.44 98.85 97.81 92.21 91.94 93.47 93.71 94.95 99.97 101.17 97.13 99.80 100.58 99.19 100.70 105.40 109.70 113.07 116.94 124.81 138.54
33.81 34.94 34.19 37.83 38.29 38.93 38.93 39.53 39.16 40.54 40.44 40.45 41.97 44.79 47.19 48.29 48.01 45.61 42.48 43.65 45.15 42.49 41.65 40.10 39.05 40.58 44.02 48.87 53.97 63.68 68.78 76.61 81.53 94.76 96.76 92.53 92.73 98.98 101.56 102.78 98.31 98.67 95.20 94.77 94.52 94.42 97.06 98.00 101.34 107.77 109.89 110.21 109.73 106.64 103.71 96.28 97.36 97.67 94.39 94.36 94.26 97.57 101.32 102.68 101.59 103.70 107.42 103.68 99.53 103.45 108.80 111.63 113.21 118.38 127.64
33.94 32.56 32.30 33.24 36.43 41.88 41.94 42.77 40.06 40.11 41.24 39.31 40.43 42.60 46.18 46.50 49.77 45.62 42.75 42.94 45.09 44.07 41.76 38.50 36.32 39.05 40.10 45.68 49.68 56.39 63.15 71.39 74.53 81.43 83.18 85.53 89.74 94.79 98.91 97.59 96.48 98.62 92.50 93.88 96.50 98.26 99.63 101.07 106.53 109.56 107.67 106.54 106.05 105.56 102.94 101.03 98.19 100.63 97.26 96.33 96.50 98.37 103.63 106.70 104.51 105.00 114.14 110.20 102.45 101.80 105.24 108.98 111.54 113.04 117.16
34.46 34.65 31.68 31.10 35.48 41.33 40.41 43.12 39.87 38.22 39.22 39.93 39.35 39.04 43.56 45.15 49.33 44.48 45.90 42.87 44.47 45.12 44.96 42.23 40.89 42.11 39.62 45.47 48.48 49.88 55.55 61.70 66.82 68.62 72.60 78.02 84.39 87.81 92.40 91.67 95.08 97.74 95.24 94.53 98.64 99.65 101.05 103.64 106.98 106.22 104.04 102.18 101.52 104.02 103.13 105.48 101.97 102.25 102.61 100.03 98.38 100.58 104.59 108.77 107.70 106.45 114.85 114.81 110.59 106.50 103.50 105.65 108.44 111.69 114.71
35.81 35.62 34.90 32.53 34.19 37.00 39.38 42.15 41.17 38.91 40.04 41.60 39.43 39.91 39.49 41.75 44.64 43.46 46.02 44.10 42.75 44.87 43.77 44.66 42.05 45.61 43.95 45.44 46.91 49.23 51.41 53.41 58.69 62.29 69.61 73.30 78.67 81.19 85.57 88.32 93.00 94.46 96.53 95.19 100.51 100.19 102.66 106.12 101.65 99.49 99.36 100.61 101.07 101.92 101.90 105.50 107.61 107.34 108.33 104.09 101.90 103.15 104.92 108.51 109.52 109.07 111.96 117.84 120.28 118.42 111.87 110.42 110.73 113.33 114.25
