Instances/LagoDeMaracaibo/GMRTv3_3_20170611topo.asc
ncols 651
nrows 661
xllcorner -72.22412109375
yllcorner 9.925565912405494
cellsize 0.002197265625
nodata_value -2147483648
[rows 204 to 237 of 661, columns 300 to 374 of 651]
-2.44 -2.18 -2.01 -1.95 -1.96 -2.00 -2.01 -2.03 -2.07 -2.05 -1.94 -1.63 -1.19 -0.77 3.45 -0.43 -0.48 -0.61 -1.13 -1.14 -1.60 -2.01 -2.21 -2.08 -1.74 -1.33 -1.00 -0.83 -0.73 -0.56 -0.20 0.56 5.61 5.88 6.70 6.54 4.10 1.09 0.79 1.18 2.06 2.84 4.24 9.30 13.66 14.60 10.21 6.64 8.02 6.29 6.56 6.32 4.17 4.25 3.93 4.59 5.14 5.37 3.03 3.72 2.89 3.78 4.45 3.93 3.93 4.69 4.89 4.28 5.03 4.93 6.17 7.31 6.63 6.56 5.49
-2.32 -2.13 -2.00 -1.96 -1.96 -1.98 -2.00 -2.04 -2.10 -2.13 -2.07 -1.86 -1.54 -1.23 -1.42 -0.94 -0.93 -1.00 -1.14 -1.43 -1.84 -2.23 -2.46 -2.48 -2.37 -2.17 -1.94 -1.71 -1.44 -1.09 -0.61 0.20 0.86 1.85 6.37 5.46 0.91 0.10 -0.35 -0.07 0.63 1.61 2.71 4.12 9.10 14.94 11.69 11.78 9.92 8.28 8.71 7.26 5.38 5.41 3.96 4.70 3.81 3.81 5.09 3.53 3.26 3.96 6.60 4.72 4.04 4.27 5.30 5.04 4.66 5.00 7.45 7.81 7.55 8.22 7.19
-2.20 -2.08 -2.00 -1.96 -1.96 -1.98 -1.99 -2.03 -2.08 -2.12 -2.09 -1.98 -1.79 -1.61 -1.49 -1.43 -1.42 -1.45 -1.54 -1.73 -2.00 -2.26 -2.43 -2.47 -2.45 -2.36 -2.21 -2.02 -1.76 -1.44 -1.03 -0.38 0.46 1.17 1.09 0.74 0.21 -0.65 -1.06 -0.90 -0.42 0.34 1.34 2.76 4.28 8.83 9.34 11.95 8.97 11.34 10.47 9.12 6.03 5.71 4.28 3.93 4.36 4.36 6.25 5.19 4.48 4.40 5.78 5.14 3.64 4.75 6.16 5.36 4.25 5.00 7.43 6.64 5.89 7.39 6.76
-2.08 -2.03 -2.00 -1.98 -1.97 -1.98 -1.99 -2.01 -2.03 -2.05 -2.05 -2.02 -1.98 -1.93 -1.90 -1.90 -1.91 -1.93 -1.97 -2.03 -2.12 -2.20 -2.25 -2.28 -2.28 -2.26 -2.19 -2.07 -1.91 -1.71 -1.46 -1.07 -0.58 -0.17 0.01 -0.24 -0.76 -1.29 -1.54 -1.51 -1.32 -0.89 -0.14 1.08 2.70 4.12 6.79 9.24 8.87 10.52 10.90 10.49 6.30 5.18 5.33 3.96 4.73 4.73 3.74 4.61 4.34 4.34 2.66 3.08 3.27 3.93 5.31 5.77 5.12 5.00 5.90 5.58 5.70 5.51 5.24
-1.98 -1.99 -1.99 -1.98 -1.99 -1.99 -2.00 -1.99 -1.99 -1.99 -2.00 -2.04 -2.10 -2.16 -2.21 -2.25 -2.29 -2.31 -2.31 -2.27 -2.20 -2.12 -2.07 -2.07 -2.08 -2.10 -2.09 -2.04 -1.98 -1.91 -1.82 -1.68 -1.51 -1.36 -1.30 -1.39 -1.58 -1.78 -1.87 -1.94 -2.00 -1.88 -1.38 -0.42 0.91 2.44 3.92 5.36 5.95 11.12 12.52 9.04 7.35 6.62 6.71 4.23 3.79 3.74 4.27 4.30 3.18 3.22 3.41 4.49 4.12 4.05 3.86 4.51 4.54 4.95 5.59 4.83 4.37 4.83 3.81
-1.93 -1.97 -1.99 -1.99 -1.99 -2.00 -2.00 -1.99 -1.97 -1.96 -1.98 -2.06 -2.17 -2.28 -2.37 -2.43 -2.47 -2.49 -2.46 -2.37 -2.23 -2.08 -1.99 -1.97 -1.99 -2.03 -2.06 -2.06 -2.05 -2.04 -2.03 -2.03 -2.03 -2.04 -2.05 -2.06 -2.07 -2.08 -2.10 -2.21 -2.40 -2.44 -2.13 -1.40 -0.36 0.92 2.42 4.49 3.90 12.69 15.14 11.68 8.60 9.50 8.82 6.09 5.02 5.31 5.60 4.92 4.46 4.07 3.63 4.68 3.56 3.51 3.95 4.37 4.71 5.44 5.32 5.78 5.49 5.78 4.24
-1.92 -1.97 -1.99 -2.00 -2.00 -2.00 -2.00 -1.99 -1.97 -1.96 -1.99 -2.06 -2.16 -2.26 -2.34 -2.39 -2.42 -2.43 -2.40 -2.32 -2.19 -2.06 -1.97 -1.96 -1.99 -2.03 -2.06 -2.07 -2.07 -2.08 -2.09 -2.13 -2.18 -2.22 -2.25 -2.24 -2.21 -2.17 -2.17 -2.27 -2.46 -2.54 -2.34 -1.86 -1.18 -0.25 0.98 2.80 5.40 8.90 12.07 14.19 12.31 13.98 10.70 9.24 8.13 10.08 9.05 6.03 5.02 3.95 3.34 3.93 3.34 3.76 4.47 4.60 6.09 5.50 5.91 6.93 8.33 7.14 6.26
-1.95 -1.98 -2.00 -2.00 -2.00 -2.00 -2.00 -1.99 -1.98 -1.98 -1.99 -2.03 -2.09 -2.16 -2.20 -2.23 -2.25 -2.25 -2.24 -2.19 -2.11 -2.03 -1.98 -1.97 -1.99 -2.02 -2.04 -2.04 -2.05 -2.05 -2.07 -2.09 -2.13 -2.17 -2.18 -2.17 -2.15 -2.12 -2.11 -2.18 -2.29 -2.35 -2.25 -2.05 -1.76 -1.26 -0.40 1.03 2.89 4.63 7.09 10.33 14.80 16.06 14.43 12.84 12.71 15.52 13.54 9.84 5.38 4.38 4.01 3.94 4.12 5.03 4.24 3.98 6.27 6.18 7.20 8.80 7.56 7.11 8.75
-1.98 -1.99 -2.00 -2.00 -2.00 -2.00 -2.00 -2.00 -1.99 -1.99 -2.00 -2.01 -2.03 -2.05 -2.06 -2.07 -2.08 -2.08 -2.08 -2.06 -2.03 -2.01 -1.99 -1.99 -1.99 -2.00 -2.01 -2.01 -2.01 -2.02 -2.02 -2.04 -2.05 -2.06 -2.07 -2.07 -2.05 -2.04 -2.04 -2.07 -2.11 -2.14 -2.11 -2.13 -2.16 -2.02 -1.50 -0.47 0.92 2.52 4.04 5.64 10.29 13.34 16.79 16.41 17.72 18.62 16.00 13.07 6.41 5.58 4.46 4.46 3.31 5.57 6.97 8.45 8.56 8.54 10.17 10.75 6.99 6.08 8.21
-1.99 -2.00 -2.00 -2.00 -2.00 -2.00 -2.00 -2.00 -2.00 -2.00 -2.00 -2.00 -2.00 -2.00 -2.00 -2.00 -2.00 -2.00 -2.00 -2.00 -2.00 -2.00 -2.00 -1.99 -1.99 -2.00 -2.00 -2.00 -2.00 -2.01 -2.01 -2.02 -2.03 -2.04 -2.04 -2.04 -2.02 -2.01 -2.01 -2.02 -2.03 -2.05 -2.07 -2.19 -2.38 -2.43 -2.13 -1.42 -0.40 0.85 2.29 4.07 5.89 8.99 11.99 15.58 14.88 15.47 18.15 15.15 7.91 5.34 4.82 4.82 4.38 10.08 13.26 11.01 9.17 9.91 10.47 10.48 6.52 4.81 6.39
-1.99 -2.00 -2.00 -2.00 -2.00 -2.00 -2.00 -2.00 -2.00 -2.00 -2.00 -2.00 -1.99 -1.99 -1.99 -1.99 -1.98 -1.98 -1.98 -1.98 -1.99 -1.99 -2.00 -2.00 -2.00 -1.99 -2.00 -2.00 -2.00 -2.01 -2.01 -2.02 -2.03 -2.04 -2.04 -2.04 -2.03 -2.01 -2.01 -2.01 -2.02 -2.04 -2.06 -2.18 -2.36 -2.45 -2.28 -1.83 -1.17 -0.31 0.74 2.08 3.67 5.23 6.63 9.86 9.75 13.82 18.75 15.43 9.69 6.45 6.51 6.58 11.60 12.80 10.53 8.75 8.38 12.20 11.45 10.62 5.94 5.50 5.94
-2.00 -2.00 -2.00 -2.00 -2.00 -2.00 -2.00 -2.00 -2.00 -2.00 -2.00 -2.00 -2.00 -1.99 -1.99 -1.99 -1.99 -1.99 -1.99 -1.99 -1.99 -2.00 -2.00 -2.00 -2.00 -2.00 -2.00 -2.00 -2.00 -2.00 -2.01 -2.01 -2.02 -2.02 -2.02 -2.02 -2.01 -2.01 -2.01 -2.01 -2.01 -2.02 -2.03 -2.09 -2.18 -2.23 -2.14 -1.94 -1.64 -1.22 -0.65 0.04 0.84 1.84 3.10 4.78 7.39 14.52 17.42 17.17 15.20 13.85 13.72 13.52 13.12 13.01 12.85 9.53 8.86 12.85 13.44 9.48 6.00 6.06 6.00
-2.00 -2.00 -2.00 -2.00 -2.00 -2.00 -2.00 -2.00 -2.00 -2.00 -2.00 -2.00 -2.00 -2.00 -2.00 -2.00 -2.00 -1.99 -1.99 -2.00 -2.00 -2.00 -2.00 -2.00 -2.00 -2.00 -2.00 -2.00 -2.00 -2.00 -2.00 -2.00 -2.00 -2.00 -2.01 -2.00 -2.00 -2.00 -2.00 -2.00 -2.00 -2.01 -2.01 -2.01 -2.03 -2.03 -2.01 -1.99 -1.97 -1.91 -1.74 -1.60 -1.48 -1.09 -0.15 1.79 4.44 9.19 11.53 12.81 15.50 14.50 15.75 11.57 7.41 8.55 18.92 10.19 10.52 9.47 10.87 8.53 5.93 6.00 5.87
-2.00 -2.00 -2.00 -2.00 -2.00 -2.00 -2.00 -2.00 -2.00 -2.00 -2.00 -2.00 -2.00 -2.00 -2.00 -2.00 -2.00 -2.00 -2.00 -2.00 -2.00 -2.00 -2.00 -2.00 -2.00 -2.00 -2.00 -2.00 -2.00 -2.00 -2.00 -2.00 -2.00 -2.00 -2.00 -2.00 -2.00 -2.00 -2.00 -2.00 -2.00 -2.00 -2.00 -1.99 -1.99 -1.99 -2.02 -2.11 -2.23 -2.33 -2.37 -2.51 -2.71 -2.64 -1.96 -0.23 2.25 4.47 6.08 6.47 8.47 7.93 8.72 5.59 4.81 3.75 20.77 8.85 13.31 10.14 8.35 6.94 6.71 6.00 7.15
-2.00 -2.00 -2.00 -2.00 -2.00 -2.00 -2.00 -2.00 -2.00 -2.00 -2.00 -2.00 -2.00 -2.00 -2.00 -2.00 -2.00 -2.00 -2.00 -2.00 -2.00 -2.00 -2.00 -2.00 -2.00 -2.00 -2.00 -2.00 -2.00 -2.00 -2.00 -2.00 -2.00 -2.00 -2.00 -2.00 -2.00 -2.00 -2.00 -2.00 -1.99 -1.99 -2.00 -2.01 -2.02 -2.05 -2.11 -2.20 -2.32 -2.44 -2.54 -2.73 -2.99 -3.04 -2.63 -1.42 0.36 2.15 3.42 3.99 3.93 3.89 3.65 3.67 3.25 2.89 22.93 7.90 14.10 11.68 6.83 4.63 5.86 6.00 8.10
-2.00 -2.00 -2.00 -2.00 -2.00 -2.00 -2.00 -2.00 -2.00 -2.00 -2.00 -2.00 -2.00 -2.00 -2.00 -2.00 -2.00 -2.00 -2.00 -2.00 -2.00 -2.00 -2.00 -2.00 -2.00 -2.00 -2.00 -2.00 -2.00 -2.00 -2.00 -2.00 -2.00 -2.00 -2.00 -2.00 -2.00 -2.00 -2.00 -1.99 -1.99 -1.98 -2.00 -2.04 -2.09 -2.15 -2.21 -2.26 -2.31 -2.37 -2.43 -2.57 -2.77 -2.87 -2.72 -2.15 -1.30 -0.42 0.23 0.54 0.65 0.71 0.85 1.03 1.21 1.48 15.41 8.00 13.93 10.26 5.21 4.45 4.69 5.86 8.14
-2.00 -2.00 -2.00 -2.00 -2.00 -2.00 -2.00 -2.00 -2.00 -2.00 -2.00 -2.00 -2.00 -2.00 -2.00 -2.00 -2.00 -2.00 -2.00 -2.00 -2.00 -2.00 -2.00 -2.00 -2.00 -2.00 -2.00 -2.00 -2.00 -2.00 -2.00 -2.00 -2.00 -2.00 -2.00 -2.00 -2.00 -2.00 -2.00 -1.99 -1.98 -1.98 -2.00 -2.08 -2.18 -2.28 -2.35 -2.37 -2.36 -2.34 -2.35 -2.41 -2.51 -2.58 -2.60 -2.53 -2.41 -2.27 -2.12 -2.03 -1.96 -1.81 -1.50 -0.96 -0.26 0.15 8.36 7.78 14.86 10.74 5.60 5.69 6.92 7.28 6.72
-2.00 -2.00 -2.00 -2.00 -2.00 -2.00 -2.00 -2.00 -2.00 -2.00 -2.00 -2.00 -2.00 -2.00 -2.00 -2.00 -2.00 -2.00 -2.00 -2.00 -2.00 -2.00 -2.00 -2.00 -2.00 -2.00 -2.00 -2.00 -2.00 -2.00 -2.00 -2.00 -2.00 -2.00 -2.00 -2.00 -2.00 -2.00 -2.00 -1.99 -1.97 -1.96 -2.01 -2.13 -2.30 -2.47 -2.57 -2.59 -2.55 -2.49 -2.45 -2.44 -2.43 -2.44 -2.48 -2.59 -2.75 -2.89 -2.94 -2.92 -2.86 -2.67 -2.25 -1.51 -1.42 3.79 9.57 9.99 13.20 9.94 6.12 5.97 8.20 8.23 5.84
-2.00 -2.00 -2.00 -2.00 -2.00 -2.00 -2.00 -2.00 -2.00 -2.00 -2.00 -2.00 -2.00 -2.00 -2.00 -2.00 -2.00 -2.00 -2.00 -2.00 -2.00 -2.00 -2.00 -2.00 -2.00 -2.00 -2.00 -2.00 -2.00 -2.00 -2.00 -2.00 -2.00 -2.00 -2.00 -2.00 -2.00 -1.99 -1.99 -1.98 -1.95 -1.95 -2.01 -2.19 -2.46 -2.71 -2.87 -2.90 -2.85 -2.75 -2.66 -2.55 -2.42 -2.30 -2.23 -2.27 -2.36 -2.45 -2.45 -4.91 -3.44 -2.94 -2.33 -1.26 9.18 8.74 14.01 11.41 10.88 6.94 5.24 6.76 7.39 6.70 6.68
-2.00 -2.00 -2.00 -2.00 -2.00 -2.00 -2.00 -2.00 -2.00 -2.00 -2.00 -2.00 -2.00 -2.00 -2.00 -2.00 -2.00 -2.00 -2.00 -2.00 -2.00 -2.00 -2.00 -2.00 -2.00 -2.00 -2.00 -2.00 -2.00 -2.00 -2.00 -2.00 -2.00 -2.00 -2.00 -2.00 -2.00 -1.99 -1.99 -1.97 -1.93 -1.93 -2.01 -2.26 -2.63 -2.98 -3.20 -3.24 -3.18 -3.04 -2.87 -2.64 -2.33 -2.02 -1.77 -1.61 -1.50 -1.40 -2.29 24.22 8.96 6.63 5.28 3.90 9.73 12.27 14.18 8.25 6.40 5.11 5.60 6.33 6.18 5.07 7.04
-2.00 -2.00 -2.00 -2.00 -2.00 -2.00 -2.00 -2.00 -2.00 -2.00 -2.00 -2.00 -2.00 -2.00 -2.00 -2.00 -2.00 -2.00 -2.00 -2.00 -2.00 -2.00 -2.00 -2.00 -2.00 -2.00 -2.00 -2.00 -2.00 -2.00 -2.00 -2.00 -2.00 -2.00 -2.00 -2.00 -1.99 -1.99 -1.99 -1.96 -1.91 -1.91 -2.02 -2.33 -2.79 -3.23 -3.50 -3.55 -3.48 -3.31 -3.05 -2.64 -2.11 -1.56 -1.10 -0.76 -0.48 -0.24 10.36 19.85 18.84 9.74 8.32 8.40 9.94 13.47 8.57 6.14 4.76 5.55 6.69 5.89 6.62 6.20 7.00
-2.00 -2.00 -2.00 -2.00 -2.00 -2.00 -2.00 -2.00 -2.00 -2.00 -2.00 -2.00 -2.00 -2.00 -2.00 -2.00 -2.00 -2.00 -2.00 -2.00 -2.00 -2.00 -2.00 -2.00 -2.00 -2.00 -2.00 -2.00 -2.00 -2.00 -2.00 -2.00 -2.00 -2.00 -2.00 -2.00 -1.99 -1.99 -1.99 -1.96 -1.90 -1.89 -2.02 -2.38 -2.90 -3.41 -3.71 -3.79 -3.73 -3.51 -3.14 -2.49 -1.62 -0.72 -0.01 0.47 0.68 0.22 10.35 10.14 12.42 8.07 7.93 9.09 12.21 9.33 6.96 6.04 5.75 7.60 7.78 6.75 7.78 9.45 6.93
-2.00 -2.00 -2.00 -2.00 -2.00 -2.00 -2.00 -2.00 -2.00 -2.00 -2.00 -2.00 -2.00 -2.00 -2.00 -2.00 -2.00 -2.00 -2.00 -2.00 -2.00 -2.00 -2.00 -2.00 -2.00 -2.00 -2.00 -2.00 -2.00 -2.00 -2.00 -2.00 -2.00 -2.00 -2.00 -2.00 -1.99 -1.99 -1.99 -1.95 -1.89 -1.88 -2.02 -2.42 -2.99 -3.55 -3.87 -3.97 -3.92 -3.68 -3.16 -2.19 -0.86 0.49 1.19 1.44 3.31 11.92 13.14 10.21 10.11 9.87 9.06 9.22 8.26 7.17 5.54 5.16 5.96 7.21 8.10 7.10 8.03 8.33 7.77
-2.00 -2.00 -2.00 -2.00 -2.00 -2.00 -2.00 -2.00 -2.00 -2.00 -2.00 -2.00 -2.00 -2.00 -2.00 -2.00 -2.00 -2.00 -2.00 -2.00 -2.00 -2.00 -2.00 -2.00 -2.00 -2.00 -2.00 -2.00 -2.00 -2.00 -2.00 -2.00 -2.00 -2.00 -2.00 -2.00 -1.99 -1.99 -1.99 -1.95 -1.88 -1.88 -2.02 -2.45 -3.07 -3.67 -4.01 -4.13 -4.11 -3.83 -3.17 -1.86 -0.05 1.77 6.55 11.42 14.55 15.83 9.61 6.92 6.06 6.18 5.87 6.71 6.02 6.19 4.09 5.83 6.86 7.83 7.14 5.93 7.79 10.39 8.17
-2.00 -2.00 -2.00 -2.00 -2.00 -2.00 -2.00 -2.00 -2.00 -2.00 -2.00 -2.00 -2.00 -2.00 -2.00 -2.00 -2.00 -2.00 -2.00 -2.00 -2.00 -2.00 -2.00 -2.00 -2.00 -2.00 -2.00 -2.00 -2.00 -2.00 -2.00 -2.00 -2.00 -2.00 -2.00 -2.00 -1.99 -1.99 -1.99 -1.94 -1.87 -1.87 -2.02 -2.48 -3.16 -3.80 -4.16 -4.30 -4.29 -3.98 -3.21 -1.64 0.55 2.73 10.62 16.81 17.61 9.55 5.45 5.04 4.75 3.88 4.91 5.13 6.86 5.98 4.72 5.08 6.28 7.14 7.79 9.35 10.56 10.47 6.52
-2.00 -2.00 -2.00 -2.00 -2.00 -2.00 -2.00 -2.00 -2.00 -2.00 -2.00 -2.00 -2.00 -2.00 -2.00 -2.00 -2.00 -2.00 -2.00 -2.00 -2.00 -2.00 -2.00 -2.00 -2.00 -2.00 -2.00 -2.00 -2.00 -2.00 -2.00 -2.00 -2.00 -2.00 -2.00 -2.00 -1.99 -1.99 -1.99 -1.94 -1.86 -1.85 -2.03 -2.53 -3.27 -3.98 -4.38 -4.53 -4.51 -4.17 -3.34 -1.62 0.79 3.15 10.43 15.74 13.34 5.45 4.88 5.74 6.72 6.46 5.00 4.91 6.19 5.87 5.78 6.70 5.02 7.87 7.95 8.49 9.47 7.57 4.24
-2.00 -2.00 -2.00 -2.00 -2.00 -2.00 -2.00 -2.00 -2.00 -2.00 -2.00 -2.00 -2.00 -2.00 -2.00 -2.00 -2.00 -2.00 -2.00 -2.00 -2.00 -2.00 -2.00 -2.00 -2.00 -2.00 -2.00 -2.00 -2.00 -2.00 -2.00 -2.00 -2.00 -2.00 -2.00 -2.00 -1.99 -1.98 -1.98 -1.93 -1.84 -1.84 -2.03 -2.59 -3.42 -4.20 -4.66 -4.80 -4.77 -4.40 -3.53 -1.74 0.77 3.05 7.45 11.06 6.07 4.11 5.85 6.86 6.19 7.05 4.87 5.72 5.92 7.69 6.73 6.12 6.61 7.24 8.91 6.93 8.06 6.17 4.75
-2.00 -2.00 -2.00 -2.00 -2.00 -2.00 -2.00 -2.00 -2.00 -2.00 -2.00 -2.00 -2.00 -2.00 -2.00 -2.00 -2.00 -2.00 -2.00 -2.00 -2.00 -2.00 -2.00 -2.00 -2.00 -2.00 -2.00 -2.00 -2.00 -2.00 -2.00 -2.00 -2.00 -2.00 -2.00 -2.00 -1.99 -1.98 -1.98 -1.92 -1.83 -1.82 -2.03 -2.64 -3.54 -4.40 -4.90 -5.05 -5.00 -4.60 -3.73 -1.91 0.63 4.88 7.08 5.62 4.04 3.99 6.01 7.08 5.99 7.00 6.73 7.68 6.74 8.03 8.74 6.85 8.01 6.00 8.21 9.76 8.97 5.12 5.82
-2.00 -2.00 -2.00 -2.00 -2.00 -2.00 -2.00 -2.00 -2.00 -2.00 -2.00 -2.00 -2.00 -2.00 -2.00 -2.00 -2.00 -2.00 -2.00 -2.00 -2.00 -2.00 -2.00 -2.00 -2.00 -2.00 -2.00 -2.00 -2.00 -2.00 -2.00 -2.00 -2.00 -2.00 -2.00 -2.00 -1.99 -1.98 -1.98 -1.92 -1.82 -1.81 -2.03 -2.67 -3.60 -4.49 -5.02 -5.18 -5.12 -4.73 -3.87 -2.05 0.50 3.12 5.12 4.94 4.05 4.00 6.06 6.12 6.06 7.12 7.08 9.08 8.89 8.12 9.14 7.07 6.14 7.63 7.05 7.40 7.25 4.99 6.95
-2.00 -2.00 -2.00 -2.00 -2.00 -2.00 -2.00 -2.00 -2.00 -2.00 -2.00 -2.00 -2.00 -2.00 -2.00 -2.00 -2.00 -2.00 -2.00 -2.00 -2.00 -2.00 -2.00 -2.00 -2.00 -2.00 -2.00 -2.00 -2.00 -2.00 -2.00 -2.00 -2.00 -2.00 -2.00 -2.00 -1.99 -1.98 -1.98 -1.92 -1.82 -1.82 -2.03 -2.65 -3.55 -4.43 -4.94 -5.12 -5.09 -4.73 -3.90 -2.10 0.44 2.76 6.72 4.95 2.94 4.00 5.16 6.04 5.05 5.21 6.10 6.32 7.28 6.21 7.32 6.16 7.77 9.92 7.94 6.86 6.93 4.89 6.17
-2.00 -2.00 -2.00 -2.00 -2.00 -2.00 -2.00 -2.00 -2.00 -2.00 -2.00 -2.00 -2.00 -2.00 -2.00 -2.00 -2.00 -2.00 -2.00 -2.00 -2.00 -2.00 -2.00 -2.00 -2.00 -2.00 -2.00 -2.00 -2.00 -2.00 -2.00 -2.00 -2.00 -2.00 -2.00 -2.00 -1.99 -1.98 -1.98 -1.93 -1.84 -1.83 -2.03 -2.60 -3.43 -4.24 -4.72 -4.92 -4.94 -4.64 -3.85 -2.10 0.39 2.71 8.13 5.91 5.58 3.95 4.03 5.09 5.90 4.99 5.99 5.98 6.07 5.99 5.16 5.03 8.01 8.19 7.05 8.92 8.01 6.87 5.08
-2.00 -2.00 -2.00 -2.00 -2.00 -2.00 -2.00 -2.00 -2.00 -2.00 -2.00 -2.00 -2.00 -2.00 -2.00 -2.00 -2.00 -2.00 -2.00 -2.00 -2.00 -2.00 -2.00 -2.00 -2.00 -2.00 -2.00 -2.00 -2.00 -2.00 -2.00 -2.00 -2.00 -2.00 -2.00 -2.00 -1.99 -1.99 -1.99 -1.94 -1.85 -1.85 -2.02 -2.53 -3.27 -3.99 -4.43 -4.65 -4.73 -4.50 -3.78 -2.10 0.30 2.57 4.13 5.92 8.80 4.93 4.92 4.99 6.01 4.96 6.00 6.00 5.99 5.91 4.90 5.88 8.04 7.99 7.97 7.25 6.11 6.08 4.99
-2.00 -2.00 -2.00 -2.00 -2.00 -2.00 -2.00 -2.00 -2.00 -2.00 -2.00 -2.00 -2.00 -2.00 -2.00 -2.00 -2.00 -2.00 -2.00 -2.00 -2.00 -2.00 -2.00 -2.00 -2.00 -2.00 -2.00 -2.00 -2.00 -2.00 -2.00 -2.00 -2.00 -2.00 -2.00 -2.00 -1.99 -1.99 -1.99 -1.94 -1.87 -1.86 -2.02 -2.47 -3.12 -3.76 -4.17 -4.40 -4.54 -4.39 -3.74 -2.16 0.10 2.26 3.53 7.84 8.97 4.77 4.97 4.96 6.04 5.90 6.04 6.00 5.96 7.92 6.88 6.98 7.14 8.08 7.10 5.07 6.97 6.03 5.00
-2.00 -2.00 -2.00 -2.00 -2.00 -2.00 -2.00 -2.00 -2.00 -2.00 -2.00 -2.00 -2.00 -2.00 -2.00 -2.00 -2.00 -2.00 -2.00 -2.00 -2.00 -2.00 -2.00 -2.00 -2.00 -2.00 -2.00 -2.00 -2.00 -2.00 -2.00 -2.00 -2.00 -2.00 -2.00 -2.00 -1.99 -1.99 -1.99 -1.95 -1.88 -1.88 -2.02 -2.41 -2.99 -3.56 -3.94 -4.19 -4.39 -4.31 -3.75 -2.33 -0.27 1.74 3.03 8.86 10.02 10.69 5.92 5.95 5.01 6.96 5.01 6.00 6.99 7.08 7.01 6.05 5.06 6.12 6.04 5.95 6.05 5.05 4.97
