Instances/LagoDeMaracaibo/GMRTv3_3_20170611topo.asc
ncols 651
nrows 661
xllcorner -72.22412109375
yllcorner 9.925565912405494
cellsize 0.002197265625
nodata_value -2147483648
[rows 408 to 441 of 661, columns 525 to 599 of 651]
134.96 130.79 126.66 129.95 135.07 137.91 142.78 148.87 153.88 157.96 164.61 163.57 163.82 159.28 150.13 144.97 149.83 143.15 133.05 132.56 141.54 148.62 160.43 155.39 144.45 150.90 138.03 141.46 159.24 146.33 137.37 145.07 164.52 169.50 163.19 168.44 166.72 176.26 177.08 178.30 182.33 183.87 189.54 211.29 215.12 182.41 184.96 189.98 196.00 196.61 200.33 205.85 213.52 219.71 236.47 240.38 254.48 250.10 242.00 260.18 269.83 279.95 306.36 315.64 333.57 352.03 348.07 302.61 261.16 268.03 290.29 295.51 306.86 329.98 346.41
130.24 132.95 135.68 132.76 132.88 136.94 145.87 151.94 154.03 158.05 169.91 167.83 161.05 155.04 153.68 147.71 148.11 139.16 133.92 142.70 149.94 154.04 166.36 158.07 152.78 150.12 138.81 146.69 160.95 157.27 149.31 143.96 145.54 147.70 157.42 157.40 158.30 185.24 193.06 193.76 196.77 214.18 217.28 222.82 220.91 200.13 203.08 206.07 213.28 207.37 204.10 209.13 203.04 213.15 225.94 233.74 234.33 230.07 242.81 274.23 297.90 292.44 298.64 325.91 344.77 321.79 323.94 310.56 274.42 287.36 312.77 309.91 311.03 329.34 345.66
126.05 133.00 139.01 139.85 140.82 140.91 148.04 151.17 153.11 156.05 168.04 170.96 162.92 157.84 162.87 156.96 146.05 137.05 135.95 144.03 143.13 146.21 144.26 153.00 153.05 146.01 145.68 154.64 162.92 176.60 165.54 146.85 144.73 143.77 145.84 152.94 153.87 165.30 172.52 186.44 190.22 214.19 214.36 215.49 217.20 216.42 222.32 228.28 224.63 221.63 237.23 240.29 210.76 212.95 240.45 252.14 244.38 249.26 249.52 248.35 269.66 301.03 323.79 320.79 301.28 282.97 273.13 279.79 284.89 293.10 298.49 299.07 306.80 318.01 319.53
127.01 133.03 135.02 142.00 143.03 142.06 143.08 141.11 147.03 154.99 168.08 170.03 165.93 164.92 161.03 149.04 144.99 135.95 136.91 140.93 142.94 141.99 152.96 159.07 150.06 149.99 158.95 168.94 165.97 181.01 177.88 152.93 161.85 161.77 168.72 160.80 166.83 168.86 162.96 167.12 184.12 204.21 196.22 193.21 209.07 236.86 245.78 250.68 236.78 229.88 249.87 251.00 217.01 215.94 258.79 286.68 271.71 273.68 272.59 255.66 260.88 290.11 308.40 276.54 268.37 262.23 256.15 264.04 281.03 281.17 284.14 308.00 325.01 330.03 315.20
125.00 129.00 137.00 140.00 136.99 132.99 137.99 138.00 150.00 158.00 157.99 167.00 172.00 168.00 159.00 152.00 147.00 144.01 148.01 153.01 151.00 148.00 148.00 142.99 144.99 147.00 150.99 161.99 167.00 175.99 180.99 156.01 163.01 173.01 180.01 178.02 175.01 183.01 178.02 172.01 175.00 186.99 187.00 189.00 208.00 233.99 249.99 270.01 253.02 237.01 254.00 240.99 209.00 221.00 266.99 291.98 280.99 290.00 302.02 291.03 285.01 286.98 272.96 252.98 253.99 252.99 253.00 275.01 282.00 271.99 281.00 297.98 303.98 312.99 292.99
131.12 125.99 130.90 134.91 132.93 132.97 131.92 136.98 147.95 150.85 156.94 166.92 167.87 171.95 163.06 155.05 150.12 149.09 159.10 160.06 151.03 147.99 147.02 142.06 141.00 141.97 144.94 149.89 158.87 168.89 168.94 170.21 173.09 176.98 179.96 187.06 186.27 188.14 194.14 185.18 182.18 187.09 192.08 194.18 213.05 217.74 232.79 264.91 271.09 253.38 258.15 241.12 214.08 218.94 241.67 251.55 260.70 279.61 302.58 298.68 273.63 256.49 246.68 245.92 250.94 252.95 255.94 278.81 282.81 270.93 279.89 277.72 294.82 314.86 297.00
138.19 128.16 125.95 129.96 128.97 129.95 128.97 135.91 143.76 141.89 151.93 157.62 157.62 162.62 164.92 158.21 160.36 154.23 159.02 160.27 154.31 147.03 150.10 149.27 145.25 144.20 144.06 149.00 152.86 163.78 173.93 178.96 172.88 170.88 175.92 184.78 203.89 197.94 193.81 192.06 194.20 196.17 196.12 208.17 212.73 204.87 225.72 259.46 263.94 278.68 270.65 254.25 218.16 214.91 229.65 240.54 247.40 247.21 256.75 256.77 244.29 230.51 236.70 243.85 246.84 247.76 246.75 254.46 261.42 263.77 268.72 266.70 283.45 297.28 292.43
142.15 135.52 128.30 132.04 131.07 130.05 130.01 131.94 134.67 143.93 151.58 145.53 146.88 150.77 158.52 165.77 170.16 162.40 160.20 174.38 168.56 150.48 153.24 157.33 155.50 153.45 148.25 150.02 151.04 156.77 165.57 168.59 166.92 170.07 174.92 174.62 182.19 185.49 183.50 188.57 193.73 197.06 199.23 204.83 198.65 208.80 216.28 234.94 265.42 290.46 293.33 256.18 223.30 214.08 221.62 225.41 227.39 233.38 230.16 228.31 232.79 228.22 229.98 237.92 241.92 239.90 242.24 248.32 250.07 258.00 263.93 261.06 264.95 274.40 266.32
144.25 147.47 137.64 132.12 132.11 132.44 130.41 132.97 130.99 139.91 137.53 140.11 152.66 153.50 148.02 151.59 166.40 169.01 166.43 176.14 176.37 164.54 159.36 162.29 164.30 161.12 153.01 150.14 154.07 155.01 157.87 162.86 168.98 172.93 172.69 169.64 171.37 177.47 174.70 176.57 184.66 197.93 203.68 200.27 197.81 198.53 199.39 218.09 242.39 260.22 283.83 261.62 230.94 218.70 216.17 217.91 222.67 223.52 223.86 229.40 236.60 238.48 235.22 239.97 242.94 243.09 254.40 264.37 262.67 263.41 266.40 268.55 278.36 273.14 265.39
149.50 150.30 146.21 135.25 134.22 141.22 140.54 132.46 134.34 141.29 137.18 147.19 164.19 164.68 157.88 153.76 155.04 163.55 172.19 178.21 178.95 167.08 164.74 166.71 165.24 157.78 150.26 154.73 154.41 157.46 161.35 164.03 166.80 168.62 166.95 164.96 165.03 170.75 173.79 174.71 182.61 194.21 191.04 185.29 193.78 195.13 198.36 210.49 222.29 239.41 260.70 271.94 248.89 234.55 225.88 222.50 219.17 220.26 226.44 239.77 250.12 243.86 237.38 238.01 241.06 242.92 254.93 260.48 268.79 268.97 274.10 275.98 276.58 278.46 278.44
155.18 154.56 144.09 138.38 137.29 138.73 142.77 143.17 139.83 146.42 143.03 146.04 158.22 168.85 169.15 168.03 164.64 158.86 170.38 179.52 175.74 167.57 175.96 177.79 169.29 155.97 157.30 165.50 162.69 165.94 166.51 163.93 165.20 165.16 170.02 168.51 171.94 173.06 170.98 170.87 176.80 181.33 181.52 183.16 193.42 200.08 208.18 227.36 244.56 246.44 252.52 262.06 251.49 252.72 236.96 229.61 225.43 228.87 233.27 245.59 261.25 256.86 243.39 240.61 244.65 242.39 252.81 252.44 259.28 263.44 269.27 269.45 269.87 283.00 296.89
153.96 160.31 147.51 142.33 140.70 137.81 138.07 152.96 149.98 153.11 158.35 148.93 151.42 164.28 177.94 174.51 168.15 160.01 161.21 170.11 173.96 176.98 183.76 182.29 171.18 159.34 158.69 166.26 168.83 176.31 173.87 167.22 173.14 172.52 169.45 176.64 183.04 189.37 175.59 172.44 178.23 179.93 180.88 188.95 202.53 199.92 221.44 240.23 257.22 267.36 252.45 255.07 243.70 253.00 244.77 234.37 228.35 236.11 233.39 236.13 256.42 261.30 246.96 248.35 254.64 251.85 252.49 250.32 254.93 259.00 262.25 266.35 273.82 279.83 296.27
156.05 161.67 152.61 144.23 147.27 150.27 144.31 147.53 156.71 176.60 179.88 160.00 161.35 169.56 170.09 175.72 168.44 160.51 158.59 164.68 173.18 181.10 186.14 181.12 171.91 177.63 173.16 171.93 177.74 187.06 193.03 195.40 196.95 188.08 176.98 193.35 189.82 196.64 194.84 179.49 181.83 181.80 182.06 199.63 217.34 213.65 229.85 260.25 277.36 284.13 262.70 266.33 264.46 266.14 249.11 236.26 231.58 233.22 238.39 247.34 256.12 264.37 258.23 248.27 268.47 272.70 261.76 258.65 259.15 264.43 270.56 273.76 282.95 282.59 288.28
169.33 168.91 156.44 146.75 148.13 158.61 163.44 163.30 164.78 181.24 185.99 166.63 162.87 165.83 166.66 171.71 173.47 166.84 168.06 165.17 164.10 168.04 173.59 170.65 169.20 190.60 204.01 186.07 188.02 190.57 191.66 200.61 203.57 195.01 188.42 199.36 194.30 197.43 202.09 192.10 192.66 191.76 194.54 210.71 219.86 221.92 222.80 256.75 274.54 280.16 282.44 295.57 299.73 272.44 250.75 240.62 236.65 237.17 240.71 266.04 281.34 278.13 266.40 253.61 262.64 286.75 278.78 276.59 274.53 278.75 272.43 276.75 287.01 299.79 298.90
182.36 171.05 157.84 154.62 159.06 168.93 204.32 200.54 194.19 194.37 186.38 184.61 185.57 192.14 180.46 175.00 177.45 173.75 174.34 167.64 162.77 167.19 167.42 165.06 164.01 167.90 174.14 168.95 173.52 189.72 191.21 184.49 206.41 218.30 213.70 209.16 195.87 191.71 197.17 195.73 213.59 203.10 201.13 209.14 207.12 215.24 222.89 233.95 248.11 253.20 264.78 291.10 290.63 281.17 270.54 257.01 243.29 237.44 246.73 263.23 288.71 284.59 277.00 265.91 254.08 275.39 295.99 302.18 300.99 288.68 277.55 273.12 283.07 304.35 310.98
175.55 163.20 161.00 168.59 167.77 169.42 201.79 220.21 226.17 216.65 212.34 219.17 216.78 225.62 209.50 195.46 193.57 190.71 183.98 173.33 170.91 170.80 167.43 169.47 169.65 166.72 173.37 175.07 186.39 219.98 204.24 189.27 212.52 211.47 210.70 214.11 205.74 198.83 197.45 201.73 222.65 207.04 202.16 207.22 211.52 215.45 217.53 224.88 232.56 247.68 263.74 281.23 272.10 278.36 288.28 271.74 260.16 244.17 254.04 259.64 288.39 300.35 288.54 268.05 260.99 273.01 295.72 307.32 309.34 299.29 288.12 278.71 277.57 292.33 307.52
168.71 170.44 185.06 193.58 197.05 169.69 177.73 200.52 216.35 226.33 239.31 243.07 235.41 243.29 235.16 216.68 220.57 216.63 192.33 181.59 175.77 176.24 172.00 171.70 180.90 183.93 203.11 204.32 228.02 250.06 219.37 191.41 197.54 195.72 200.36 214.79 217.50 222.91 215.58 210.12 221.95 218.09 222.41 229.18 234.13 230.51 232.57 239.36 240.59 256.77 260.38 265.08 263.75 282.84 284.12 269.23 269.19 260.51 273.13 269.52 283.56 293.06 294.09 277.63 268.64 262.32 270.80 281.85 302.34 309.91 292.64 292.23 281.03 278.12 290.11
171.83 173.98 194.74 212.89 216.40 190.68 181.13 194.89 218.23 238.59 245.47 234.33 214.50 224.62 212.95 213.62 225.79 216.25 189.54 187.30 185.02 181.40 176.51 175.71 190.96 198.72 221.55 240.14 254.59 255.28 237.76 197.48 193.37 193.46 193.48 196.96 203.80 215.86 212.71 209.88 228.03 239.06 238.30 243.68 251.14 245.00 238.10 245.37 245.05 256.85 250.68 256.92 268.64 278.54 269.73 270.65 277.46 273.74 273.12 278.48 279.87 286.47 293.92 287.91 282.95 271.42 270.18 276.57 289.59 307.86 298.19 303.78 296.03 281.25 294.22
177.84 169.01 179.23 197.47 198.43 202.40 203.91 201.70 226.97 249.09 240.53 226.41 217.23 211.68 207.60 206.47 212.25 204.32 192.72 190.80 188.12 183.20 179.44 178.54 200.58 214.63 241.99 245.82 237.56 234.37 227.78 191.88 186.28 186.47 188.63 188.22 189.57 196.45 205.20 224.55 246.98 234.86 226.07 234.13 234.19 242.44 248.98 238.81 241.12 254.03 247.73 241.40 252.25 255.07 260.11 267.56 270.92 267.93 260.15 270.05 268.52 271.75 279.77 283.67 285.35 274.94 274.04 286.28 294.88 297.74 289.96 296.81 308.68 308.11 316.39
187.28 185.31 176.02 182.90 188.63 208.59 220.80 216.25 234.85 251.63 233.61 220.58 218.58 209.65 218.43 206.70 204.55 205.68 213.60 214.31 204.40 196.84 191.08 186.05 195.93 221.43 233.95 225.64 219.12 210.56 208.69 192.03 185.65 189.73 191.57 188.99 185.06 201.64 217.64 230.58 237.06 216.79 210.50 220.03 225.12 242.14 256.33 239.30 245.84 242.53 241.97 235.23 253.87 264.23 274.23 264.77 255.28 259.09 256.77 266.32 264.58 261.77 273.71 287.71 284.00 275.86 285.18 299.51 302.95 289.20 289.75 297.20 312.36 314.59 312.59
199.76 211.68 188.99 183.84 192.33 219.30 225.67 224.96 236.23 243.42 243.45 216.38 208.06 218.85 230.86 206.97 205.57 215.26 229.18 237.09 235.44 224.30 212.49 207.14 206.27 220.90 221.72 210.67 208.40 197.60 191.73 187.21 185.47 196.74 196.97 191.87 188.68 196.37 207.22 212.40 217.27 207.57 207.81 223.01 219.41 243.75 252.11 232.23 223.74 225.13 227.36 234.45 260.64 284.76 287.83 254.84 248.69 255.87 255.87 257.48 261.41 266.62 273.50 285.20 293.74 285.84 305.56 311.28 313.67 301.40 295.88 291.06 298.72 305.20 309.58
214.50 219.92 192.86 205.28 200.03 210.37 223.12 225.47 225.93 233.90 233.78 213.44 208.40 216.81 227.30 208.95 204.14 206.04 210.04 217.28 225.89 231.74 224.96 218.20 219.24 212.91 208.49 202.33 195.62 191.35 195.34 191.86 189.15 194.38 195.38 201.83 192.91 194.33 198.13 203.10 205.31 206.27 202.97 211.56 222.21 238.81 221.66 222.23 224.23 233.56 240.45 238.81 251.23 270.29 257.60 244.49 246.62 247.41 251.07 252.17 266.31 280.52 278.17 284.01 293.22 292.29 307.59 305.08 303.23 306.09 298.44 284.81 286.08 294.43 304.09
215.09 225.52 196.97 207.84 220.25 218.08 222.35 228.16 223.94 210.65 214.25 204.75 197.35 212.79 216.90 205.85 208.12 203.92 202.36 204.71 209.38 213.06 213.06 216.79 225.03 213.73 206.21 202.40 201.12 197.56 206.57 205.87 195.78 190.52 199.65 208.54 201.70 203.48 203.04 201.50 209.09 221.66 216.88 211.71 237.29 247.25 217.05 222.86 230.48 236.41 265.01 259.02 241.65 239.85 250.81 261.99 254.56 250.81 257.14 261.68 272.21 275.32 274.36 281.78 297.26 302.70 304.75 305.96 304.45 306.83 298.43 292.32 281.26 290.30 299.70
212.15 234.06 206.39 214.90 230.14 240.24 233.64 228.63 224.82 218.71 213.52 197.83 192.09 208.53 219.26 207.88 212.53 208.41 204.64 203.69 203.09 212.65 220.24 224.16 219.91 209.99 205.21 210.39 206.14 202.26 203.29 204.21 205.16 198.17 208.95 212.22 210.33 214.21 227.35 207.45 218.19 238.32 239.05 228.85 232.35 231.38 217.42 229.31 238.69 243.91 273.80 279.85 253.70 241.03 264.32 289.56 276.34 263.39 271.52 273.34 277.34 270.15 281.41 290.55 306.86 313.55 292.97 288.15 297.16 308.93 312.41 309.21 293.02 289.39 290.03
196.98 215.99 217.95 226.61 228.46 233.00 226.68 219.08 220.11 234.19 223.34 203.49 185.71 195.81 203.96 204.16 207.87 211.27 209.49 208.20 205.70 217.91 226.05 228.45 220.49 217.15 215.40 216.01 212.01 207.03 201.28 204.75 215.09 209.31 221.27 223.97 221.24 232.01 237.72 214.46 224.35 254.38 259.52 249.08 232.09 227.97 222.75 234.04 237.74 243.92 270.63 289.84 270.18 246.00 257.62 287.57 281.47 259.69 264.66 269.55 278.25 288.84 286.59 288.10 313.20 311.10 283.47 275.21 275.67 297.88 306.23 294.13 292.07 283.92 280.88
201.15 209.88 221.10 230.40 209.68 216.51 209.60 212.81 227.35 233.88 225.73 211.29 190.24 189.00 193.00 199.53 201.28 216.28 217.12 214.00 214.94 219.26 231.12 235.63 231.03 230.37 224.30 221.52 221.13 215.05 206.83 221.02 229.60 217.07 223.25 228.55 238.24 247.68 225.16 216.22 236.98 254.13 259.65 252.58 251.66 252.59 234.64 254.14 254.74 248.09 267.12 282.32 261.06 245.40 247.12 259.99 271.04 252.16 258.47 272.06 284.87 294.65 277.11 296.95 314.60 296.60 279.44 274.05 265.07 288.60 298.94 274.15 283.32 291.99 279.38
209.66 214.32 203.41 208.45 203.32 198.80 188.43 206.54 221.17 216.16 219.10 210.78 193.20 183.66 187.93 188.72 195.98 210.34 217.33 218.52 224.01 227.81 242.12 244.68 237.20 237.99 233.74 231.73 237.27 227.64 217.75 224.81 232.01 225.67 224.72 230.73 248.49 250.15 220.79 219.51 227.69 227.85 223.98 229.45 252.76 259.14 245.83 274.45 284.35 263.76 279.87 291.44 260.39 257.79 253.17 252.25 261.45 251.96 260.89 276.24 288.16 284.78 273.39 306.15 311.76 285.77 275.39 274.22 262.08 281.62 290.64 268.61 277.68 290.61 286.53
186.57 184.87 183.23 207.98 205.32 181.31 173.63 183.69 197.27 190.42 194.95 194.85 188.95 183.04 183.20 187.97 200.32 204.18 211.84 215.77 223.07 229.66 241.00 250.27 245.30 238.72 232.46 236.38 245.67 248.26 219.90 216.58 229.24 236.06 240.24 242.30 252.91 250.67 227.63 227.98 236.46 228.01 228.05 229.74 232.81 248.67 254.58 280.66 302.94 288.97 290.53 302.34 275.29 269.65 271.75 260.46 269.83 267.41 267.97 266.26 277.32 273.92 268.90 296.50 289.47 270.48 275.70 277.66 261.71 273.23 279.92 266.10 269.81 276.23 287.36
172.14 165.84 172.75 197.07 198.63 179.02 165.24 171.03 177.06 171.65 178.23 178.57 183.91 184.63 180.04 189.16 200.48 203.93 210.37 219.45 226.12 228.56 230.59 234.97 235.35 230.60 231.58 238.73 255.05 257.86 225.48 215.60 235.88 244.56 246.25 256.74 254.67 238.52 229.88 232.38 253.75 255.21 251.29 246.22 233.82 254.22 265.06 280.90 305.57 321.53 321.35 306.96 276.09 279.65 291.25 282.77 313.26 299.08 269.14 249.87 261.65 256.45 262.33 281.19 265.68 259.67 269.31 274.96 258.49 263.60 267.18 260.33 262.26 273.55 287.11
163.29 157.32 160.92 166.58 177.06 174.37 161.41 161.64 172.18 176.17 173.32 180.07 180.76 188.60 178.54 188.71 199.75 207.42 214.93 230.90 239.11 241.10 238.09 228.34 232.63 231.04 234.36 245.27 259.33 251.67 225.29 221.54 251.84 258.77 256.33 265.54 251.34 224.65 234.44 244.93 259.58 265.46 263.72 252.90 242.09 257.32 269.38 284.97 307.01 344.76 350.44 320.89 292.59 293.31 284.34 286.42 323.64 310.40 263.68 242.91 250.36 258.32 284.41 296.49 270.79 257.85 257.74 260.32 252.37 262.91 262.94 261.55 268.80 276.92 281.43
153.99 150.06 150.91 149.04 152.33 156.38 161.68 164.10 185.04 203.67 180.92 193.39 186.65 202.81 192.86 186.62 202.40 215.68 221.51 242.62 251.31 254.62 245.42 234.54 237.49 235.61 246.87 264.22 271.17 258.69 231.33 237.26 270.04 271.59 273.86 276.47 251.74 237.68 253.21 269.70 274.80 279.82 279.10 259.79 245.28 252.13 268.59 289.87 319.44 353.35 341.81 323.10 308.53 295.66 265.07 264.57 287.27 285.32 252.72 240.49 250.68 273.62 307.77 308.89 272.32 255.05 244.83 243.69 245.66 256.25 256.30 264.29 275.65 278.99 275.39
143.19 149.55 151.56 153.43 158.96 162.41 165.69 173.41 182.70 207.14 191.38 206.30 196.08 214.25 203.75 194.43 216.42 222.96 232.78 245.99 247.73 254.12 251.43 245.09 237.59 242.70 270.67 282.68 278.36 255.25 237.38 245.50 276.06 281.91 285.88 282.61 260.85 255.03 264.26 272.00 284.42 287.53 277.78 262.88 248.81 259.53 268.12 297.84 340.26 359.66 340.63 328.75 302.07 279.53 254.89 246.41 260.31 257.02 242.59 242.26 263.21 291.99 301.00 299.94 271.59 251.90 242.98 239.69 246.84 254.59 259.54 276.07 282.92 281.04 265.61
146.62 156.36 161.36 166.42 180.72 176.34 167.32 176.25 182.33 200.97 209.74 219.20 205.23 226.40 218.85 195.33 215.88 225.83 234.94 231.76 223.64 246.76 259.99 254.13 240.38 248.04 271.89 281.75 265.16 235.97 243.65 247.60 262.46 271.51 285.47 282.61 271.21 257.29 262.09 269.77 287.68 276.20 264.40 256.31 257.10 270.20 278.78 308.93 347.47 363.53 353.27 321.35 279.26 262.02 248.00 238.99 243.38 247.86 237.33 236.57 260.13 282.44 283.78 292.96 274.59 252.94 244.74 238.58 249.33 266.25 276.51 290.28 284.14 272.66 258.19
146.09 157.37 160.55 167.62 185.28 188.67 174.73 176.76 187.82 196.04 210.48 222.06 205.43 228.84 231.74 194.06 195.94 203.45 207.67 207.00 213.64 235.23 258.71 256.72 244.23 243.28 263.24 268.04 246.25 227.10 255.60 267.29 264.01 265.89 278.60 277.77 277.76 263.20 260.72 277.85 289.89 277.78 269.55 249.93 266.32 287.11 297.42 303.11 337.36 368.77 347.97 301.55 265.47 247.74 237.56 236.47 234.25 243.77 242.39 227.50 240.22 251.65 267.92 283.36 276.01 249.92 238.73 236.41 247.54 266.11 279.91 286.27 270.95 261.82 259.05
