Instances/StraitOfJuanDeFuca/GMRTv3_4_20171029topo.asc
ncols 962
nrows 597
xllcorner -124.62890625
yllcorner 48.03328450945562
cellsize 0.0010986328125
nodata_value -2147483648
[rows 186 to 216 of 597, columns 630 to 699 of 962]
558.96 572.14 585.67 602.39 610.71 610.37 608.26 603.32 604.90 606.95 607.64 607.02 607.17 605.24 601.50 596.45 598.53 603.95 609.45 609.93 610.00 611.00 609.96 610.00 610.00 611.04 610.00 610.00 610.00 610.00 609.96 610.50 610.65 612.49 612.87 611.37 610.95 613.60 621.43 632.32 641.71 649.37 656.79 663.72 671.19 678.26 684.84 694.33 702.37 710.79 718.45 726.15 731.81 735.39 743.40 755.28 766.83 781.87 790.86 792.04 793.00 793.00 793.00 793.00 793.00 793.00 793.00 793.00 793.00 793.00
556.20 567.09 576.46 587.58 599.63 602.74 588.79 577.58 582.14 586.07 586.96 585.02 582.59 577.06 570.99 563.15 566.18 586.14 605.94 610.98 610.00 611.00 610.00 609.99 609.99 610.88 610.00 610.00 610.00 609.99 610.01 610.07 610.70 609.41 608.30 607.69 608.83 609.87 613.81 623.40 634.24 643.31 651.44 660.44 668.45 674.52 681.33 688.36 696.34 705.21 714.28 723.34 730.64 737.00 748.00 758.94 771.89 786.92 793.01 792.13 793.00 793.00 793.00 793.09 793.33 793.53 793.55 793.48 793.30 793.10
541.16 552.60 556.62 558.34 561.72 560.71 548.37 543.23 553.29 557.11 556.59 555.84 547.88 534.16 528.58 529.03 538.33 554.18 581.63 607.33 609.93 611.07 610.07 610.79 610.71 609.96 610.00 610.00 610.00 610.86 609.88 606.60 599.96 597.86 599.34 603.37 607.40 610.71 616.46 622.64 630.22 638.58 646.97 655.09 662.30 668.69 674.34 681.02 689.81 698.48 706.70 715.70 724.77 732.91 742.16 753.31 764.56 778.28 788.42 792.69 793.07 793.00 792.93 795.66 805.17 810.10 808.81 805.22 799.23 795.32
513.50 517.46 516.06 512.84 504.98 494.69 492.38 502.21 515.38 517.15 513.09 508.88 500.66 491.08 490.58 498.37 516.67 534.38 553.19 602.78 611.23 609.61 607.92 609.34 611.02 610.06 610.01 610.10 609.65 607.59 598.79 589.39 580.47 579.93 588.61 597.03 604.54 610.89 616.89 622.90 628.69 635.65 642.30 648.32 656.26 661.19 667.19 672.28 679.96 688.85 697.77 706.77 715.77 722.70 731.57 740.33 751.07 762.11 774.14 785.70 791.42 793.05 795.19 807.03 830.20 835.94 831.70 821.80 807.74 798.26
491.95 490.98 489.61 488.74 488.91 488.67 488.55 488.38 489.79 489.29 487.13 484.60 484.00 485.23 487.03 489.35 502.87 525.47 547.86 589.71 604.18 595.75 590.10 593.68 603.66 608.39 610.52 606.12 596.92 587.15 577.30 567.93 559.89 562.42 575.14 587.26 598.67 608.87 614.65 619.84 625.61 631.95 637.62 643.92 650.15 655.96 661.96 667.26 672.54 679.11 687.22 696.15 705.15 712.96 720.12 727.28 735.63 746.34 759.88 774.19 786.55 798.07 816.21 839.70 852.92 855.90 850.21 834.65 812.37 799.25
487.87 487.94 488.00 488.91 488.85 489.02 487.78 486.95 485.73 484.44 481.41 479.27 479.27 481.27 483.32 486.39 495.19 517.80 543.62 564.58 566.56 563.41 560.24 560.30 569.98 583.35 587.29 582.08 570.20 559.96 553.44 545.59 539.78 548.69 560.32 575.39 589.50 602.03 611.49 617.52 622.48 627.40 633.41 639.41 645.24 650.18 656.02 661.19 665.28 670.05 675.77 685.73 694.59 701.68 709.74 717.64 723.66 731.21 743.58 761.57 782.49 804.39 828.73 853.97 862.73 868.76 861.81 844.92 811.57 795.02
487.93 488.00 488.00 487.97 487.97 488.25 486.97 486.32 484.44 480.62 476.12 472.48 472.63 474.85 474.73 477.81 486.73 503.92 530.01 541.51 525.90 522.05 509.01 513.40 534.22 548.04 549.43 548.12 535.87 513.03 498.81 494.56 500.76 521.40 546.04 563.32 578.07 593.31 605.80 613.09 617.12 622.87 628.12 634.19 639.91 644.91 649.88 655.09 660.19 664.84 669.81 676.67 684.03 692.06 700.06 707.78 714.74 721.43 727.98 739.69 759.68 784.81 809.84 835.26 855.82 861.25 856.71 840.14 805.12 784.53
489.96 488.00 487.91 487.96 487.98 488.00 486.83 484.78 480.48 476.31 471.16 464.89 462.30 460.49 456.87 458.82 469.09 480.49 493.57 495.20 485.31 480.07 483.03 487.17 503.17 515.39 517.24 511.01 495.61 485.46 483.86 485.45 486.18 493.77 520.32 550.47 566.02 579.00 593.07 604.75 612.53 618.33 623.34 628.28 634.30 639.30 644.28 650.17 654.28 660.17 665.16 669.19 673.70 681.57 689.60 697.60 705.67 712.67 719.91 725.62 733.68 753.14 777.84 800.40 819.88 829.63 827.59 809.27 789.89 769.36
507.10 494.60 490.78 488.82 488.34 487.78 485.83 483.06 478.03 472.93 466.28 457.85 450.60 442.54 435.69 436.92 446.91 457.14 465.30 465.34 462.34 462.32 463.62 467.25 479.37 489.73 492.25 484.49 475.72 473.93 475.67 479.56 483.06 487.81 497.96 523.64 548.22 564.27 578.13 593.61 608.51 614.59 618.75 623.82 629.05 633.98 639.82 644.79 649.75 654.72 660.56 665.59 669.24 674.67 681.12 689.19 697.34 704.27 712.37 719.07 725.87 734.79 756.41 776.10 784.98 792.05 792.85 780.32 765.85 749.48
536.98 521.45 511.74 503.04 497.22 492.71 489.09 485.78 481.37 477.64 468.32 456.41 445.75 434.45 427.45 428.49 429.61 434.42 439.85 442.84 444.05 443.19 442.91 443.61 454.94 467.28 470.43 465.97 461.72 462.22 466.01 468.81 473.90 481.64 488.34 498.20 521.80 543.66 560.51 578.46 595.72 609.67 615.41 619.48 624.48 630.36 635.27 640.48 646.34 651.53 656.46 661.46 666.55 671.57 677.59 684.19 690.07 697.96 705.05 713.29 722.55 730.86 748.01 761.90 766.15 770.50 767.25 758.77 747.20 730.03
572.73 550.57 534.11 523.69 514.97 506.76 500.04 492.62 490.19 486.57 476.61 462.23 447.51 434.69 427.77 427.19 428.00 428.09 428.57 429.04 430.04 429.27 429.11 428.29 433.32 443.54 449.14 447.63 446.49 446.24 447.54 447.15 451.57 468.20 482.85 489.62 500.32 524.03 545.56 562.47 580.63 597.43 609.47 615.86 620.79 625.77 631.63 636.79 642.56 648.58 653.58 658.58 662.79 667.00 672.35 675.80 681.08 688.19 697.22 707.04 719.29 731.64 741.45 747.45 748.58 748.93 747.44 743.00 728.57 699.65
604.63 585.59 562.38 543.62 531.48 519.06 509.35 500.99 493.35 487.02 475.75 462.82 449.09 436.07 428.00 427.00 426.93 426.93 427.79 426.93 427.72 426.93 425.68 424.50 424.03 427.09 432.54 433.73 432.96 430.84 430.06 429.40 430.14 447.01 469.53 484.95 491.01 506.81 531.05 549.02 564.86 582.77 599.21 610.02 616.24 621.24 626.15 632.45 638.22 644.22 649.45 654.24 658.04 662.06 664.94 666.87 670.83 675.07 679.83 689.72 704.16 718.12 730.49 735.51 736.99 737.24 736.27 728.44 704.58 679.52
610.41 607.64 594.95 567.28 542.63 529.74 516.20 504.75 494.23 486.47 474.31 461.24 448.19 436.07 428.00 427.00 427.00 427.00 426.98 427.00 426.98 427.07 424.31 421.55 419.79 420.05 420.70 420.16 419.44 418.99 421.44 424.84 427.38 436.09 455.06 475.05 487.73 498.96 519.66 540.75 557.49 572.99 589.42 603.29 611.79 616.65 622.46 628.67 634.46 640.53 645.74 649.79 652.77 656.03 658.15 660.15 663.41 665.35 666.24 672.12 679.20 689.23 706.77 721.96 730.87 730.28 717.61 696.49 677.70 663.73
610.03 609.68 609.46 587.94 553.50 536.39 519.59 503.78 490.84 481.04 471.21 459.53 447.58 434.76 427.72 427.09 427.04 427.09 426.95 426.97 427.00 425.73 421.69 417.19 413.95 411.39 409.10 406.38 404.06 405.78 412.19 417.71 422.17 429.10 442.80 461.78 479.16 491.58 512.70 537.71 555.76 568.19 580.75 594.56 605.70 613.24 619.24 625.46 631.46 636.39 641.19 644.15 646.92 648.85 651.73 653.48 655.66 657.43 658.43 661.54 664.10 668.37 677.67 688.95 698.63 697.63 685.27 669.29 659.14 649.58
609.31 606.45 601.52 597.25 582.25 548.47 521.04 500.64 489.42 478.87 468.05 456.11 444.87 431.86 427.89 431.34 433.12 431.61 428.25 427.62 427.00 424.22 419.47 412.67 407.13 402.41 397.05 391.23 389.10 393.78 401.56 408.46 416.09 423.02 432.10 449.65 469.25 486.39 506.07 535.11 553.73 563.74 575.72 587.94 598.81 609.49 615.43 622.45 628.45 633.51 636.67 638.91 640.89 642.89 644.05 645.92 648.11 649.10 650.16 653.36 655.41 658.37 660.78 665.06 669.03 668.10 661.45 653.19 644.99 635.94
604.63 600.90 591.30 584.91 576.46 548.49 519.20 496.73 487.90 480.50 469.86 460.43 451.12 442.45 444.17 448.64 447.85 443.55 436.92 432.04 427.64 423.32 416.80 408.30 399.73 392.16 383.56 376.43 373.84 381.63 390.97 400.33 409.65 418.20 426.93 440.26 461.39 482.34 495.89 522.16 544.89 557.65 569.65 580.79 593.93 604.84 612.64 619.64 625.46 629.14 632.17 632.83 634.89 636.62 637.89 638.82 640.60 641.33 641.50 644.29 645.24 648.03 649.79 652.48 653.39 651.05 645.29 638.57 631.59 623.66
576.61 570.37 564.36 563.63 544.94 522.70 501.43 490.46 488.84 483.46 477.73 471.25 467.60 465.02 469.80 468.38 463.00 455.52 447.62 438.95 432.38 427.43 418.49 406.90 395.25 384.60 373.79 368.40 367.37 371.85 381.09 392.02 401.97 412.00 420.70 431.82 451.33 472.09 488.42 508.55 531.94 550.23 562.10 574.89 587.83 601.29 611.14 618.27 621.57 624.62 626.84 627.67 627.98 629.87 630.98 632.05 632.19 633.02 634.10 635.24 635.40 636.60 637.65 639.70 639.02 636.84 631.73 626.52 621.21 613.34
551.60 548.34 545.06 535.02 518.98 501.18 490.18 488.93 489.00 488.55 486.19 483.87 482.33 484.04 487.54 485.61 476.81 467.67 457.07 446.51 437.16 430.34 422.48 408.59 395.23 382.89 370.82 366.67 366.74 367.55 374.76 384.78 395.53 406.09 417.23 428.23 443.49 465.89 486.37 497.79 516.69 537.90 553.09 567.39 581.43 596.80 610.51 615.75 618.46 620.13 620.79 621.53 621.79 622.72 624.57 624.49 624.49 625.23 625.16 626.19 625.90 625.83 625.82 626.48 625.48 623.42 620.86 617.29 611.60 600.67
550.80 544.72 534.61 521.80 504.73 491.50 488.94 488.94 489.00 489.01 488.71 489.08 492.42 496.49 496.08 492.43 488.09 480.74 466.94 454.11 442.44 432.67 423.01 409.97 396.81 383.80 371.80 365.92 365.99 366.13 369.49 377.05 388.75 399.92 410.92 421.86 435.95 457.50 478.45 489.78 501.56 521.22 539.40 555.27 570.07 585.23 601.11 611.45 614.04 615.03 614.95 614.81 615.76 616.76 616.89 616.89 616.89 616.87 616.87 617.02 616.86 616.92 615.21 615.32 614.32 614.09 611.38 605.94 595.33 582.28
551.00 549.02 545.44 535.04 519.75 506.54 495.71 491.65 489.42 490.22 495.46 503.01 508.71 508.44 503.73 498.24 492.71 486.54 473.89 460.10 446.71 434.56 423.14 411.49 398.84 385.81 373.81 367.32 366.00 366.00 366.57 370.94 382.17 393.45 404.76 416.84 428.06 444.31 466.21 481.78 490.81 501.97 517.13 532.95 549.06 564.34 580.06 593.49 600.78 602.27 604.11 606.43 609.03 610.31 610.62 610.62 610.31 610.34 610.34 610.03 610.07 608.75 606.50 604.32 603.32 601.73 596.30 588.39 577.36 564.33
551.00 551.79 552.65 550.09 542.07 534.07 523.63 513.44 509.08 512.99 521.69 526.25 527.72 522.75 515.22 504.94 495.53 487.89 475.84 462.85 449.65 437.65 427.33 416.40 402.61 390.54 378.60 368.83 366.00 366.00 365.99 367.28 374.67 386.74 397.94 409.94 421.60 433.96 452.57 466.89 479.52 487.34 496.87 509.42 524.73 540.80 555.73 569.74 576.68 581.39 587.05 592.57 597.40 599.42 599.56 599.56 599.42 598.54 598.60 598.52 597.65 594.71 590.88 589.75 588.81 584.86 578.78 572.61 562.30 550.24
551.22 554.41 554.89 555.00 553.93 551.82 548.04 543.19 542.75 545.90 546.64 547.19 546.04 544.86 533.56 517.97 501.34 488.26 477.04 464.37 452.15 439.85 430.63 419.45 406.52 393.45 380.04 370.07 366.00 366.00 366.00 365.96 368.89 378.74 389.07 400.77 413.55 425.55 439.03 451.33 464.66 475.11 483.63 491.73 502.32 516.51 532.73 546.73 555.29 562.14 570.51 578.92 585.33 587.33 587.63 587.66 587.33 586.37 584.96 583.92 582.96 580.44 575.66 574.59 572.81 569.81 565.40 561.14 554.22 540.36
553.73 555.79 558.64 559.47 560.38 559.34 558.26 556.18 555.25 555.50 552.75 551.02 550.07 550.21 546.91 530.84 507.59 489.79 477.72 464.90 451.89 438.82 428.81 420.01 407.07 394.01 380.89 370.00 366.00 366.00 366.06 365.22 365.31 369.77 378.29 389.39 401.38 413.32 424.48 436.29 449.47 460.59 470.61 479.31 487.21 495.57 508.30 522.47 535.04 546.57 557.24 567.14 573.26 575.26 576.27 575.33 575.26 573.38 572.31 570.37 568.53 564.57 560.47 561.13 560.09 558.80 557.66 553.13 541.85 523.15
555.31 558.66 562.73 565.40 566.68 566.71 566.03 563.95 563.31 560.29 555.38 551.84 549.53 546.55 538.35 523.62 507.17 491.91 481.34 467.86 454.78 442.85 432.54 420.32 406.24 394.00 381.00 370.00 366.00 366.04 364.69 362.30 362.02 362.84 366.71 374.34 386.22 399.02 411.41 424.57 436.45 445.86 455.50 465.57 474.61 484.35 490.90 500.38 515.09 530.44 544.49 555.00 561.20 563.44 564.44 564.47 563.36 561.71 559.68 558.72 555.21 549.15 548.56 552.06 552.06 552.57 549.35 537.76 519.84 502.81
557.76 562.62 566.51 571.43 574.24 575.09 574.94 574.53 574.16 566.76 557.55 549.24 544.64 537.01 526.03 514.80 502.48 489.24 478.40 467.32 456.12 444.02 433.01 421.06 407.01 394.00 381.00 370.00 366.05 365.20 362.29 359.34 357.43 357.58 358.70 362.82 369.46 380.71 393.82 405.12 418.02 430.74 440.42 450.42 460.32 470.44 479.19 487.00 495.48 507.98 524.96 539.68 549.24 553.84 554.69 555.59 555.54 553.91 551.58 543.42 533.90 526.62 528.70 531.91 533.77 532.07 523.23 508.55 495.69 489.16
559.37 565.77 571.88 577.51 582.95 586.27 590.75 595.46 598.43 589.75 567.08 547.88 537.09 526.35 515.84 503.73 495.53 486.76 475.35 464.31 453.69 443.46 432.79 420.05 406.46 393.25 380.21 369.75 364.97 362.60 359.27 355.24 352.57 351.20 351.21 353.56 356.04 362.90 373.34 381.44 394.10 409.63 424.17 435.47 445.34 455.68 465.71 475.07 483.70 491.32 505.32 520.24 533.22 543.01 548.57 549.66 547.37 537.24 520.67 509.70 501.67 498.77 499.27 499.83 500.55 499.35 493.12 488.09 481.83 475.46
561.07 567.98 574.84 582.77 589.65 597.50 606.36 609.59 609.85 609.50 589.81 548.91 531.27 517.47 503.73 492.59 487.39 480.51 470.52 460.48 449.57 439.48 429.39 417.50 402.43 385.68 373.65 367.21 364.13 360.26 356.30 351.39 347.42 344.55 342.76 342.02 343.19 346.49 350.18 358.89 370.74 385.93 402.77 417.66 430.36 441.27 452.14 463.01 473.94 483.72 491.80 500.40 510.85 517.35 525.57 524.78 516.87 503.35 494.14 488.09 485.09 486.81 488.64 487.76 485.15 482.47 478.40 472.44 465.49 459.44
557.12 566.22 574.65 582.65 591.16 598.85 607.50 609.65 606.75 604.61 588.48 548.86 529.88 514.85 498.71 488.43 484.24 475.09 464.69 453.62 442.57 432.53 424.68 410.84 396.91 380.53 367.81 365.57 362.26 357.24 352.16 346.81 341.78 337.40 333.67 330.21 328.09 326.46 324.86 336.50 352.78 365.85 382.19 398.35 413.08 426.89 438.92 450.64 461.64 473.11 482.58 488.08 491.20 493.54 496.94 494.60 490.57 485.07 482.81 475.38 471.35 473.36 474.79 471.96 466.76 463.39 458.90 454.42 449.20 442.57
554.93 564.90 573.91 581.95 589.19 595.34 603.38 609.04 605.74 601.85 585.46 551.83 530.93 515.04 499.04 488.04 481.22 472.22 462.10 451.06 440.94 431.87 423.87 411.80 397.76 384.62 372.58 364.86 360.06 354.18 349.22 343.22 337.29 331.40 325.46 320.61 314.74 310.68 307.61 317.05 335.25 351.99 366.05 380.24 397.22 413.25 426.13 437.08 448.04 459.12 468.28 473.28 478.13 481.93 484.13 479.10 475.22 471.28 465.21 459.22 454.29 454.37 451.62 448.58 446.48 444.44 442.22 436.46 432.73 425.06
560.67 569.32 577.72 583.40 587.10 590.07 596.07 604.78 608.69 596.44 564.51 546.89 529.89 512.68 497.00 486.33 477.83 469.21 460.65 451.05 442.12 433.49 425.12 413.12 400.56 387.94 376.68 368.31 360.37 353.30 346.81 340.48 334.53 327.46 321.13 313.94 307.94 305.76 305.56 308.50 320.91 338.70 353.08 366.00 380.58 394.21 407.91 420.35 432.38 443.38 449.86 455.14 460.51 465.26 464.42 463.01 458.63 453.46 448.58 442.58 437.26 435.77 431.10 425.49 424.66 423.36 420.29 411.30 399.47 387.17
575.79 581.90 586.23 584.90 579.62 576.07 576.33 578.78 575.46 558.93 542.86 530.69 519.70 505.44 491.31 482.25 474.19 466.19 458.19 450.18 441.14 433.18 424.18 412.10 400.06 388.07 375.09 366.08 361.00 353.93 347.90 339.96 333.06 326.10 318.15 312.13 306.05 305.02 305.00 306.09 312.39 327.62 342.63 355.70 364.87 375.12 388.24 401.24 414.22 425.22 431.14 438.94 444.95 448.00 448.05 444.02 441.93 438.81 432.99 427.06 420.20 413.68 404.93 397.85 394.94 392.89 386.79 378.46 370.85 367.26
