Instances/StraitOfJuanDeFuca/GMRTv3_4_20171029topo.asc
ncols 962
nrows 597
xllcorner -124.62890625
yllcorner 48.03328450945562
cellsize 0.0010986328125
nodata_value -2147483648
[rows 124 to 154 of 597, columns 210 to 279 of 962]
50.30 53.32 55.51 62.85 73.29 84.41 91.34 96.48 104.61 107.56 110.50 114.46 122.50 133.62 141.69 152.51 158.36 156.06 160.94 172.03 194.42 228.53 256.63 277.74 291.06 320.00 348.48 357.18 361.78 366.51 367.54 356.72 345.80 343.81 344.78 338.69 326.39 315.14 306.80 286.11 249.34 222.48 196.69 185.00 186.34 196.83 211.23 231.62 249.80 252.67 250.18 245.71 245.28 268.18 301.45 325.86 345.99 359.98 382.36 412.53 443.34 471.04 486.29 489.04 493.14 497.22 506.30 514.28 524.18 537.12
58.98 66.25 81.24 100.88 116.32 127.53 130.86 136.94 143.26 147.94 151.50 156.63 167.56 179.53 186.36 188.81 186.05 179.97 184.99 210.42 242.04 270.18 296.37 321.49 344.17 359.72 364.95 366.06 366.27 365.53 365.95 365.05 362.63 362.34 362.21 355.67 335.56 316.87 296.13 261.37 240.31 222.13 204.51 197.04 206.65 226.30 251.51 281.84 301.39 302.41 289.79 279.95 267.05 275.69 308.21 343.10 370.13 397.44 427.59 454.13 476.18 486.42 488.55 492.13 497.70 503.33 511.82 520.36 528.73 538.52
87.84 101.94 124.20 144.07 157.84 165.56 167.52 170.45 174.40 181.47 188.77 198.07 215.02 222.78 216.34 213.20 208.29 200.54 210.74 251.44 280.40 302.93 321.69 350.47 364.97 365.85 365.96 366.01 366.01 366.00 366.00 367.04 367.02 366.03 367.02 362.02 338.85 310.21 280.96 254.73 244.19 234.71 228.13 230.67 240.05 266.41 300.07 321.66 337.90 344.57 341.16 336.39 320.62 311.77 326.49 347.35 367.77 411.89 446.18 472.38 488.24 488.08 491.16 495.20 502.19 508.23 515.20 522.17 530.12 538.13
132.68 142.87 164.08 176.46 181.26 183.23 185.70 189.63 196.46 206.81 220.20 233.73 240.90 242.94 237.67 234.09 231.73 232.97 243.93 267.16 292.33 306.32 323.73 343.48 352.16 356.38 360.82 364.06 365.07 366.14 366.00 366.39 365.95 366.00 365.48 356.35 330.34 289.49 257.36 248.29 246.17 244.71 250.62 265.24 285.80 310.44 330.38 353.25 382.48 401.67 405.16 405.28 398.95 381.59 368.08 361.63 370.54 402.91 438.26 471.65 489.19 489.05 493.64 499.30 505.18 512.23 519.23 526.83 533.71 542.76
175.64 179.30 182.46 182.14 183.00 184.06 189.25 198.54 210.66 224.75 239.68 244.27 244.04 244.00 244.12 243.26 242.36 243.49 252.44 271.05 286.76 300.64 316.54 336.55 342.42 345.31 349.27 354.38 359.56 363.76 365.95 366.00 366.08 365.92 362.30 341.99 313.67 276.85 251.99 247.96 245.08 255.06 279.74 300.80 317.52 333.26 353.18 379.53 415.31 427.52 428.38 427.36 427.52 426.12 415.05 397.44 394.92 407.73 430.59 462.98 486.46 489.01 495.04 501.04 508.09 515.03 522.09 530.03 538.13 547.02
183.42 183.64 183.05 183.05 183.63 185.68 193.97 205.06 217.14 229.31 241.16 244.70 243.51 243.51 243.37 244.05 245.22 250.97 261.10 274.08 287.84 300.11 313.94 328.88 332.79 334.74 339.37 344.86 350.90 357.78 363.70 367.21 366.01 358.16 342.93 322.02 288.13 252.71 246.83 247.48 256.19 276.58 302.25 321.79 336.21 351.23 368.36 400.17 425.32 426.29 426.95 427.00 427.00 427.09 427.24 424.78 420.70 421.21 426.45 445.10 472.64 487.39 494.58 500.66 506.31 512.90 521.02 527.97 536.39 541.95
183.00 183.00 183.00 183.00 184.08 186.07 196.05 207.05 217.93 227.81 235.52 239.43 240.69 240.84 242.93 244.00 248.33 259.67 272.84 288.04 299.83 306.27 316.89 322.38 322.16 324.09 328.94 332.91 338.76 343.51 351.28 357.04 349.86 333.66 310.93 283.67 257.40 250.24 257.84 272.47 296.62 312.30 329.42 345.07 356.82 370.77 389.64 411.84 426.00 427.05 427.00 427.00 427.00 427.00 427.00 427.00 427.14 428.11 432.23 446.24 463.64 481.30 490.42 495.53 501.57 508.56 515.52 522.51 530.52 536.64
183.00 183.00 183.00 183.00 184.97 187.63 195.93 206.41 215.86 224.15 230.07 233.68 236.04 238.78 241.37 244.07 251.35 264.44 279.14 292.69 302.75 306.90 311.16 312.71 311.59 312.55 314.07 316.67 319.34 321.82 322.49 321.60 313.80 295.16 267.78 252.82 258.66 282.43 304.00 323.99 342.87 355.09 361.30 370.65 381.08 395.15 410.14 422.85 426.00 427.00 427.00 427.00 427.00 427.00 427.00 427.00 427.00 426.88 431.93 445.21 459.57 471.03 481.07 488.67 495.26 502.99 509.92 517.58 524.85 531.82
183.10 183.10 183.10 183.10 186.04 189.14 196.95 204.77 211.68 219.48 225.48 229.58 232.72 235.81 239.97 242.95 248.03 260.85 275.50 285.22 292.84 297.66 299.61 300.80 301.03 302.03 304.17 307.42 308.28 306.85 303.37 291.85 275.15 255.59 247.24 252.19 278.36 303.30 325.47 353.64 366.05 372.89 380.46 391.98 405.12 417.63 424.76 426.15 426.10 427.00 427.00 427.00 426.99 427.00 427.00 427.00 427.00 428.05 433.04 441.90 453.61 464.52 474.53 484.63 492.67 499.82 507.96 516.05 524.18 532.30
184.11 184.11 184.04 183.97 186.69 190.65 195.96 201.55 207.94 213.93 219.93 224.97 229.70 234.35 238.70 243.00 250.84 260.54 268.79 275.56 279.14 281.45 282.77 286.38 289.76 290.76 294.48 299.03 298.45 292.89 285.04 273.47 257.48 245.88 245.85 258.21 291.58 314.13 335.49 357.44 369.84 381.85 396.03 412.55 422.81 426.65 427.12 427.04 427.04 427.00 426.93 427.00 427.69 427.00 427.00 427.00 427.00 428.00 433.69 442.00 451.31 460.66 469.97 480.05 488.73 497.89 507.54 517.11 527.52 538.54
182.94 182.94 183.88 184.94 187.02 191.95 196.00 201.01 205.83 210.77 216.66 221.78 226.77 232.83 236.93 242.88 249.73 256.31 260.97 263.71 265.43 266.15 267.38 273.71 278.87 279.87 283.77 285.55 282.42 277.48 269.69 261.84 252.40 245.88 247.17 270.85 303.81 320.58 335.07 352.75 369.83 385.75 401.70 418.47 427.72 428.02 427.02 426.99 426.99 426.96 427.43 426.46 427.74 427.03 427.01 427.00 427.00 428.01 433.78 441.79 449.75 457.69 466.58 475.41 484.41 492.47 503.42 515.54 526.64 539.58
183.00 183.00 182.96 183.96 185.66 190.40 196.07 200.29 204.96 209.96 214.85 220.18 225.89 231.89 237.64 241.89 246.58 248.42 250.79 251.33 250.47 249.33 252.55 261.48 268.30 269.30 271.63 271.88 269.59 264.37 259.79 253.13 246.80 244.96 247.96 273.67 305.40 322.55 335.47 350.21 364.19 376.14 390.54 405.47 415.12 422.96 426.17 427.93 427.93 421.96 409.94 411.81 419.88 425.32 426.51 427.15 427.00 427.22 431.14 438.58 445.95 454.10 461.42 469.46 478.46 487.42 496.60 508.75 521.42 533.24
183.00 183.13 183.15 184.01 184.07 188.01 194.82 199.89 204.89 210.01 216.07 221.33 227.18 233.45 239.44 243.20 244.80 244.88 244.76 244.76 244.82 244.88 245.90 252.42 257.82 258.69 259.64 259.64 257.76 256.08 253.27 248.58 244.94 244.99 249.36 276.93 305.26 319.50 332.26 343.09 353.83 362.70 374.44 389.35 397.98 404.65 414.45 423.12 422.60 402.69 384.15 391.65 406.70 417.02 422.20 424.51 426.91 428.09 432.10 436.72 442.41 448.07 453.75 460.81 469.79 479.85 489.91 499.77 514.01 528.02
182.93 184.03 183.30 183.27 185.11 189.18 193.53 197.87 202.80 209.49 215.41 223.14 228.77 236.76 243.56 243.96 243.89 245.00 245.00 245.00 245.00 245.00 246.37 248.15 250.09 250.06 250.25 250.25 250.09 249.05 247.01 245.47 245.00 245.73 257.67 290.78 308.02 315.58 325.20 335.54 345.58 355.39 366.43 378.27 381.82 383.97 387.94 393.16 387.93 376.18 368.65 378.16 398.94 410.12 415.12 420.00 423.99 426.68 429.95 432.15 435.57 436.57 439.92 448.91 459.38 469.23 479.15 489.96 502.94 514.74
184.06 184.00 183.00 183.00 183.78 186.42 188.14 190.78 197.05 205.27 212.61 221.81 229.15 238.20 244.17 245.06 245.08 245.00 244.85 244.85 245.00 245.00 244.94 244.87 245.65 245.65 246.73 246.56 245.65 245.73 244.95 245.02 245.00 246.14 263.96 288.82 303.86 312.20 319.21 328.00 336.66 345.18 354.88 364.71 370.11 369.24 367.92 366.91 367.66 367.54 371.21 386.12 396.83 405.56 410.39 414.33 419.24 423.32 426.63 428.77 428.37 428.37 429.10 434.48 445.06 457.38 468.44 478.38 487.96 494.55
184.00 184.00 182.93 183.00 182.97 183.16 184.13 184.31 189.29 198.54 208.96 219.68 230.18 239.93 244.35 245.00 244.17 245.00 244.12 244.12 245.07 245.00 245.00 245.00 244.97 245.04 245.29 244.94 244.97 244.21 244.24 244.24 245.00 247.64 261.18 278.55 292.03 303.68 312.47 319.83 325.40 329.11 334.32 341.32 349.89 352.92 354.58 358.38 362.76 366.21 370.24 387.07 393.99 401.13 405.93 409.93 413.90 417.08 422.21 426.07 427.23 427.16 426.30 427.70 433.49 445.15 456.22 466.30 473.55 479.53
184.08 184.02 184.07 183.18 182.98 183.18 184.00 184.02 184.62 189.88 202.87 215.35 227.09 236.93 242.35 244.90 245.14 244.77 241.44 241.26 243.35 244.59 244.92 245.08 244.75 243.15 243.33 244.92 245.06 243.84 243.84 244.02 245.02 249.96 260.84 272.42 285.13 295.55 304.40 309.61 312.44 314.20 313.58 314.94 323.47 332.15 341.15 350.90 359.40 365.84 369.82 382.33 388.11 396.16 400.46 404.46 408.28 412.17 415.93 418.87 421.78 423.04 423.24 424.44 427.28 435.47 445.28 454.23 460.15 466.17
181.74 183.87 184.36 184.17 183.99 184.31 184.14 183.22 183.97 187.53 198.09 210.02 219.33 227.60 234.65 241.43 242.39 238.78 235.46 234.43 235.65 237.68 240.58 242.39 239.56 235.41 236.43 240.51 243.09 242.48 242.34 243.29 244.29 249.05 259.27 269.61 278.36 285.57 292.84 299.89 304.52 305.42 303.09 303.74 307.40 315.33 329.06 342.48 354.80 364.34 369.12 377.87 382.00 390.77 395.98 400.05 403.02 406.07 409.04 412.11 413.31 414.48 417.14 418.31 422.16 426.35 433.06 441.35 448.13 453.43
164.58 170.94 176.76 180.19 179.08 178.72 181.21 182.85 184.00 190.18 197.70 204.94 211.61 218.56 225.34 230.20 232.08 228.47 226.54 225.74 226.71 228.71 230.64 232.47 229.45 226.74 227.71 231.54 234.54 236.85 239.19 241.41 243.00 247.78 257.43 265.12 270.81 276.39 282.10 289.12 293.01 295.45 298.10 300.54 302.62 306.39 318.92 335.98 350.44 361.47 366.47 371.98 377.10 386.05 392.14 395.27 398.07 400.03 402.83 404.98 405.78 407.63 409.78 411.85 414.56 417.71 422.45 429.20 436.01 439.74
140.69 149.31 158.98 162.13 162.73 168.16 173.59 180.80 184.14 188.61 193.17 196.50 202.48 208.68 215.46 220.46 221.43 219.48 217.41 217.43 219.30 221.30 223.30 223.48 221.28 218.43 220.30 222.48 225.48 229.30 232.25 236.88 240.88 245.66 252.01 258.25 262.57 264.99 270.77 276.90 282.50 287.21 291.99 296.76 301.32 305.98 316.93 331.31 347.28 359.81 364.88 367.38 370.85 381.52 386.65 390.81 392.79 393.99 395.96 398.25 398.23 400.01 402.23 404.16 407.01 410.23 414.14 419.39 425.50 428.48
122.80 131.17 141.00 145.05 145.86 152.74 162.63 171.62 180.18 183.32 184.30 187.47 193.44 199.42 206.42 211.42 212.42 210.64 209.68 209.92 210.61 212.39 214.42 214.42 212.64 210.68 211.64 213.42 216.44 220.20 224.49 229.68 234.75 239.75 245.54 250.49 252.37 253.06 258.86 266.18 272.37 279.46 285.97 292.23 298.50 305.81 316.67 331.15 349.07 362.90 366.07 365.93 368.02 377.38 383.28 385.14 387.16 387.95 389.97 390.90 390.90 392.66 394.87 397.97 399.66 402.68 407.56 411.49 415.35 418.15
112.58 117.70 125.11 129.93 128.88 134.25 145.55 157.08 164.46 168.48 171.25 176.92 183.67 190.43 197.43 202.36 203.29 202.31 202.13 202.26 203.13 204.11 205.36 205.36 204.31 203.13 203.31 204.36 206.67 210.41 215.29 222.13 227.13 232.20 237.18 241.36 242.54 243.27 247.43 254.76 262.60 271.25 279.22 287.06 294.77 304.43 312.01 326.75 348.99 362.65 366.54 366.27 370.87 375.34 378.75 380.75 381.99 381.90 383.15 384.15 384.08 385.89 388.97 391.15 392.95 395.13 398.29 402.36 406.43 407.52
102.22 107.01 112.73 117.28 119.98 122.42 131.63 142.37 149.16 153.40 157.66 163.66 171.52 179.59 187.07 193.35 195.40 194.61 194.55 195.63 195.55 196.55 196.51 196.51 196.55 195.55 195.31 195.03 194.88 199.96 207.52 214.52 219.58 223.51 228.51 232.27 233.51 235.55 239.58 244.20 251.74 260.83 269.66 277.96 287.87 297.87 304.30 312.43 327.50 342.78 352.48 358.87 366.03 370.81 373.08 375.08 375.03 375.89 375.82 376.85 377.65 379.63 381.55 383.55 385.58 387.58 390.58 393.27 396.22 398.09
93.30 96.44 100.65 102.84 106.81 113.54 120.49 128.79 134.00 138.95 145.65 151.65 157.86 165.92 174.95 182.81 185.59 186.25 187.81 188.74 188.74 189.74 188.84 188.84 189.74 188.68 187.66 185.74 185.74 190.80 201.65 208.65 211.97 216.03 221.03 224.01 225.97 228.87 231.97 235.95 241.14 247.68 255.86 263.32 272.30 282.30 289.49 297.43 303.95 313.42 318.62 333.65 348.23 361.03 368.68 370.68 370.23 369.50 369.44 369.60 370.23 372.94 374.87 376.87 378.03 380.03 383.03 385.08 387.30 387.44
83.14 85.61 88.34 89.30 94.57 101.80 108.54 116.31 120.23 126.60 133.57 139.60 144.53 151.22 160.22 167.96 172.04 176.52 181.49 183.76 184.22 185.45 185.75 185.65 185.25 185.33 184.62 183.99 183.96 187.62 196.28 203.05 205.52 208.48 213.48 216.74 219.55 221.74 225.78 229.82 233.74 238.44 242.69 247.28 255.82 265.63 272.40 278.54 284.25 291.88 298.51 309.54 321.44 340.47 359.85 361.92 353.99 351.43 352.48 352.48 357.02 362.70 366.79 369.05 370.02 372.18 375.41 376.34 377.30 377.30
73.19 74.23 74.49 74.69 82.49 91.30 97.35 103.48 107.48 113.69 121.61 126.69 131.63 136.82 145.88 152.80 156.80 161.88 168.06 172.86 176.55 179.42 181.17 183.70 184.34 184.34 183.49 182.52 183.32 186.31 192.57 197.82 198.79 200.93 205.93 209.95 211.93 214.88 219.75 222.88 226.95 230.07 233.04 237.09 242.34 249.79 255.04 261.19 267.04 274.88 282.11 290.15 296.44 308.49 323.91 324.06 321.77 326.92 328.78 328.78 332.07 339.10 347.20 350.40 352.14 357.61 362.55 363.55 363.69 363.69
64.99 64.95 64.88 64.27 70.87 80.41 85.70 91.38 95.45 100.12 106.44 112.80 118.84 123.37 130.98 139.09 143.09 146.76 153.05 156.94 162.01 165.01 169.16 172.92 175.27 175.56 174.81 176.53 178.89 182.17 187.82 190.67 191.38 193.38 198.38 202.38 204.63 208.71 213.42 216.42 219.38 222.38 225.42 228.34 232.77 236.27 239.47 244.94 250.65 258.73 264.37 273.44 280.23 286.72 290.80 293.20 297.82 304.65 306.36 306.36 309.32 316.15 320.42 320.13 324.24 332.18 335.89 336.61 336.93 336.93
51.70 50.88 52.75 56.36 63.05 70.09 74.34 80.21 82.45 85.68 91.48 98.43 105.31 110.39 118.38 125.50 129.61 131.61 138.62 143.50 148.50 151.44 155.50 159.37 162.32 163.27 164.17 167.19 170.26 174.27 180.96 183.96 183.95 185.83 190.83 194.77 198.67 202.67 206.65 209.71 211.83 214.83 216.95 220.01 223.05 226.09 228.29 231.50 236.49 242.84 247.77 256.77 262.82 267.22 270.27 274.16 280.00 285.11 286.10 286.15 290.15 293.56 294.72 296.42 301.30 306.64 307.87 307.80 307.87 307.93
36.61 34.26 33.54 38.88 49.33 57.98 62.60 68.21 70.21 70.68 77.52 86.25 93.56 99.33 105.14 111.60 113.76 118.22 125.26 130.22 134.91 138.60 142.18 146.18 150.56 152.60 153.60 156.64 158.25 162.25 170.37 173.06 173.37 177.51 182.78 188.13 192.70 196.67 200.32 202.24 204.63 207.28 208.98 210.94 212.87 214.48 217.67 218.18 222.91 226.49 232.64 241.03 245.38 246.50 250.88 254.81 262.19 267.11 267.84 266.85 268.43 270.08 272.39 275.73 280.16 282.78 283.47 284.85 285.85 284.81
20.46 16.56 12.68 20.34 33.41 44.27 50.23 57.07 58.97 60.70 64.89 74.07 82.13 87.12 94.13 97.26 100.32 105.33 111.43 117.33 121.32 126.11 130.23 134.18 139.13 142.03 143.03 145.18 146.23 150.18 157.22 159.22 160.28 164.28 171.24 178.09 184.95 189.74 193.58 195.63 196.85 199.73 200.73 201.88 203.93 204.93 205.29 206.23 209.38 211.52 215.78 222.76 224.85 225.96 231.07 236.98 244.88 251.67 250.82 248.03 248.12 248.11 252.91 257.76 259.79 260.15 260.09 261.99 264.84 262.89
8.84 7.60 12.93 27.37 20.14 32.72 39.13 45.10 49.29 52.65 57.35 64.58 71.50 76.13 81.02 84.48 87.07 91.69 98.07 103.73 107.40 112.36 116.73 122.10 128.50 131.79 132.71 133.43 133.02 138.43 146.17 148.50 148.43 152.10 158.02 165.81 173.59 181.44 187.18 188.40 189.60 192.27 192.90 192.82 193.67 194.38 193.39 192.65 193.96 194.92 197.85 204.93 206.65 207.31 209.92 213.11 223.34 229.76 228.02 225.27 225.80 228.28 233.32 239.19 241.98 239.25 240.61 244.76 246.73 245.47
