Instances/StraitOfJuanDeFuca/GMRTv3_4_20171029topo.asc
ncols 962
nrows 597
xllcorner -124.62890625
yllcorner 48.03328450945562
cellsize 0.0010986328125
nodata_value -2147483648
[rows 124 to 154 of 597, columns 70 to 139 of 962]
-0.96 -1.00 -1.03 18.84 -0.56 -0.68 3.61 4.55 10.17 11.34 13.15 16.12 24.16 31.02 38.84 46.77 53.88 57.09 57.12 58.14 58.23 60.43 64.60 65.67 65.64 62.61 61.52 61.55 62.52 63.58 67.59 69.49 68.53 68.53 71.53 74.56 75.53 78.50 83.53 86.52 88.52 88.58 88.58 87.64 84.64 84.67 83.70 82.72 83.72 85.67 86.66 87.61 90.56 92.53 91.53 88.56 84.59 82.58 78.59 76.59 77.49 77.40 82.43 89.49 96.51 103.39 108.98 105.31 86.86 54.83
-2.51 -2.31 -1.78 -2.25 -0.93 -0.96 -0.91 -0.67 24.27 0.08 29.09 16.16 1.19 2.56 3.09 4.09 11.88 22.84 24.61 25.03 27.48 38.08 45.82 50.49 50.46 47.25 45.83 46.81 47.34 50.44 53.86 54.27 56.03 55.96 59.54 62.61 62.89 65.42 69.90 73.42 76.00 76.98 76.91 77.04 74.55 75.53 75.52 75.75 76.17 76.60 76.55 76.90 78.33 79.89 78.82 76.33 73.97 70.84 67.76 66.27 64.62 64.15 65.91 71.26 76.39 77.33 62.36 21.74 14.48 -6.39
-4.57 -4.05 -3.55 -3.54 -3.04 -2.55 -2.03 -1.55 -1.70 -1.01 -1.79 19.43 22.23 24.13 26.06 29.08 30.81 0.42 0.38 0.46 6.81 11.02 18.64 24.81 27.88 28.12 29.15 31.28 32.28 35.23 38.28 40.26 41.23 42.31 46.35 48.27 50.34 53.34 56.35 61.34 64.39 66.51 67.55 66.56 65.59 67.62 68.69 68.65 68.70 67.72 67.67 68.70 68.62 67.60 67.59 66.62 64.66 62.74 61.90 61.93 61.97 61.97 60.01 59.81 58.01 48.97 -5.41 -0.35 -1.76 -0.47
-6.87 -6.37 -5.87 -5.34 -4.81 -4.53 -3.81 -3.53 -3.03 -2.84 -2.32 -2.87 -2.66 -2.42 -2.33 7.93 8.58 11.24 26.88 28.84 30.49 18.28 18.95 6.07 6.78 11.11 12.86 17.10 18.10 20.12 24.10 25.05 27.27 29.25 34.30 35.25 37.25 40.25 43.69 47.64 51.69 55.86 56.79 56.91 56.45 60.28 63.47 64.01 65.06 65.11 64.67 64.38 63.72 63.63 62.58 62.19 61.85 60.90 62.00 62.00 62.00 62.14 60.59 48.06 15.11 4.92 -0.80 -0.75 -0.97 -0.94
-8.58 -8.08 -7.58 -7.08 -7.07 -6.57 -6.07 -5.60 -5.10 -4.58 -4.08 -3.58 -3.08 -3.07 -2.55 -2.08 -1.56 -1.55 -1.42 -1.45 -1.52 18.69 20.21 -0.58 25.57 3.02 3.04 3.29 4.22 5.08 10.22 11.23 14.16 17.21 22.22 23.22 25.21 28.21 31.21 35.21 39.22 42.18 44.15 43.24 44.21 49.21 54.19 56.24 57.25 57.24 57.24 57.28 60.53 62.79 62.03 62.09 61.97 61.03 62.00 62.30 62.28 55.90 41.40 18.87 -0.93 -0.93 -0.98 -0.98 -0.98 -1.47
-10.90 -10.40 -9.90 -9.40 -8.84 -8.34 -7.84 -7.55 -7.40 -6.90 -6.05 -5.90 -5.40 -4.84 -4.34 -4.05 -3.55 -3.02 -2.55 -2.38 -2.06 -2.29 -2.02 -1.01 6.28 7.94 8.52 11.25 12.18 11.94 -0.21 0.06 3.08 6.14 9.38 10.49 12.99 16.06 19.13 23.13 26.57 29.50 31.08 32.10 32.69 37.13 41.16 42.59 42.25 42.96 42.89 43.52 47.42 53.90 59.06 60.33 57.67 58.57 66.85 17.06 21.34 -5.03 -4.29 -2.14 -1.23 -1.23 -1.44 -1.44 -1.44 -1.41
-12.64 -12.14 -11.61 -11.11 -11.09 -10.59 -10.13 -9.63 -9.11 -8.61 -8.13 -7.61 -7.11 -7.09 -6.59 -6.13 -5.63 -5.13 -4.63 -4.11 -3.61 -3.11 -3.09 -2.57 -2.09 -1.57 -1.04 -1.34 -1.37 11.38 13.64 15.84 17.22 0.46 0.50 0.06 3.29 5.07 7.06 10.99 12.86 16.95 19.04 21.17 22.17 25.05 27.93 27.88 27.93 27.89 28.93 29.93 31.81 37.62 42.34 40.21 35.88 32.11 -7.73 -0.14 -0.94 -0.99 -1.51 -1.51 -1.97 -1.97 -2.01 -2.01 -2.01 -2.01
-25.00 -25.13 -12.10 -12.44 -12.03 -12.01 -12.14 -11.60 -11.10 -10.93 -10.43 -9.93 -9.43 -8.87 -8.37 -8.06 -7.56 -7.06 -6.56 -6.06 -5.56 -5.06 -4.54 -4.41 -3.91 -3.41 -2.91 -2.60 -2.04 -2.09 -1.63 2.46 2.92 4.26 5.22 13.93 8.89 10.30 11.83 14.22 15.89 3.55 5.95 8.35 9.27 12.01 13.45 14.11 13.30 13.23 15.11 16.26 16.48 18.49 20.28 7.56 5.05 -3.22 -1.07 -1.23 -1.76 -1.73 -2.26 -2.26 -2.24 -2.24 -2.43 -2.80 -2.43 -2.43
-32.27 -33.11 -31.76 -29.52 -27.43 -25.48 -14.29 -14.22 -13.62 -13.00 -11.96 -11.46 -11.05 -11.12 -10.62 -10.17 -9.61 -9.16 -8.66 -8.16 -7.66 -7.16 -6.66 -6.14 -5.64 -5.13 -4.63 -4.13 -4.11 -3.61 -3.11 -2.61 -2.14 -2.09 -1.59 -1.63 -1.74 -1.31 10.32 12.27 14.21 18.47 20.25 22.04 24.07 6.50 5.67 4.64 5.86 6.94 5.67 4.15 5.38 5.34 -1.87 -1.52 -1.57 -2.02 -2.02 -2.55 -2.52 -2.99 -3.02 -3.02 -3.02 -3.02 -3.02 -2.99 -3.02 -2.96
-36.72 -34.85 -35.67 -33.16 -32.61 -31.18 -30.82 -29.36 -28.17 -25.24 -19.45 -18.99 -15.43 -11.67 -11.13 -10.81 -11.33 -11.16 -10.66 -10.12 -9.58 -9.08 -8.58 -8.08 -7.58 -7.46 -6.96 -6.46 -5.94 -5.41 -4.91 -4.41 -4.08 -3.94 -3.44 -2.94 -2.56 -2.44 -2.41 -2.12 -2.06 3.16 3.71 4.60 5.19 6.60 7.25 0.30 0.97 18.53 17.78 15.32 -0.02 -0.40 -2.26 -2.62 -2.76 -3.12 -3.12 -3.28 -3.62 -3.60 -3.78 -3.78 -3.78 -3.78 -3.70 -3.70 -4.04 -3.87
-41.37 -41.04 -38.37 -38.62 -37.39 -34.91 -33.90 -33.41 -32.52 -32.76 -31.52 -30.50 -28.03 -22.98 -23.07 -22.57 -15.47 -12.72 -12.22 -11.78 -11.53 -11.04 -10.62 -10.20 -9.70 -9.17 -8.66 -8.16 -7.66 -7.63 -7.13 -6.63 -6.20 -5.67 -5.16 -4.66 -4.63 -4.17 -3.66 -3.63 -3.17 -3.13 -3.14 -2.70 -2.63 -2.63 -2.63 -2.61 -2.61 -2.97 -3.43 -2.91 -3.61 -3.64 -3.61 -3.58 -4.05 -4.09 -4.08 -4.08 -4.53 -4.53 -4.53 -4.52 -4.52 -4.63 -5.76 -5.71 -6.08 -6.15
-45.76 -43.93 -43.39 -43.29 -40.74 -39.50 -39.45 -38.04 -38.11 -35.04 -34.41 -32.63 -32.26 -32.01 -31.93 -31.64 -29.89 -27.77 -27.27 -18.78 -14.80 -14.02 -12.74 -12.03 -11.49 -11.07 -10.99 -10.49 -9.99 -9.48 -8.94 -8.44 -8.10 -7.60 -7.49 -6.99 -6.44 -6.10 -5.99 -5.44 -5.10 -4.98 -4.58 -4.60 -4.48 -4.48 -4.48 -4.48 -4.48 -4.68 -4.66 -4.68 -4.60 -4.77 -5.16 -5.12 -5.10 -5.27 -5.66 -5.66 -5.64 -5.64 -5.21 -5.81 -5.85 -7.31 -7.84 -6.89 -7.10 -6.95
-50.65 -49.46 -46.93 -47.44 -45.06 -43.59 -42.49 -41.50 -40.92 -39.42 -38.94 -37.93 -36.06 -35.55 -33.74 -35.43 -34.34 -32.98 -32.34 -32.43 -33.01 -31.00 -22.60 -17.00 -17.05 -14.37 -12.50 -12.02 -11.50 -11.18 -11.16 -10.66 -10.24 -9.72 -9.20 -8.69 -8.66 -8.23 -7.69 -7.66 -7.23 -6.69 -6.73 -6.66 -6.20 -6.20 -6.20 -6.20 -6.13 -6.13 -6.13 -6.13 -6.21 -6.21 -6.18 -6.64 -6.64 -6.64 -6.61 -6.59 -6.53 -6.56 -7.63 -9.67 -9.22 -9.67 -8.68 -8.66 -8.50 -7.61
-55.18 -52.66 -51.49 -50.70 -50.01 -49.50 -46.77 -46.51 -44.76 -43.88 -42.28 -41.20 -41.56 -39.77 -38.85 -39.62 -38.22 -37.68 -36.51 -36.20 -34.34 -34.07 -33.51 -32.75 -31.57 -28.16 -25.03 -23.76 -24.14 -13.48 -11.79 -11.33 -10.94 -12.14 -11.20 -11.10 -10.55 -10.12 -10.03 -9.47 -9.12 -9.03 -8.62 -8.51 -8.12 -8.12 -8.12 -8.16 -8.01 -8.01 -8.01 -7.61 -7.76 -7.79 -7.83 -7.81 -7.85 -7.41 -7.44 -8.58 -11.73 -10.19 -12.22 -11.73 -11.01 -10.74 -10.26 -10.18 -9.11 -8.78
-59.79 -56.74 -56.57 -56.20 -55.00 -53.16 -51.58 -51.59 -49.59 -48.56 -46.72 -44.71 -43.92 -44.35 -41.79 -42.55 -41.64 -42.05 -41.06 -40.03 -39.09 -37.49 -37.46 -35.46 -35.10 -34.56 -34.51 -33.38 -31.92 -28.08 -26.99 -26.02 -26.16 -13.63 -13.47 -13.16 -12.90 -11.81 -11.44 -11.40 -10.87 -10.44 -10.39 -9.94 -10.15 -9.90 -9.90 -9.45 -9.47 -9.39 -9.39 -9.43 -9.43 -9.37 -9.48 -9.48 -8.95 -14.77 -14.24 -15.07 -15.56 -14.88 -14.19 -13.57 -12.82 -12.61 -12.11 -11.04 -10.65 -10.14
-62.94 -63.43 -61.81 -61.10 -59.76 -58.31 -56.43 -56.05 -54.02 -53.05 -51.78 -51.46 -48.97 -47.81 -48.94 -47.23 -47.53 -46.97 -45.63 -44.59 -43.63 -42.50 -41.20 -40.09 -40.10 -39.13 -37.72 -35.99 -34.80 -34.30 -32.27 -32.20 -31.58 -30.59 -28.93 -30.50 -27.54 -18.23 -18.38 -17.56 -18.13 -17.08 -16.94 -16.96 -12.66 -16.14 -16.14 -15.77 -15.05 -14.54 -14.54 -14.16 -14.20 -16.59 -19.29 -19.36 -18.76 -18.41 -17.94 -16.81 -16.02 -15.54 -15.25 -14.99 -14.89 -13.61 -13.15 -12.11 -12.13 -12.04
-69.23 -67.48 -66.97 -65.57 -65.55 -61.64 -61.74 -61.36 -59.61 -58.14 -55.74 -54.96 -53.50 -54.12 -53.10 -51.89 -51.60 -51.44 -49.59 -49.04 -47.67 -46.60 -45.63 -44.63 -44.54 -43.00 -41.66 -41.16 -39.20 -38.55 -36.77 -35.98 -35.10 -34.97 -34.90 -34.18 -33.53 -32.69 -32.97 -30.89 -32.71 -30.20 -30.20 -30.29 -23.96 -28.10 -28.06 -27.69 -26.21 -25.78 -25.79 -25.29 -24.76 -24.18 -22.96 -21.62 -22.97 -21.21 -20.17 -18.49 -19.37 -16.82 -17.38 -17.02 -15.27 -15.72 -14.67 -14.28 -14.20 -13.59
-73.26 -72.45 -71.12 -67.94 -67.46 -66.70 -66.77 -65.62 -63.25 -63.04 -62.10 -59.03 -58.77 -58.42 -57.26 -57.26 -55.76 -55.12 -54.15 -52.75 -52.73 -50.72 -49.76 -48.72 -48.21 -47.14 -47.12 -45.26 -44.59 -41.75 -43.17 -41.02 -39.22 -38.71 -37.72 -36.71 -35.03 -34.37 -35.38 -33.77 -33.84 -33.06 -33.13 -33.29 -31.24 -32.19 -29.73 -32.42 -28.30 -29.16 -28.73 -28.41 -27.91 -27.96 -27.32 -25.48 -24.29 -23.71 -23.10 -23.01 -20.74 -20.31 -19.75 -17.97 -18.13 -16.76 -16.11 -16.55 -16.14 -14.63
-77.79 -76.63 -74.25 -74.42 -73.31 -70.61 -69.77 -68.51 -67.78 -67.57 -64.92 -65.27 -64.22 -64.59 -61.78 -62.02 -60.39 -59.68 -58.58 -57.18 -55.90 -55.62 -54.18 -53.62 -53.24 -51.58 -50.63 -49.47 -48.65 -47.69 -44.56 -44.61 -44.13 -44.16 -42.47 -41.61 -41.84 -42.50 -39.33 -37.84 -37.45 -36.23 -35.77 -35.37 -35.39 -36.07 -33.55 -33.35 -33.27 -33.10 -33.15 -30.45 -29.94 -28.98 -28.27 -27.94 -27.57 -27.65 -27.16 -23.59 -23.23 -23.03 -20.83 -20.97 -19.25 -18.80 -18.84 -18.63 -16.71 -16.79
-82.25 -81.61 -80.57 -79.22 -76.84 -76.41 -75.27 -73.09 -72.62 -72.10 -71.80 -70.22 -68.68 -68.15 -66.72 -65.69 -65.37 -64.21 -62.70 -61.71 -60.12 -59.73 -58.71 -57.77 -56.91 -55.70 -54.41 -53.59 -53.25 -51.70 -50.12 -49.74 -47.76 -48.32 -48.25 -46.49 -47.07 -46.96 -45.27 -43.20 -41.12 -38.59 -40.03 -38.77 -40.40 -37.81 -37.91 -37.47 -35.81 -35.30 -34.87 -34.86 -34.90 -33.49 -31.84 -31.85 -30.51 -27.61 -26.67 -26.79 -25.83 -24.78 -23.99 -22.79 -21.55 -21.52 -21.48 -19.66 -19.05 -19.88
-88.04 -86.12 -84.80 -83.93 -82.33 -81.12 -79.30 -78.22 -78.76 -76.63 -74.06 -73.11 -73.60 -72.76 -71.25 -70.24 -69.21 -68.63 -67.24 -66.24 -64.30 -63.58 -63.02 -61.17 -61.14 -60.24 -58.63 -58.13 -57.10 -56.13 -54.85 -52.86 -52.97 -51.47 -52.74 -51.83 -51.06 -48.94 -47.71 -47.87 -47.03 -46.15 -44.55 -43.72 -43.57 -41.25 -38.55 -38.83 -37.90 -37.43 -37.15 -36.95 -34.68 -34.53 -34.63 -34.42 -33.68 -32.23 -31.75 -29.70 -28.98 -28.42 -26.22 -24.94 -24.37 -23.41 -23.85 -22.05 -21.87 -22.44
-92.91 -90.64 -90.19 -90.21 -86.33 -85.60 -84.66 -81.65 -81.87 -80.66 -79.97 -78.63 -75.92 -74.20 -75.33 -74.81 -73.81 -72.80 -71.81 -70.77 -69.73 -68.14 -66.72 -65.81 -64.85 -64.84 -62.69 -62.26 -61.30 -60.26 -59.81 -59.18 -59.18 -58.16 -57.34 -55.83 -53.45 -54.87 -52.81 -49.77 -52.36 -50.91 -50.81 -47.18 -47.35 -47.17 -42.76 -43.20 -42.09 -40.77 -38.76 -39.52 -37.86 -36.78 -36.06 -34.59 -34.58 -34.21 -34.19 -33.58 -32.03 -30.61 -28.44 -28.03 -27.02 -26.50 -26.08 -25.54 -24.49 -25.50
-96.87 -95.96 -94.65 -93.03 -91.58 -91.39 -89.97 -89.28 -87.64 -86.80 -85.35 -82.87 -82.02 -82.03 -80.20 -78.74 -77.76 -76.88 -75.76 -75.33 -73.64 -73.34 -71.84 -69.87 -69.17 -68.23 -68.25 -66.55 -65.13 -64.70 -63.64 -62.86 -62.35 -62.01 -60.89 -60.61 -59.17 -60.14 -57.44 -56.66 -55.59 -54.08 -53.60 -54.38 -52.04 -50.50 -50.75 -47.62 -47.96 -46.63 -45.36 -43.50 -41.42 -41.63 -39.62 -38.10 -38.58 -38.13 -36.91 -35.31 -34.47 -32.86 -32.17 -30.48 -29.35 -29.91 -28.88 -28.24 -27.76 -28.52
-102.29 -100.84 -99.66 -98.55 -96.82 -95.38 -94.42 -92.75 -92.01 -90.37 -89.38 -88.26 -87.26 -85.91 -84.71 -84.21 -82.33 -81.84 -80.30 -78.96 -77.82 -77.83 -76.33 -75.26 -73.78 -72.83 -72.36 -70.74 -69.74 -68.40 -67.86 -67.45 -66.23 -66.27 -64.54 -64.02 -62.57 -62.52 -61.70 -62.92 -60.21 -59.38 -56.92 -57.97 -57.38 -53.89 -51.12 -53.42 -49.71 -51.46 -48.42 -49.06 -48.39 -44.44 -44.55 -43.65 -41.89 -39.64 -39.01 -38.32 -37.89 -35.50 -35.51 -33.51 -32.35 -33.25 -31.89 -31.63 -31.65 -31.60
-106.29 -105.49 -104.49 -103.78 -102.03 -100.51 -98.98 -98.32 -96.64 -95.25 -94.27 -92.86 -91.86 -90.36 -90.05 -88.31 -86.99 -86.38 -85.27 -83.91 -82.64 -82.25 -80.88 -79.88 -77.96 -77.35 -76.32 -75.36 -74.36 -73.01 -71.82 -71.32 -70.89 -70.21 -69.27 -66.44 -67.82 -67.30 -66.69 -63.87 -64.63 -62.73 -62.01 -61.27 -60.83 -58.25 -58.03 -56.54 -55.39 -54.78 -53.41 -52.53 -51.23 -49.55 -48.03 -47.14 -46.51 -45.05 -43.95 -43.57 -42.29 -39.19 -38.95 -37.47 -37.27 -35.82 -35.87 -34.39 -33.18 -33.45
-111.69 -110.37 -109.40 -107.39 -106.87 -105.83 -104.36 -101.92 -101.51 -99.78 -98.32 -97.30 -96.39 -94.89 -94.47 -93.35 -91.96 -90.49 -89.45 -87.99 -87.51 -85.95 -84.96 -83.96 -82.93 -82.32 -80.89 -79.92 -78.89 -77.47 -76.39 -75.92 -74.53 -73.98 -73.41 -72.77 -70.32 -70.58 -69.95 -69.41 -66.36 -66.79 -66.23 -66.38 -62.94 -61.86 -62.85 -60.01 -58.00 -58.36 -56.24 -56.44 -55.49 -54.00 -52.71 -51.85 -51.00 -50.36 -47.07 -45.95 -44.66 -43.32 -41.91 -42.03 -41.45 -38.70 -38.03 -37.93 -37.98 -37.47
-117.49 -115.33 -113.90 -113.28 -111.98 -110.42 -108.63 -107.06 -105.38 -104.94 -104.30 -103.75 -100.90 -99.71 -98.78 -97.37 -95.44 -94.35 -92.65 -91.85 -91.51 -90.40 -89.56 -88.58 -87.03 -86.78 -85.44 -83.85 -83.42 -82.08 -80.90 -79.90 -79.10 -77.74 -77.24 -77.31 -75.32 -73.54 -74.19 -73.74 -72.17 -70.13 -70.46 -69.56 -68.53 -68.16 -66.58 -63.35 -64.41 -61.81 -63.01 -59.69 -59.12 -57.62 -57.71 -55.72 -54.87 -54.13 -52.46 -51.69 -49.22 -49.17 -46.94 -45.35 -44.56 -42.83 -41.72 -41.04 -40.51 -39.97
-121.98 -119.03 -118.92 -118.46 -116.01 -114.89 -114.87 -112.84 -109.86 -109.80 -108.99 -106.70 -105.89 -105.02 -102.94 -102.39 -101.80 -99.86 -98.26 -97.33 -96.92 -95.42 -94.43 -92.99 -91.96 -90.94 -89.48 -89.39 -87.95 -86.55 -85.92 -83.98 -83.08 -81.94 -81.47 -80.59 -79.47 -77.85 -76.59 -74.77 -76.13 -76.35 -74.78 -73.38 -71.98 -69.28 -70.97 -67.92 -67.18 -67.50 -64.72 -64.38 -62.41 -60.97 -60.50 -60.38 -59.95 -57.03 -56.27 -55.19 -54.08 -53.11 -51.89 -49.95 -48.50 -48.06 -46.36 -45.35 -44.94 -45.40
-125.63 -123.56 -123.39 -123.13 -121.15 -120.11 -118.15 -117.36 -116.42 -116.11 -113.71 -111.13 -110.44 -108.87 -107.63 -107.31 -106.27 -104.10 -103.11 -101.81 -100.81 -99.27 -99.25 -98.21 -96.67 -95.63 -94.32 -92.89 -92.33 -90.75 -89.58 -89.02 -87.48 -86.65 -85.62 -84.46 -83.29 -82.88 -81.69 -80.00 -79.43 -78.29 -79.40 -78.28 -77.47 -74.59 -73.56 -72.36 -72.65 -68.87 -69.04 -68.67 -67.97 -66.06 -65.92 -64.69 -63.27 -61.30 -59.14 -58.62 -57.43 -57.14 -56.50 -54.13 -51.52 -52.00 -52.31 -50.69 -49.21 -47.45
-129.45 -129.47 -129.47 -127.99 -125.68 -122.99 -121.33 -120.55 -121.15 -120.11 -117.47 -115.99 -115.93 -114.60 -112.51 -112.12 -111.15 -108.99 -108.46 -106.45 -104.48 -103.90 -102.02 -102.17 -100.67 -100.54 -99.46 -97.96 -96.48 -96.05 -94.85 -93.51 -91.98 -91.07 -90.07 -88.56 -87.50 -86.56 -86.09 -85.10 -83.53 -83.04 -82.54 -81.04 -80.54 -78.89 -77.50 -76.33 -75.52 -74.91 -72.94 -72.58 -71.04 -69.56 -69.56 -68.08 -67.03 -66.84 -66.36 -62.14 -61.53 -61.14 -60.59 -58.87 -57.29 -55.08 -58.22 -55.15 -54.74 -52.59
-135.59 -134.93 -133.71 -132.91 -130.20 -128.94 -128.35 -126.13 -123.74 -123.42 -122.95 -121.78 -119.65 -117.53 -117.33 -116.13 -114.05 -113.93 -112.69 -111.02 -110.88 -109.65 -108.17 -105.75 -104.65 -104.50 -102.94 -102.56 -101.43 -100.00 -99.37 -98.04 -97.10 -95.54 -94.37 -93.04 -92.04 -91.04 -89.86 -89.02 -88.27 -87.02 -85.96 -84.46 -83.63 -83.06 -81.91 -81.82 -80.29 -79.23 -77.56 -74.72 -74.28 -75.13 -73.56 -72.00 -72.12 -69.60 -68.09 -67.22 -66.06 -64.86 -64.38 -63.95 -62.06 -61.17 -59.65 -57.29 -56.39 -55.24
