Instances/StraitOfJuanDeFuca/GMRTv3_4_20171029topo.asc
ncols 962
nrows 597
xllcorner -124.62890625
yllcorner 48.03328450945562
cellsize 0.0010986328125
nodata_value -2147483648
[rows 62 to 92 of 597, columns 0 to 69 of 962]
359.27 343.33 327.79 313.39 292.40 261.47 235.68 212.96 191.71 162.18 133.70 124.56 123.71 123.00 123.25 129.79 150.74 189.24 233.31 271.23 303.25 323.54 328.73 327.11 317.20 303.03 296.22 299.69 300.18 302.24 313.62 340.08 378.69 420.20 455.42 493.16 526.26 548.44 573.12 596.42 616.42 632.26 635.04 621.57 600.07 580.68 562.34 551.41 551.71 565.26 583.95 602.55 622.37 644.76 664.94 671.18 671.72 669.70 662.39 656.64 658.37 658.91 660.49 663.93 666.18 667.47 669.29 670.61 672.99 684.90
355.06 335.03 317.12 296.85 269.24 242.91 220.20 201.16 178.49 142.78 125.30 124.05 122.99 122.94 124.39 145.99 182.86 224.26 266.94 305.06 333.99 351.40 354.73 352.60 341.42 327.44 319.78 312.82 307.27 304.74 305.25 320.05 361.74 394.66 422.24 455.26 483.63 500.57 517.07 536.42 558.41 574.49 576.71 573.94 566.83 551.28 535.96 537.98 542.31 550.42 566.95 588.11 606.32 624.76 643.88 661.56 664.58 653.56 645.90 646.12 650.86 655.42 660.10 665.77 669.61 671.73 671.84 672.91 688.77 712.49
337.54 324.06 306.50 280.96 252.45 222.71 195.13 171.80 145.30 126.56 123.97 122.93 122.96 125.30 139.07 168.52 213.12 260.41 300.86 336.87 361.54 369.91 370.24 368.32 361.82 351.40 338.03 325.93 316.03 309.49 305.36 305.99 328.85 367.58 394.07 418.07 443.80 464.54 478.36 491.39 507.18 523.78 530.28 532.37 529.87 519.01 507.55 516.71 526.77 536.12 549.17 567.11 582.65 597.74 615.99 627.98 628.99 626.82 629.17 634.74 641.41 648.84 656.38 664.85 671.12 671.05 670.93 673.00 690.32 711.58
317.30 308.55 289.04 261.82 235.95 202.86 167.28 137.36 124.88 123.15 123.14 123.00 123.40 136.40 164.64 201.71 249.10 289.80 325.20 357.73 376.91 380.05 376.47 372.75 368.84 365.45 353.05 337.16 327.00 319.94 312.91 311.58 326.84 349.61 371.37 398.60 419.90 437.12 452.13 463.06 475.01 486.42 495.50 501.34 500.20 492.68 489.10 495.64 504.09 515.10 530.02 545.09 560.13 568.62 580.26 591.40 596.83 604.02 611.73 618.50 627.37 636.33 642.58 651.64 662.48 668.83 671.30 673.10 683.74 695.61
302.81 288.99 265.96 241.67 216.28 185.76 141.80 119.73 118.14 120.25 121.45 123.56 138.20 160.16 191.22 233.08 277.74 314.43 348.05 376.40 391.57 390.46 382.55 375.54 369.77 367.89 358.29 344.58 336.57 331.25 327.05 330.65 340.77 350.52 365.40 384.23 400.79 415.98 428.74 442.66 454.70 464.98 473.51 479.51 479.54 476.11 476.33 479.46 484.19 492.35 506.04 521.48 535.06 541.94 549.04 555.69 566.03 578.45 590.63 602.41 612.49 620.11 623.99 631.66 642.75 651.24 660.69 668.73 674.70 676.49
272.41 262.03 244.84 224.59 202.58 166.52 119.66 107.26 111.52 117.13 123.47 135.49 160.09 189.54 222.35 256.94 299.55 338.36 370.25 400.19 412.59 404.90 387.81 375.21 368.11 365.14 357.91 350.47 347.19 345.05 342.91 347.84 353.04 358.49 364.02 371.83 382.31 397.31 412.08 424.11 435.18 446.23 458.09 464.09 465.02 461.98 461.94 465.99 471.87 478.86 487.94 502.22 515.26 523.14 530.22 536.98 546.00 555.26 571.09 589.79 599.79 605.90 607.88 613.02 622.34 628.44 638.66 649.73 658.77 656.81
239.80 231.51 215.88 195.83 167.76 125.97 92.35 83.06 101.45 117.94 134.33 159.05 187.98 223.67 257.18 288.03 323.57 362.14 396.59 421.42 425.19 412.94 386.21 370.74 366.55 365.43 361.99 359.61 358.70 356.89 358.35 363.30 364.50 364.04 365.31 365.59 368.81 379.97 397.21 411.55 423.17 432.43 443.59 449.30 450.30 448.71 449.45 451.72 458.50 466.55 476.52 487.30 498.47 508.02 515.02 525.21 535.46 544.38 561.41 581.20 590.92 595.51 597.51 602.18 606.14 611.16 616.38 625.74 629.80 628.17
198.09 190.31 180.49 149.65 121.17 94.60 69.69 65.34 90.14 123.62 151.04 179.50 221.96 258.88 287.08 320.09 351.88 371.16 392.97 404.61 403.80 387.65 372.68 367.17 366.03 365.06 365.96 364.88 364.76 366.94 383.01 389.21 382.42 372.67 368.13 366.73 366.00 370.30 385.52 407.09 422.83 429.07 432.48 435.66 436.66 436.57 435.62 434.76 438.93 450.94 462.76 473.73 483.69 491.79 498.83 512.73 527.39 541.17 559.11 576.29 583.42 586.51 588.54 591.59 594.59 597.69 601.70 605.94 607.07 606.04
172.87 151.33 130.78 109.37 88.96 72.45 63.24 66.12 99.08 133.38 164.31 207.09 252.66 289.56 316.24 347.96 364.22 367.02 374.15 376.99 372.68 366.93 365.93 364.91 364.93 365.00 366.00 365.50 371.83 398.97 420.49 419.36 414.91 410.68 399.22 377.16 367.84 367.81 379.55 406.34 425.29 427.62 427.31 427.76 428.35 429.47 428.83 427.63 428.21 435.57 448.64 461.83 473.56 482.74 489.49 503.03 522.15 539.01 556.50 569.93 575.91 577.43 578.36 581.42 584.06 586.65 588.56 591.08 591.01 590.78
147.32 120.02 100.92 80.89 66.49 63.21 62.87 82.95 124.76 156.58 191.32 229.03 262.91 288.38 306.68 329.08 353.75 365.24 366.19 365.30 363.20 363.11 363.09 364.04 365.00 365.00 366.00 367.81 395.18 425.53 425.96 426.98 427.93 425.12 406.60 381.24 369.97 368.96 381.93 402.21 417.39 425.20 427.02 427.00 426.99 427.03 428.00 427.04 426.99 428.15 436.28 453.19 469.06 481.01 489.04 502.95 524.89 544.88 555.11 562.27 567.36 568.36 569.36 571.42 572.45 574.48 575.51 577.56 577.56 574.63
113.22 97.10 79.82 66.60 61.78 61.24 75.92 120.66 164.44 206.70 234.33 248.38 262.20 279.20 292.93 307.15 333.13 352.38 358.54 358.69 359.03 360.42 361.93 363.94 365.44 365.38 366.00 371.26 403.85 427.04 426.03 423.25 420.84 412.19 385.84 371.87 369.17 368.62 380.90 395.92 406.89 416.58 424.23 426.84 427.44 427.00 428.06 427.00 427.00 427.70 436.12 453.74 471.86 483.28 490.32 505.69 523.46 539.62 549.87 555.75 558.17 559.67 560.23 561.16 561.72 562.71 563.21 563.07 562.86 559.37
90.49 76.37 64.20 63.07 60.94 71.45 118.01 165.15 213.16 240.66 247.88 255.87 265.89 277.97 291.95 305.93 327.07 341.17 348.18 353.10 356.05 360.00 361.98 364.96 366.00 366.98 365.98 370.05 392.33 412.57 410.56 403.56 398.56 389.51 374.23 368.05 367.03 367.02 375.12 386.25 395.28 404.31 412.35 421.27 428.13 427.07 427.05 427.00 426.98 430.90 446.82 463.85 479.96 486.98 492.00 504.07 517.14 530.17 542.19 549.14 551.11 552.13 552.13 553.13 553.12 553.14 554.14 554.21 549.41 537.72
68.95 64.41 61.27 60.91 76.04 112.70 160.84 194.84 233.70 244.67 249.24 257.54 269.14 280.49 296.08 309.49 322.87 334.68 341.97 349.33 355.29 360.82 363.95 366.07 366.00 366.53 367.07 367.46 375.45 382.62 382.81 378.41 375.48 370.44 365.73 365.40 365.76 366.77 370.16 376.07 382.83 387.93 393.63 400.98 409.35 416.97 423.22 427.00 429.30 437.32 450.37 464.89 477.22 485.34 491.53 500.99 511.44 523.02 533.02 543.15 548.58 549.93 549.40 549.93 550.52 550.52 547.69 539.01 523.96 497.54
62.81 65.67 80.58 95.54 125.62 161.75 192.86 219.86 238.96 245.01 246.03 250.06 261.09 274.08 289.08 304.06 314.06 327.05 338.02 348.99 357.97 363.98 365.99 366.00 366.00 365.99 367.01 366.04 364.07 366.09 365.11 361.10 358.10 356.09 356.07 357.06 360.06 362.05 364.05 367.06 368.08 369.09 370.11 371.12 376.11 395.07 417.03 426.99 433.96 444.95 455.95 467.96 479.96 486.98 491.00 499.01 508.02 517.04 526.05 536.07 545.05 549.03 549.00 549.02 548.09 539.16 523.22 504.34 472.50 432.49
127.94 155.10 168.64 173.19 177.36 189.97 208.96 233.26 243.94 242.88 244.00 243.68 247.49 258.35 275.91 295.06 308.00 321.75 336.62 349.37 361.75 366.56 366.38 366.06 365.30 363.86 360.10 355.29 352.16 352.04 348.92 346.91 345.48 344.42 345.42 347.99 350.92 353.93 356.87 359.87 361.31 363.31 363.63 365.69 376.39 398.33 418.20 430.13 440.20 451.69 463.26 476.39 486.44 488.12 490.50 497.62 504.68 510.68 516.67 523.73 531.91 539.85 543.28 536.46 522.95 499.79 468.47 428.53 384.08 357.83
178.21 181.06 183.01 185.01 187.03 201.04 217.03 232.96 240.94 242.98 241.98 243.00 242.99 244.94 263.92 293.99 311.03 321.00 332.95 342.91 351.88 358.87 359.86 355.83 349.83 345.81 341.83 338.84 336.86 336.86 333.86 333.88 332.88 333.90 335.91 338.92 342.94 346.94 351.95 354.96 357.98 360.99 364.00 366.02 379.02 405.03 425.03 431.01 443.01 455.00 465.99 477.95 484.93 486.96 489.98 493.95 497.92 500.90 503.87 506.84 510.81 514.77 513.73 505.64 479.45 435.34 375.38 340.45 328.63 311.79
182.77 182.59 184.06 185.40 190.05 202.06 216.13 227.43 234.24 238.76 241.41 242.93 243.53 244.54 258.49 290.40 310.32 319.19 326.02 331.85 338.39 341.74 339.55 335.03 331.08 326.62 324.67 322.67 322.27 321.67 320.19 320.19 320.72 323.85 326.84 331.43 336.49 340.89 346.36 351.88 356.88 361.40 365.00 370.65 384.78 405.66 424.20 431.53 442.66 452.01 462.08 469.37 474.31 479.56 484.75 488.56 490.24 490.92 491.80 493.87 495.35 495.14 487.54 455.09 406.23 363.06 331.60 311.97 306.69 308.07
183.00 183.02 184.02 188.06 193.12 202.04 211.94 221.91 230.94 238.02 243.04 244.04 244.00 243.98 251.80 276.63 301.79 311.80 315.72 319.66 322.59 323.55 320.57 316.59 313.61 308.62 307.55 307.55 307.55 307.61 307.67 307.71 309.75 313.73 317.77 322.75 327.72 334.80 341.86 349.96 358.02 364.04 367.04 374.03 388.02 402.94 418.87 430.94 438.88 447.86 454.81 460.74 463.73 467.69 472.65 480.66 485.78 488.93 489.94 489.74 479.04 457.41 421.87 371.95 329.71 312.39 307.77 307.07 316.72 342.28
183.00 184.06 185.55 190.12 198.28 205.10 212.99 221.37 229.81 239.06 244.19 245.12 244.00 244.00 245.53 264.39 292.83 305.37 306.92 308.38 309.20 309.14 308.53 304.10 299.61 294.11 288.96 286.84 287.83 290.87 294.54 297.64 301.12 304.00 308.49 311.37 314.82 324.21 335.37 347.95 358.50 364.50 368.06 375.06 388.07 400.95 413.85 425.92 433.85 441.30 446.12 450.77 452.65 455.09 457.98 462.88 470.26 474.30 470.36 454.91 419.00 380.20 341.09 314.51 308.76 307.74 309.61 326.53 361.57 399.45
183.00 184.00 187.06 192.10 200.06 208.13 216.13 224.12 232.13 239.04 241.91 243.90 243.96 244.00 245.99 257.79 279.50 298.62 305.94 304.94 304.94 304.92 301.66 292.42 283.27 274.17 268.10 264.11 268.21 275.40 282.56 288.69 294.74 298.81 302.84 303.89 305.82 310.78 326.79 344.87 359.92 365.99 368.00 377.03 386.98 397.88 407.78 418.72 427.71 433.68 437.64 439.52 440.56 441.50 442.43 444.30 445.13 443.01 432.46 396.76 352.38 317.69 302.82 304.75 307.16 316.00 344.01 381.39 419.43 456.94
183.00 184.59 188.58 194.63 202.10 211.22 219.15 227.74 235.15 240.58 240.95 241.97 242.42 243.55 243.90 252.23 268.45 287.07 300.51 305.63 305.63 301.37 290.66 276.72 264.88 255.14 249.66 247.83 251.17 261.47 273.41 282.56 289.01 295.18 300.76 304.52 306.07 314.36 327.07 342.37 355.13 364.35 368.38 377.00 385.88 394.26 402.75 412.17 419.53 426.05 430.05 430.33 431.86 432.40 432.35 433.12 431.89 417.84 383.30 337.08 293.23 268.97 272.67 296.67 322.46 354.59 394.70 433.63 469.02 484.93
183.00 185.00 190.09 196.14 205.18 213.14 222.23 231.17 238.18 242.04 240.95 240.92 240.86 240.84 240.78 244.62 256.25 271.04 284.94 294.80 294.69 282.72 271.85 260.02 250.35 245.77 244.93 244.97 245.97 254.00 266.89 278.96 288.09 296.14 303.12 306.04 308.14 317.14 329.09 340.96 352.96 364.06 372.11 377.00 383.86 390.78 396.71 404.57 411.47 419.42 426.66 428.00 428.00 428.91 428.43 424.53 401.98 359.15 314.33 277.32 253.81 248.19 262.61 304.87 355.03 395.11 426.29 457.63 485.25 488.09
182.93 185.55 191.53 199.20 208.20 216.75 226.18 234.82 240.58 242.00 238.85 238.30 237.39 236.15 235.24 237.02 242.60 253.85 264.58 269.84 267.67 261.04 253.09 245.39 242.91 244.40 244.38 244.30 248.01 259.76 271.14 283.00 293.33 299.75 304.67 305.93 311.20 320.20 330.60 340.93 353.07 364.50 372.07 376.52 380.94 385.79 391.31 396.11 399.36 402.58 411.21 424.00 428.52 423.49 401.64 372.68 333.39 292.77 263.64 250.46 254.32 281.00 318.03 354.53 392.45 422.15 437.85 460.98 481.34 488.86
184.04 187.04 194.16 202.22 211.29 221.26 230.32 238.29 243.23 242.08 235.78 233.60 230.45 228.31 225.15 225.04 228.87 235.54 244.30 248.27 247.36 242.65 240.10 238.62 240.89 242.88 243.98 245.38 253.78 269.77 284.01 297.91 303.53 304.21 305.00 307.04 314.16 323.16 332.05 341.99 351.83 362.77 370.70 373.56 375.40 377.25 380.02 381.87 380.41 374.74 376.02 383.15 383.52 369.19 343.24 303.26 263.85 250.43 250.44 261.28 296.39 333.25 368.34 400.77 421.15 427.08 436.90 457.54 471.15 481.14
184.00 186.85 195.55 205.97 216.02 225.55 236.18 243.02 246.03 242.90 233.05 227.07 221.80 217.05 213.01 210.66 210.83 212.31 215.86 218.63 221.14 225.10 229.17 234.13 238.65 242.54 245.74 253.62 267.76 282.18 297.25 304.57 305.48 305.04 305.00 307.00 315.12 324.26 331.57 339.36 347.81 356.61 363.57 367.33 368.14 368.52 368.92 369.31 358.16 343.20 336.65 333.98 325.17 300.15 277.19 255.75 247.85 252.20 272.35 296.76 329.48 365.10 398.85 421.35 426.75 427.65 434.22 448.65 459.08 466.23
184.00 189.20 198.30 208.07 218.00 228.88 240.68 244.61 240.99 233.73 224.97 216.82 209.74 204.91 200.98 197.89 193.72 190.65 188.53 189.39 195.32 208.74 220.17 229.59 238.01 244.14 250.43 263.73 278.64 295.86 305.36 305.00 305.00 305.00 305.00 307.01 313.88 320.60 327.42 332.35 337.97 343.69 350.63 357.56 360.50 359.30 356.70 344.12 325.28 305.52 297.70 289.63 273.87 252.55 245.87 248.65 262.96 285.70 303.86 316.26 342.19 370.64 392.91 412.86 423.43 427.93 429.77 439.07 445.67 449.32
184.00 189.43 198.94 206.33 214.07 221.85 228.15 229.57 222.27 215.66 207.99 199.41 194.23 193.35 191.61 187.42 184.63 184.04 183.76 183.79 186.28 198.42 212.18 225.74 237.39 245.04 253.19 267.31 280.81 297.10 305.19 305.07 304.93 304.93 304.93 306.32 311.14 315.52 319.91 322.87 325.89 328.52 332.51 335.54 334.71 329.20 316.93 288.84 261.40 252.44 251.72 249.89 245.45 246.91 249.83 275.93 308.86 328.33 334.53 342.49 354.69 364.82 380.48 400.24 415.23 425.51 427.89 430.97 432.27 430.80
184.02 187.74 194.32 198.99 203.66 207.39 210.18 208.04 203.27 196.30 189.66 185.27 184.55 184.55 185.55 183.89 184.00 184.00 184.00 182.94 185.90 194.70 208.59 221.62 235.73 244.76 251.85 264.50 274.02 284.36 295.57 303.37 305.92 306.02 305.99 305.90 306.73 308.39 310.17 311.93 312.82 313.80 315.36 315.02 308.17 295.51 270.62 250.86 246.55 244.98 244.85 245.40 258.90 279.80 297.39 327.39 351.14 359.97 359.74 359.41 363.68 369.36 379.99 392.33 404.90 414.63 421.75 424.66 422.34 413.94
182.73 184.58 186.35 188.71 191.01 192.63 193.88 193.37 189.41 185.42 183.51 184.00 183.96 183.96 183.93 184.00 184.00 184.00 184.07 183.00 184.33 190.39 203.50 218.81 233.51 243.86 249.77 257.12 262.18 267.61 280.29 291.36 298.21 300.52 302.50 304.48 305.25 305.18 305.44 306.07 307.30 306.61 300.02 289.56 274.01 254.09 243.97 245.19 244.78 244.79 248.86 272.65 307.02 328.28 349.21 361.07 364.56 365.96 365.96 365.96 366.11 368.69 376.57 385.19 393.03 400.40 405.73 406.42 400.71 392.30
179.34 182.78 183.98 183.82 184.62 184.56 185.38 183.82 179.91 179.40 180.78 182.95 184.00 184.00 184.00 184.00 184.00 184.00 182.94 183.03 182.97 184.63 195.12 213.04 227.93 239.85 245.27 246.72 246.57 251.43 265.28 277.49 284.46 289.85 295.13 300.52 304.93 305.00 305.00 305.85 302.80 293.40 276.61 256.00 235.62 230.25 238.33 243.31 249.67 273.85 293.74 319.73 342.75 359.29 363.90 365.26 366.06 366.00 366.00 366.00 366.00 366.83 368.28 373.76 379.30 383.92 387.75 385.88 383.20 376.55
168.36 176.15 182.67 184.59 184.48 184.78 178.78 171.29 170.31 174.47 178.05 182.48 184.07 184.00 184.00 184.00 184.00 184.00 183.15 181.75 181.82 183.45 190.69 203.17 215.74 226.78 234.21 236.21 239.23 243.12 252.26 264.63 273.18 280.31 285.61 292.82 301.17 305.74 305.96 298.49 285.14 266.08 244.92 221.02 202.05 206.40 231.48 252.28 284.36 305.64 324.19 345.96 362.96 365.99 366.10 366.03 366.00 366.00 366.00 366.00 366.15 365.01 363.47 365.57 368.25 370.45 372.09 373.04 371.14 365.40
