Instances/BassStrait/GMRTv3_4_20171110topo.asc
ncols 622
nrows 409
xllcorner 146.85205078125
yllcorner -39.378470442140554
cellsize 0.00439453125
nodata_value -2147483648
[rows 155 to 185 of 408, columns 0 to 67 of 622]
95.98 88.61 86.31 88.02 86.66 84.85 79.84 88.33 97.23 103.76 98.49 94.47 89.69 89.91 88.64 90.25 93.82 96.76 105.59 88.68 84.71 87.25 93.13 87.65 83.87 80.25 67.99 66.02 68.31 69.91 79.05 90.46 90.49 87.26 82.74 79.36 78.04 77.28 72.04 71.75 73.13 68.95 64.80 62.76 61.89 63.39 63.57 58.18 61.12 64.15 65.66 56.80 52.01 58.86 58.50 55.82 56.37 53.56 54.18 51.76 53.93 52.98 46.58 49.44 52.45 46.41 34.44 36.33
116.19 108.27 103.82 102.25 103.95 103.55 102.91 104.16 114.42 121.88 122.24 116.85 118.25 106.54 99.88 101.76 94.45 87.98 90.15 84.72 80.38 89.27 93.60 98.85 94.58 91.19 82.71 75.29 68.50 65.59 75.75 97.14 93.04 89.45 82.93 78.86 73.56 71.57 67.11 66.64 67.24 63.11 61.56 62.54 62.74 60.23 60.17 53.66 48.04 55.19 51.89 44.94 49.35 51.66 50.59 47.00 48.13 48.16 46.59 44.52 43.21 42.68 39.39 41.00 38.76 32.49 27.87 27.35
129.59 127.62 126.63 124.39 119.65 120.76 117.56 120.57 137.77 142.52 142.19 140.72 131.09 116.07 117.64 114.83 110.85 99.62 86.66 101.74 91.41 102.89 107.21 107.40 104.78 101.33 90.54 96.41 83.42 66.39 65.50 81.34 90.25 87.35 84.17 78.82 74.67 70.91 66.54 63.71 61.94 60.73 63.31 60.36 60.66 61.27 61.15 56.44 48.49 48.24 44.02 43.47 47.89 50.31 48.02 46.20 44.35 44.83 45.12 43.84 42.34 43.46 41.69 39.04 32.90 27.97 30.58 27.87
146.15 146.68 149.95 142.77 136.98 139.94 142.32 145.05 161.89 155.60 160.77 154.68 139.75 128.99 115.47 110.41 104.19 97.61 101.99 102.52 103.96 122.58 115.51 119.42 116.04 108.82 93.88 92.51 94.10 77.10 58.08 57.40 66.94 76.79 75.50 76.08 72.10 69.09 71.01 67.15 66.27 64.10 67.10 59.01 59.90 56.90 55.88 53.07 54.23 52.29 51.39 51.31 49.10 50.08 49.25 45.01 45.03 42.75 44.91 45.93 46.86 43.96 42.01 40.12 37.21 34.33 33.20 30.20
135.48 145.27 152.26 145.23 146.83 149.82 155.52 155.32 169.06 165.28 167.60 160.61 154.21 147.29 132.29 124.08 117.46 119.42 121.43 120.70 123.50 125.79 123.95 118.04 105.97 95.51 87.69 84.47 85.38 70.89 63.82 59.13 57.42 54.29 67.88 81.20 81.15 77.86 72.83 67.57 68.41 64.24 67.00 61.01 58.82 60.14 57.97 59.01 57.71 56.92 55.72 55.16 53.41 52.54 54.56 46.85 45.47 40.73 42.73 43.36 40.40 41.91 40.91 41.88 39.93 38.65 35.99 32.87
131.23 131.45 137.84 137.41 137.43 141.32 145.63 157.47 166.03 166.77 159.91 151.44 150.24 146.89 141.76 133.81 131.22 132.31 131.86 124.11 120.19 115.09 109.69 102.35 106.39 100.50 97.60 95.90 93.42 77.87 67.85 63.69 54.31 56.93 60.27 65.16 71.07 66.05 66.13 51.64 51.75 54.09 61.57 64.45 68.18 67.40 66.94 66.08 61.22 58.02 60.26 56.99 57.02 58.05 57.06 51.66 49.76 48.76 44.43 45.66 43.45 41.02 41.31 39.87 38.20 38.40 33.37 32.24
154.97 165.83 166.03 165.58 154.20 139.60 137.42 147.94 152.09 151.32 150.66 149.93 143.02 137.41 136.68 134.59 130.45 127.48 123.51 114.03 111.51 113.40 120.54 127.16 124.21 117.36 113.18 112.49 102.07 84.30 74.13 70.22 67.62 62.20 61.43 55.70 49.48 50.15 44.78 43.08 41.14 46.30 47.88 46.44 50.74 67.04 71.78 64.65 61.08 58.97 63.00 58.78 55.86 58.84 57.08 53.78 50.00 51.93 52.62 46.85 46.88 43.92 45.05 45.75 40.66 38.00 36.76 37.96
172.43 190.79 196.30 185.34 169.76 146.65 138.26 142.74 143.81 138.86 142.80 150.88 148.20 138.94 133.33 128.88 127.16 126.12 124.14 124.35 127.58 118.13 126.63 126.56 123.17 118.76 119.14 110.71 103.00 98.79 91.41 81.04 77.44 75.05 70.95 62.83 55.15 52.07 45.24 42.52 41.95 41.07 42.72 40.16 40.74 43.15 49.55 52.72 58.55 57.70 61.63 60.79 59.08 65.19 57.07 58.93 52.75 51.08 50.64 48.86 46.88 43.19 40.62 41.64 41.58 37.77 35.48 30.35
197.33 204.68 207.26 190.89 174.08 161.52 156.20 158.85 147.10 143.01 141.01 146.62 146.08 145.28 141.89 133.23 126.15 125.36 127.23 121.87 121.66 116.51 118.29 112.28 113.90 113.93 114.03 106.78 100.17 97.10 92.83 83.58 77.97 75.38 74.00 71.89 66.73 63.35 59.61 53.77 45.20 39.27 44.50 45.40 44.31 39.87 40.24 46.68 55.16 56.24 56.76 56.78 57.40 60.19 54.54 60.78 56.81 51.80 48.86 47.51 46.04 45.30 40.90 40.88 37.30 35.65 30.76 28.92
213.27 216.46 214.63 201.47 184.31 167.74 155.50 154.87 146.39 139.76 137.71 138.48 137.68 133.59 128.99 120.90 114.39 115.77 116.20 115.17 112.32 109.36 111.82 107.64 104.98 100.30 100.98 96.63 91.75 89.51 86.08 79.37 77.54 74.77 77.59 80.74 74.17 71.30 63.97 64.27 60.39 49.31 50.23 49.59 47.97 44.07 40.93 39.80 44.00 51.04 52.48 51.18 51.59 51.52 49.38 49.64 50.59 48.83 49.29 45.13 44.62 42.86 40.75 42.20 37.19 32.00 31.76 28.31
186.11 191.17 195.19 189.15 182.07 180.03 170.97 163.00 148.03 137.98 136.00 134.00 137.99 133.97 125.96 122.94 116.95 113.97 108.00 109.00 102.02 100.04 99.07 102.07 96.07 92.06 90.08 85.10 87.04 89.02 85.03 83.00 77.00 70.03 82.03 79.06 69.06 68.04 68.00 67.03 63.06 54.00 50.00 47.02 43.03 45.01 42.00 35.00 38.02 44.04 50.05 49.03 47.02 46.03 48.03 49.04 46.04 46.05 45.05 42.01 42.02 40.02 37.01 36.03 34.02 30.01 28.03 27.00
187.11 173.50 164.47 163.84 163.56 157.67 158.77 151.01 136.45 141.58 136.10 133.41 137.07 137.10 137.39 134.29 125.19 120.92 114.36 112.77 105.47 98.45 94.20 89.53 85.10 81.68 78.66 70.06 79.11 80.23 74.78 76.46 75.75 69.15 70.88 64.37 60.48 61.18 61.42 55.05 48.89 51.02 49.11 45.81 42.56 44.28 42.45 38.99 35.14 37.63 37.66 39.51 42.78 42.20 39.26 37.31 36.98 31.79 35.57 39.93 39.05 36.56 37.98 36.13 31.58 27.56 25.75 27.36
191.84 176.56 161.84 155.09 143.36 139.70 148.37 147.22 143.88 140.22 135.06 130.31 134.40 128.57 134.17 133.23 127.56 121.89 121.29 117.91 111.37 108.89 99.44 93.35 90.05 85.84 80.87 79.39 75.91 73.75 72.07 69.60 63.90 70.46 62.99 57.78 60.17 58.92 54.52 54.67 59.16 57.38 51.18 58.92 61.41 58.61 49.31 44.36 33.66 32.35 29.08 27.25 31.61 33.27 33.14 30.89 26.15 23.24 27.12 28.48 34.46 36.08 34.26 33.45 32.45 28.93 28.47 25.86
198.17 182.58 162.22 146.36 138.59 148.32 157.25 155.23 153.92 148.70 147.99 145.92 142.19 131.24 115.44 118.78 113.73 108.27 111.89 112.65 109.04 105.27 99.70 91.50 89.90 89.82 97.17 94.43 87.92 84.81 69.99 69.12 65.35 64.15 63.48 56.57 55.28 56.49 51.96 54.24 55.83 63.08 64.32 67.23 66.84 64.86 57.18 47.04 38.36 39.31 35.16 33.04 30.36 32.56 29.99 29.67 26.59 25.73 30.12 29.64 28.58 34.58 31.01 28.28 27.85 25.67 26.61 28.07
158.26 151.79 146.98 153.36 159.44 161.85 173.49 167.30 166.76 162.12 149.75 144.88 140.97 132.22 122.50 116.38 115.79 115.70 107.03 102.71 105.77 105.96 108.21 105.40 100.27 95.20 83.75 78.84 77.12 78.12 80.69 87.21 84.26 75.17 59.16 58.51 58.92 52.14 54.62 58.69 59.73 59.22 58.18 61.67 54.86 52.84 47.04 45.10 41.31 41.23 39.43 36.34 38.37 37.22 34.28 32.32 31.22 26.15 36.05 28.04 29.15 28.89 32.13 29.01 27.07 26.00 25.77 24.83
159.82 166.32 166.92 166.87 169.47 167.73 170.27 165.20 156.38 155.44 145.43 143.18 137.55 130.85 122.26 121.35 121.39 115.27 106.18 101.99 101.10 103.64 103.02 100.15 97.03 94.22 91.38 89.64 88.33 83.27 81.70 75.37 74.02 71.99 70.64 70.16 61.40 62.94 65.98 70.06 73.81 68.26 67.04 62.98 62.08 61.66 58.96 54.29 50.53 48.20 46.64 42.65 40.35 36.36 33.81 34.08 30.86 30.63 36.23 29.98 30.98 28.16 30.20 25.64 26.75 23.43 22.04 24.26
155.52 151.05 148.73 143.02 145.83 146.29 146.81 146.87 144.91 146.51 146.91 137.73 119.11 114.10 113.48 111.25 109.28 110.69 111.71 112.11 110.40 107.28 100.43 89.00 85.85 82.10 82.72 79.31 76.79 75.70 79.51 76.05 77.92 82.40 83.05 78.46 74.53 75.34 76.07 78.80 79.45 76.43 72.33 68.32 58.42 63.04 65.48 65.21 61.71 62.13 57.37 51.88 49.40 39.21 34.46 32.22 31.35 37.94 40.47 32.17 26.68 21.97 21.32 20.04 17.57 17.40 23.78 25.78
152.55 145.65 168.70 165.88 157.47 162.34 148.85 137.33 129.55 123.59 120.03 123.55 123.98 134.56 133.65 134.60 130.03 124.67 118.10 126.02 119.18 110.21 101.25 85.92 80.83 77.74 72.55 79.09 83.08 84.26 88.82 88.62 84.77 83.17 82.55 73.44 72.25 75.28 77.21 78.33 78.23 76.31 61.80 53.93 51.29 55.67 54.74 56.39 69.78 65.25 64.09 59.94 54.09 51.59 46.51 46.38 45.41 43.77 41.85 40.86 33.70 27.64 24.85 20.03 12.90 12.09 13.60 15.64
156.90 159.08 177.64 161.12 176.31 177.29 166.27 158.23 151.74 132.07 129.29 128.38 141.09 144.03 143.41 137.97 128.48 119.99 113.36 114.02 110.93 104.00 98.67 91.98 89.34 87.28 93.09 96.91 92.90 91.86 84.78 85.55 86.01 80.17 68.98 69.36 67.75 67.89 73.47 73.30 72.98 70.74 58.74 48.98 50.07 43.86 47.62 56.11 64.68 57.87 56.84 53.95 50.42 50.43 47.16 45.95 44.39 44.06 42.00 34.25 30.23 29.20 23.07 19.28 18.52 15.26 11.06 11.77
177.17 183.15 176.41 182.40 189.87 174.92 164.73 159.13 146.04 135.32 147.39 154.92 149.96 145.60 139.48 126.48 119.20 117.31 115.34 123.36 124.30 123.60 129.07 123.01 112.83 109.08 103.97 97.76 90.95 82.91 74.45 74.00 68.60 60.29 67.30 67.42 67.94 58.15 64.11 72.29 70.09 64.07 66.31 65.64 59.49 53.19 59.42 48.17 49.91 43.78 44.10 45.30 47.52 45.66 37.80 35.85 34.77 32.31 32.19 30.32 31.20 30.24 28.16 24.99 22.41 18.63 16.61 13.48
201.58 197.76 194.25 200.79 192.38 179.59 169.62 163.23 155.57 156.00 159.40 160.97 156.39 153.10 144.98 139.90 143.15 144.88 145.05 145.79 145.26 139.31 140.90 128.05 106.36 105.48 96.21 86.06 80.15 73.34 68.68 65.42 61.20 52.19 69.05 73.69 69.28 66.16 60.48 65.12 54.82 55.39 59.82 55.80 60.06 53.78 69.50 47.42 44.43 42.10 36.87 36.44 37.80 33.18 35.35 31.35 27.08 28.77 30.30 30.99 31.97 28.21 27.58 27.29 25.05 16.41 15.75 13.15
202.89 185.84 196.96 211.01 197.99 180.10 189.11 181.04 171.10 173.18 179.21 183.23 188.23 187.16 171.15 158.09 154.01 152.98 151.94 146.92 141.86 134.91 127.86 101.90 90.98 90.84 82.85 75.94 68.92 67.92 64.97 62.97 46.94 47.13 61.96 63.92 61.94 63.98 65.09 64.08 69.08 63.02 58.93 60.99 49.95 47.02 47.86 39.89 41.96 41.00 45.95 30.03 28.09 23.00 27.93 30.03 28.07 26.05 24.01 24.00 22.00 19.00 20.98 28.01 25.98 27.04 22.08 18.09
187.30 172.95 190.75 204.30 190.07 193.76 186.16 174.05 173.71 182.00 187.01 194.02 188.48 178.26 167.04 153.21 148.54 144.16 140.52 134.83 124.78 124.85 117.18 107.53 97.05 79.13 71.62 72.06 65.37 61.32 63.46 56.85 51.48 71.67 65.19 62.18 59.57 63.68 68.93 70.88 67.14 61.57 50.90 53.26 54.28 55.21 46.85 34.35 38.04 41.44 31.48 37.41 45.89 30.14 24.93 34.74 35.72 35.07 31.29 31.35 32.17 28.04 23.48 27.13 21.95 20.34 24.59 24.31
185.51 163.11 175.43 194.48 179.41 171.39 176.33 183.09 180.41 174.30 177.27 182.30 163.89 159.04 145.73 130.97 130.66 137.67 134.24 123.17 112.58 109.38 104.11 95.35 84.13 78.92 72.75 66.25 60.61 63.04 62.21 46.78 53.63 61.87 62.04 54.41 58.69 56.02 60.48 63.34 69.63 68.65 47.19 44.77 48.15 49.79 41.47 45.78 36.26 33.85 39.74 31.36 32.88 27.03 21.54 29.44 29.53 28.86 29.71 28.62 27.17 24.40 22.79 21.95 22.07 18.11 18.11 19.08
173.17 153.46 148.17 162.07 166.60 146.60 163.24 171.91 173.72 176.00 162.93 146.04 133.08 121.70 118.42 108.76 117.07 124.04 116.35 109.85 105.03 100.07 92.36 85.93 79.67 73.78 71.55 70.84 62.45 53.10 49.57 47.05 48.93 47.39 48.36 47.71 52.40 49.02 50.85 54.60 58.77 52.93 47.02 48.93 47.25 40.23 33.87 37.69 30.85 31.87 45.15 34.09 28.01 23.76 27.04 28.73 27.01 28.28 24.67 21.31 18.41 15.55 14.71 13.81 16.94 16.25 16.88 19.48
175.33 160.75 145.33 138.91 140.79 128.66 141.11 143.10 142.86 138.93 124.19 112.49 114.92 104.72 92.90 106.07 108.91 109.27 101.28 96.20 92.79 88.67 87.19 80.28 71.12 61.14 54.70 52.93 50.86 49.15 45.65 45.60 43.39 45.54 40.61 40.60 44.44 45.48 42.28 46.29 44.03 43.50 38.35 36.34 36.20 36.46 30.68 40.45 26.86 23.53 22.15 25.53 28.11 26.76 27.78 30.80 27.50 19.36 21.69 27.82 18.99 16.00 14.79 11.87 13.75 17.79 20.98 27.03
174.67 168.41 167.32 155.75 132.69 126.55 116.78 113.58 110.98 102.10 94.79 97.35 91.60 92.84 80.97 88.75 90.86 88.66 79.27 75.99 76.52 71.34 71.09 67.33 59.80 51.90 44.29 45.89 42.26 44.48 38.87 38.53 35.87 36.82 36.98 37.62 39.48 37.97 35.65 39.33 36.14 38.13 33.80 32.75 29.39 29.83 27.88 28.17 27.37 21.81 22.38 21.02 27.15 21.36 24.28 25.84 21.00 19.63 23.99 28.54 16.51 13.00 13.30 11.57 12.22 13.44 16.04 21.29
168.04 168.92 164.47 161.25 146.22 136.37 122.71 119.40 118.37 112.51 109.95 109.31 97.62 93.60 88.63 80.30 74.47 70.43 69.93 74.78 70.12 62.45 59.45 57.56 52.63 45.04 38.07 37.59 37.66 44.69 32.00 33.29 30.85 28.88 27.69 31.33 33.47 31.44 31.14 33.55 29.85 28.77 29.29 27.59 26.85 29.15 26.96 23.44 28.41 22.93 17.14 14.37 18.84 20.15 19.92 20.73 20.37 20.32 23.61 15.11 13.37 11.37 15.44 14.71 13.26 11.33 11.41 18.59
171.84 169.88 163.85 151.01 142.85 137.71 135.54 136.79 128.11 121.13 110.23 106.36 101.15 91.14 85.06 77.99 71.87 69.71 77.72 76.92 73.97 67.84 62.93 60.90 56.82 53.69 45.58 40.71 36.96 36.10 35.74 33.89 28.01 27.97 27.97 30.07 30.16 28.11 29.05 29.24 26.17 23.17 25.17 24.12 22.21 26.27 21.21 22.03 23.21 20.22 10.22 13.10 13.22 11.33 11.25 14.21 13.14 14.15 16.29 12.16 10.20 10.14 15.20 12.23 10.20 14.00 11.15 12.34
172.70 173.12 168.36 161.88 155.96 148.48 139.26 132.96 122.57 114.33 108.27 100.36 98.07 93.06 89.27 81.98 80.02 78.00 80.04 79.19 72.59 66.69 61.61 61.51 59.15 55.43 52.21 46.92 37.15 38.02 40.70 37.45 30.13 29.09 26.21 26.82 25.58 25.71 27.74 22.77 22.67 21.04 21.95 22.71 19.45 18.40 18.77 20.82 19.53 14.13 8.95 9.82 8.62 7.63 10.85 11.33 13.80 11.88 8.21 7.54 5.92 6.82 6.31 6.11 5.73 9.26 4.45 5.08
160.47 169.21 171.28 167.58 166.02 151.88 143.28 143.10 134.50 124.63 117.55 112.56 111.57 109.15 98.41 87.61 91.16 85.39 82.66 77.52 70.50 62.84 64.71 63.88 58.13 51.81 51.56 43.07 38.93 35.58 35.39 36.39 30.12 28.57 28.31 26.51 24.32 24.38 27.43 24.12 21.07 22.31 23.74 23.85 20.35 16.89 16.14 14.06 11.38 12.37 8.51 9.63 6.27 6.88 13.89 9.00 5.32 7.12 6.38 7.56 6.57 6.44 5.44 4.80 6.06 5.95 3.44 2.87
