Instances/BassStrait/GMRTv3_4_20171110topo.asc
ncols 622
nrows 409
xllcorner 146.85205078125
yllcorner -39.378470442140554
cellsize 0.00439453125
nodata_value -2147483648
[rows 341 to 371 of 408, columns 136 to 203 of 622]
-57.99 -57.99 -58.00 -58.00 -58.00 -58.00 -58.00 -58.00 -58.00 -58.00 -58.00 -58.00 -58.00 -58.00 -58.00 -58.00 -58.00 -58.00 -58.04 -58.05 -57.97 -57.81 -57.51 -57.21 -57.06 -56.98 -56.98 -57.00 -57.00 -57.00 -57.00 -57.00 -57.00 -57.00 -57.00 -57.01 -57.00 -57.00 -57.00 -57.00 -57.00 -57.00 -57.00 -57.00 -57.00 -57.00 -56.96 -56.95 -57.01 -57.14 -57.39 -57.72 -58.11 -58.51 -58.92 -59.15 -58.91 -58.52 -58.20 -57.97 -57.95 -58.01 -58.01 -58.01 -58.01 -58.00 -58.00 -58.00
-58.07 -58.00 -57.99 -58.00 -58.00 -58.00 -58.00 -58.00 -58.00 -58.00 -58.00 -58.00 -58.00 -58.00 -58.00 -58.00 -58.00 -58.00 -58.00 -58.01 -58.06 -58.02 -57.74 -57.40 -57.14 -56.97 -56.96 -57.00 -57.00 -57.00 -57.00 -57.00 -57.00 -57.00 -57.01 -57.02 -57.01 -57.00 -57.00 -57.00 -57.00 -57.00 -57.00 -57.00 -57.00 -57.00 -56.97 -56.99 -57.17 -57.41 -57.70 -57.98 -58.17 -58.37 -58.70 -58.92 -58.73 -58.41 -58.16 -57.97 -57.96 -58.00 -58.00 -58.00 -58.00 -58.00 -58.00 -58.00
-58.32 -58.04 -57.98 -57.99 -57.99 -58.00 -58.00 -58.00 -58.00 -58.00 -58.00 -58.01 -58.01 -58.00 -58.00 -58.00 -58.00 -58.00 -57.99 -58.00 -58.07 -58.06 -57.78 -57.44 -57.16 -56.96 -56.95 -57.00 -57.00 -57.00 -57.00 -57.01 -57.00 -57.01 -57.01 -57.02 -57.01 -57.01 -57.01 -57.00 -57.00 -57.00 -57.00 -57.00 -56.98 -56.99 -57.05 -57.19 -57.48 -57.77 -57.93 -58.04 -58.10 -58.16 -58.31 -58.42 -58.33 -58.19 -58.08 -57.99 -57.99 -58.01 -58.01 -58.01 -58.01 -58.01 -58.01 -58.01
-58.63 -58.25 -58.08 -58.00 -57.99 -58.00 -58.00 -58.00 -58.00 -58.01 -58.02 -58.03 -58.02 -58.02 -58.01 -58.00 -58.00 -58.00 -58.00 -58.00 -58.06 -58.04 -57.76 -57.41 -57.15 -56.97 -56.95 -57.00 -57.01 -57.02 -57.03 -57.03 -57.03 -57.02 -56.93 -56.86 -56.92 -57.00 -57.02 -57.03 -57.02 -57.00 -57.00 -57.00 -56.96 -56.98 -57.13 -57.37 -57.74 -58.05 -58.08 -58.03 -58.03 -58.02 -58.02 -58.02 -58.02 -58.02 -58.03 -58.03 -58.03 -58.03 -58.03 -58.03 -58.03 -58.03 -58.03 -58.03
-58.91 -58.68 -58.34 -58.04 -57.98 -57.99 -57.99 -58.00 -58.00 -58.01 -58.03 -58.05 -58.04 -58.03 -58.01 -58.00 -58.00 -58.00 -58.00 -58.00 -58.06 -58.03 -57.75 -57.41 -57.15 -56.97 -56.95 -57.00 -57.02 -57.03 -57.05 -57.05 -57.07 -57.01 -56.69 -56.43 -56.65 -56.96 -57.04 -57.05 -57.03 -57.00 -57.00 -57.00 -56.96 -56.98 -57.14 -57.39 -57.77 -58.09 -58.11 -58.05 -58.04 -58.03 -58.02 -58.02 -58.02 -58.03 -58.04 -58.05 -58.05 -58.05 -58.05 -58.05 -58.05 -58.05 -58.05 -58.05
-59.03 -58.89 -58.48 -58.07 -57.98 -57.99 -58.00 -58.01 -57.98 -57.93 -57.81 -57.71 -57.74 -57.81 -57.92 -58.01 -58.02 -58.00 -58.00 -58.00 -58.06 -58.03 -57.75 -57.41 -57.15 -56.97 -56.97 -57.00 -56.91 -56.79 -56.74 -56.72 -56.73 -56.69 -56.39 -56.16 -56.35 -56.63 -56.71 -56.76 -56.91 -57.03 -57.03 -57.00 -56.95 -56.94 -57.07 -57.27 -57.53 -57.74 -57.77 -57.74 -57.75 -57.75 -57.72 -57.70 -57.70 -57.71 -57.71 -57.72 -57.72 -57.72 -57.72 -57.72 -57.72 -57.72 -57.72 -57.72
-59.05 -58.95 -58.51 -58.07 -57.97 -57.99 -58.01 -58.02 -57.96 -57.83 -57.51 -57.24 -57.31 -57.51 -57.78 -58.02 -58.04 -58.00 -58.00 -58.00 -58.06 -58.03 -57.75 -57.41 -57.15 -56.97 -57.00 -57.01 -56.75 -56.46 -56.33 -56.26 -56.26 -56.26 -56.13 -56.02 -56.10 -56.23 -56.27 -56.36 -56.67 -56.96 -57.02 -57.00 -56.98 -56.98 -57.02 -57.09 -57.19 -57.28 -57.29 -57.28 -57.28 -57.28 -57.28 -57.28 -57.28 -57.28 -57.28 -57.28 -57.28 -57.28 -57.28 -57.28 -57.28 -57.28 -57.28 -57.28
-59.04 -58.93 -58.50 -58.07 -57.98 -57.99 -58.02 -58.02 -57.94 -57.76 -57.30 -56.92 -57.01 -57.30 -57.69 -58.03 -58.06 -58.00 -58.00 -58.00 -58.06 -58.03 -57.75 -57.41 -57.15 -56.97 -57.01 -57.01 -56.64 -56.23 -56.05 -55.98 -55.98 -56.01 -56.00 -55.99 -55.99 -56.00 -56.00 -56.07 -56.33 -56.63 -56.84 -57.01 -57.13 -57.18 -57.07 -56.95 -56.98 -57.02 -56.95 -56.86 -56.79 -56.78 -56.90 -57.02 -57.03 -57.01 -57.01 -57.01 -57.01 -57.01 -57.01 -57.01 -57.01 -57.01 -57.01 -57.01
-59.01 -58.91 -58.48 -58.05 -57.97 -57.99 -58.02 -58.02 -57.93 -57.74 -57.30 -56.94 -57.04 -57.32 -57.70 -58.03 -58.06 -58.00 -58.00 -58.00 -58.06 -58.03 -57.75 -57.40 -57.14 -56.96 -57.01 -57.01 -56.66 -56.26 -56.04 -55.92 -55.90 -55.93 -55.96 -55.99 -55.97 -55.95 -55.94 -55.98 -56.13 -56.39 -56.77 -57.17 -57.48 -57.62 -57.39 -57.08 -57.01 -56.96 -56.82 -56.67 -56.55 -56.53 -56.74 -56.97 -56.99 -56.95 -56.95 -56.95 -56.95 -56.95 -56.95 -56.95 -56.95 -56.95 -56.95 -56.95
-59.00 -58.91 -58.47 -58.04 -57.96 -57.99 -58.01 -58.01 -57.94 -57.81 -57.51 -57.27 -57.34 -57.54 -57.80 -58.02 -58.04 -58.00 -58.00 -58.00 -58.06 -58.03 -57.74 -57.39 -57.13 -56.96 -56.99 -57.01 -56.79 -56.50 -56.23 -56.03 -55.97 -55.96 -55.98 -56.00 -56.00 -56.00 -55.98 -56.02 -56.13 -56.39 -56.92 -57.49 -57.97 -58.22 -57.91 -57.46 -57.21 -57.01 -56.84 -56.71 -56.58 -56.55 -56.78 -57.03 -57.04 -57.00 -57.00 -57.00 -57.00 -57.00 -57.00 -57.00 -57.00 -57.00 -57.00 -57.00
-59.03 -58.91 -58.50 -58.09 -57.98 -57.98 -57.98 -58.00 -58.00 -57.98 -57.90 -57.81 -57.82 -57.86 -57.93 -57.99 -58.00 -57.99 -57.99 -58.00 -58.05 -58.03 -57.76 -57.43 -57.16 -56.97 -56.96 -56.99 -56.96 -56.84 -56.52 -56.19 -56.07 -56.02 -56.00 -55.99 -55.98 -55.98 -55.97 -56.06 -56.39 -56.85 -57.42 -57.98 -58.53 -58.83 -58.55 -58.03 -57.45 -56.98 -56.88 -56.90 -56.86 -56.86 -56.93 -57.01 -57.01 -57.00 -56.99 -56.99 -56.99 -56.99 -56.99 -56.99 -56.99 -56.99 -56.99 -56.99
-59.20 -58.96 -58.66 -58.37 -58.12 -57.97 -57.95 -58.04 -58.23 -58.40 -58.40 -58.31 -58.14 -57.98 -57.95 -57.96 -57.96 -57.98 -57.99 -58.00 -58.04 -58.02 -57.87 -57.65 -57.36 -57.09 -56.98 -56.95 -56.99 -56.99 -56.77 -56.52 -56.43 -56.36 -56.18 -56.02 -55.95 -55.94 -55.93 -56.06 -56.53 -57.12 -57.70 -58.26 -58.79 -59.07 -58.73 -58.13 -57.48 -56.96 -56.91 -57.01 -57.02 -57.03 -57.02 -57.00 -56.99 -56.98 -56.97 -56.96 -56.96 -56.96 -56.96 -56.96 -56.96 -56.96 -56.96 -56.96
-59.48 -59.10 -58.94 -58.78 -58.38 -58.03 -58.01 -58.17 -58.56 -58.90 -58.86 -58.65 -58.32 -58.01 -57.98 -58.02 -58.02 -58.01 -58.00 -58.00 -58.00 -58.00 -58.02 -57.96 -57.66 -57.33 -57.12 -56.99 -57.00 -57.03 -56.98 -56.92 -56.92 -56.85 -56.50 -56.14 -56.01 -56.00 -55.98 -56.11 -56.54 -57.09 -57.65 -58.17 -58.62 -58.81 -58.37 -57.76 -57.30 -56.98 -56.94 -57.00 -57.01 -57.01 -57.00 -57.00 -57.00 -57.01 -57.02 -57.02 -57.02 -57.02 -57.02 -57.02 -57.02 -57.02 -57.02 -57.02
-58.74 -58.46 -58.13 -57.80 -57.40 -57.14 -57.00 -57.03 -57.18 -57.30 -57.16 -58.83 -58.64 -58.47 -58.47 -58.48 -58.39 -58.27 -58.11 -57.98 -57.97 -58.00 -58.04 -58.03 -57.87 -57.67 -57.54 -57.45 -57.47 -57.47 -57.28 -57.08 -57.04 -56.99 -56.77 -56.55 -56.47 -56.46 -56.45 -56.52 -56.75 -57.05 -57.35 -57.63 -57.87 -57.95 -57.70 -57.36 -57.14 -56.99 -56.97 -57.00 -57.00 -57.00 -56.98 -56.98 -57.10 -57.25 -57.38 -57.49 -57.49 -57.47 -57.47 -57.47 -57.47 -57.47 -57.47 -57.47
-85.70 -84.98 -86.01 -87.04 -89.33 -90.48 -93.41 -95.18 -97.67 -100.08 -103.07 -57.31 -57.05 -56.88 -56.72 -56.60 -56.35 -56.01 -55.56 -55.10 -55.02 -54.95 -54.83 -54.70 -54.45 -54.34 -54.17 -53.87 -53.70 -53.40 -57.60 -57.29 -57.12 -57.00 -56.91 -56.86 -56.85 -56.86 -56.87 -56.88 -56.94 -57.01 -57.08 -57.15 -57.21 -57.22 -57.16 -57.07 -57.02 -57.00 -56.99 -57.00 -57.00 -57.00 -56.95 -56.95 -57.16 -57.44 -57.70 -57.90 -57.91 -57.87 -57.88 -57.89 -57.90 -57.90 -57.91 -57.90
-73.96 -73.89 -75.09 -76.24 -78.58 -79.72 -83.12 -85.38 -86.84 -89.17 -91.63 -83.23 -85.04 -85.96 -88.73 -90.56 -91.48 -92.38 -94.17 -96.90 -97.78 -99.67 -101.50 -103.32 -106.08 -106.96 -108.78 -112.43 -115.14 -118.84 -56.61 -56.30 -55.91 -55.62 -55.48 -55.43 -55.40 -55.43 -55.38 -55.32 -55.25 -55.17 -55.03 -54.90 -54.83 -54.76 -54.67 -54.63 -54.53 -54.43 -54.32 -54.20 -54.03 -53.97 -53.79 -53.74 -53.89 -54.06 -54.17 -58.07 -58.08 -58.03 -58.05 -58.07 -58.09 -58.10 -58.12 -58.09
-57.24 -56.28 -56.15 -57.15 -58.01 -59.02 -59.85 -59.75 -59.71 -60.58 -61.46 -61.41 -62.28 -62.23 -63.05 -63.92 -63.88 -63.83 -64.71 -65.53 -66.44 -66.35 -67.22 -68.09 -69.00 -69.92 -70.78 -72.61 -74.39 -75.25 -79.41 -80.38 -81.36 -81.37 -82.34 -83.30 -84.36 -84.35 -85.32 -86.37 -87.34 -88.30 -90.32 -92.25 -93.30 -94.36 -96.37 -97.33 -99.35 -101.37 -103.38 -105.40 -108.38 -109.43 -111.45 -112.50 -114.51 -117.47 -121.48 -60.01 -60.13 -60.19 -60.14 -60.16 -60.23 -60.29 -60.50 -60.65
-58.05 -57.83 -56.76 -57.81 -57.79 -58.44 -58.03 -58.13 -57.39 -57.37 -56.95 -57.00 -56.54 -56.59 -56.57 -56.10 -56.20 -55.81 -55.39 -55.37 -55.35 -54.95 -54.98 -54.91 -55.12 -55.05 -55.03 -55.56 -55.47 -56.08 -56.06 -55.98 -55.91 -55.96 -55.89 -55.87 -56.48 -56.48 -56.41 -57.01 -56.94 -56.87 -57.45 -57.31 -57.92 -58.52 -59.55 -59.48 -60.01 -60.55 -61.53 -62.06 -62.52 -63.57 -64.11 -64.71 -65.24 -66.15 -67.61 -72.82 -73.50 -74.22 -74.23 -75.35 -76.03 -77.10 -78.45 -80.25
-87.83 -85.08 -84.01 -84.26 -83.44 -82.59 -75.68 -74.11 -71.44 -70.91 -69.28 -68.61 -67.65 -67.05 -66.37 -65.42 -63.85 -63.03 -61.33 -60.65 -60.13 -59.17 -57.74 -57.82 -56.83 -56.90 -56.23 -56.34 -55.60 -55.64 -54.96 -55.04 -55.04 -54.29 -54.36 -53.61 -53.58 -53.66 -53.66 -53.70 -53.70 -53.77 -52.99 -52.99 -53.03 -53.08 -52.58 -52.58 -52.62 -52.59 -52.92 -52.89 -52.86 -53.18 -53.15 -53.12 -53.09 -53.41 -54.46 -54.43 -54.40 -53.62 -53.62 -53.87 -53.91 -54.98 -54.92 -55.14
-60.08 -60.05 -60.05 -60.06 -60.06 -60.06 -128.05 -127.05 -122.04 -118.04 -114.03 -112.03 -110.03 -107.03 -105.02 -103.02 -102.02 -98.02 -95.01 -93.01 -89.01 -87.01 -84.01 -83.01 -81.00 -80.00 -77.86 -75.87 -74.88 -73.88 -71.88 -70.89 -70.89 -69.89 -68.89 -67.89 -67.90 -66.90 -66.90 -65.91 -65.91 -64.91 -63.91 -63.92 -62.92 -61.92 -60.93 -60.93 -59.93 -59.94 -58.94 -58.94 -58.94 -57.94 -57.95 -57.95 -57.95 -56.95 -56.96 -56.96 -56.96 -55.96 -55.96 -55.96 -54.97 -54.97 -54.97 -54.97
-60.00 -59.99 -59.99 -60.00 -60.00 -60.00 -55.05 -55.15 -55.57 -55.92 -56.23 -56.37 -56.51 -56.73 -56.87 -56.95 -56.81 -56.82 -56.74 -56.59 -56.58 -56.44 -56.40 -56.30 -56.44 -56.55 -108.17 -105.81 -102.55 -100.96 -99.45 -97.86 -97.00 -95.37 -94.61 -93.83 -92.07 -91.21 -90.35 -89.59 -88.76 -88.01 -86.42 -85.58 -83.99 -82.40 -80.82 -79.98 -78.39 -77.56 -76.80 -75.97 -91.38 -91.44 -90.07 -88.69 -87.32 -86.02 -84.92 -83.27 -82.17 -81.14 -80.61 -79.52 -78.22 -77.95 -76.58 -75.21
-60.00 -60.00 -60.00 -60.00 -59.99 -59.99 -60.03 -60.13 -60.41 -60.67 -60.71 -60.68 -60.71 -60.71 -60.62 -60.46 -60.19 -59.88 -59.62 -59.36 -59.07 -58.82 -58.70 -58.66 -58.67 -58.68 -55.43 -55.55 -55.74 -55.83 -55.98 -56.07 -55.87 -55.70 -55.69 -55.64 -55.31 -54.93 -54.87 -54.91 -54.96 -55.03 -55.13 -55.19 -55.29 -55.39 -55.50 -55.55 -55.65 -55.70 -55.75 -55.81 -83.35 -84.78 -83.90 -83.04 -82.21 -81.38 -80.97 -79.63 -79.23 -78.79 -77.72 -77.14 -76.16 -75.64 -74.77 -73.92
-59.98 -59.95 -59.95 -59.95 -59.93 -59.93 -59.99 -60.14 -60.56 -60.95 -61.02 -60.98 -61.05 -61.06 -60.89 -60.64 -60.34 -60.02 -59.77 -59.53 -59.21 -58.95 -58.92 -58.96 -58.94 -58.96 -59.12 -59.31 -59.44 -59.49 -59.44 -59.26 -58.85 -58.42 -58.19 -57.96 -57.49 -57.05 -56.94 -56.94 -56.93 -56.95 -56.95 -56.95 -56.95 -56.96 -56.98 -57.00 -57.00 -57.00 -57.00 -57.00 -56.52 -56.49 -56.47 -56.47 -56.51 -56.56 -56.60 -56.62 -56.56 -56.42 -56.14 -55.84 -55.69 -55.62 -55.63 -55.67
-59.99 -59.98 -59.98 -59.98 -59.96 -59.96 -60.02 -60.18 -60.62 -61.04 -61.10 -61.06 -61.11 -61.10 -60.92 -60.66 -60.35 -60.03 -59.79 -59.55 -59.23 -58.98 -58.98 -59.04 -58.97 -59.01 -59.48 -60.02 -60.36 -60.50 -60.29 -59.89 -59.39 -58.86 -58.44 -58.03 -57.50 -57.08 -56.96 -56.97 -56.97 -56.98 -56.98 -56.98 -56.98 -56.98 -56.99 -57.00 -57.00 -57.00 -57.00 -57.00 -56.99 -56.99 -56.98 -56.98 -56.97 -56.96 -57.01 -57.00 -56.82 -56.56 -56.27 -56.03 -55.94 -55.93 -55.93 -55.94
-60.12 -60.26 -60.30 -60.30 -60.28 -60.28 -60.32 -60.44 -60.78 -61.07 -61.08 -60.97 -60.87 -60.75 -60.66 -60.51 -60.23 -59.91 -59.62 -59.36 -59.13 -58.98 -58.98 -59.02 -58.91 -58.98 -59.66 -60.44 -60.94 -61.14 -60.82 -60.27 -59.73 -59.16 -58.60 -58.09 -57.66 -57.36 -57.28 -57.29 -57.29 -57.30 -57.31 -57.30 -57.28 -57.22 -57.09 -56.98 -56.98 -57.01 -56.98 -56.97 -57.01 -57.09 -57.23 -57.32 -57.23 -57.10 -57.05 -56.98 -56.79 -56.58 -56.40 -56.27 -56.25 -56.28 -56.28 -56.28
-60.35 -60.64 -60.71 -60.71 -60.71 -60.70 -60.72 -60.77 -60.89 -60.98 -60.93 -60.78 -60.53 -60.29 -60.23 -60.17 -59.95 -59.68 -59.38 -59.13 -59.02 -58.98 -58.97 -58.97 -58.86 -58.93 -59.62 -60.41 -60.91 -61.11 -60.79 -60.24 -59.70 -59.15 -58.59 -58.11 -57.85 -57.72 -57.69 -57.70 -57.70 -57.70 -57.72 -57.72 -57.67 -57.55 -57.29 -57.04 -56.98 -56.98 -56.95 -56.98 -57.12 -57.31 -57.58 -57.75 -57.61 -57.37 -57.18 -57.01 -56.88 -56.78 -56.71 -56.68 -56.69 -56.72 -56.73 -56.73
-60.65 -60.97 -61.05 -61.05 -61.06 -61.05 -61.04 -61.00 -60.88 -60.73 -60.65 -60.52 -60.19 -59.87 -59.77 -59.70 -59.56 -59.39 -59.15 -58.95 -58.94 -58.98 -58.98 -58.97 -58.88 -58.94 -59.42 -59.98 -60.33 -60.47 -60.26 -59.86 -59.36 -58.85 -58.41 -58.08 -58.01 -58.03 -58.03 -58.04 -58.04 -58.04 -58.06 -58.05 -58.01 -57.88 -57.55 -57.21 -57.03 -56.95 -56.96 -57.06 -57.31 -57.61 -57.91 -58.09 -57.95 -57.67 -57.37 -57.11 -57.02 -57.01 -57.02 -57.04 -57.05 -57.06 -57.07 -57.08
-60.91 -61.04 -61.07 -61.06 -61.07 -61.06 -61.01 -60.87 -60.55 -60.25 -60.20 -60.17 -59.95 -59.68 -59.41 -59.19 -59.13 -59.11 -59.03 -58.97 -58.98 -59.01 -59.02 -59.02 -59.00 -59.01 -59.16 -59.32 -59.43 -59.47 -59.43 -59.27 -58.84 -58.39 -58.15 -58.02 -58.00 -58.04 -58.04 -58.05 -58.04 -58.04 -58.05 -58.05 -58.06 -58.00 -57.79 -57.51 -57.20 -56.98 -57.06 -57.29 -57.60 -57.91 -58.04 -58.07 -58.04 -57.92 -57.62 -57.31 -57.11 -57.00 -57.01 -57.05 -57.04 -57.03 -57.03 -57.02
-61.05 -61.06 -61.06 -61.04 -61.05 -60.99 -60.79 -60.53 -60.23 -59.98 -59.94 -59.92 -59.69 -59.42 -59.14 -58.94 -58.93 -58.98 -58.97 -58.99 -59.08 -59.19 -59.29 -59.36 -59.39 -59.36 -59.21 -59.05 -58.96 -58.91 -58.96 -58.93 -58.55 -58.14 -58.01 -57.98 -57.98 -58.00 -58.00 -58.00 -58.00 -58.00 -58.00 -58.00 -58.03 -58.03 -57.94 -57.79 -57.51 -57.31 -57.40 -57.60 -57.84 -58.04 -58.07 -58.03 -57.99 -57.88 -57.59 -57.28 -57.09 -56.98 -56.99 -57.01 -56.89 -56.75 -56.68 -56.65
-61.00 -61.01 -61.03 -61.01 -60.99 -60.87 -60.50 -60.13 -60.04 -60.00 -59.91 -59.75 -59.40 -59.07 -58.98 -58.98 -58.98 -58.99 -58.95 -58.97 -59.19 -59.47 -59.71 -59.90 -59.96 -59.89 -59.58 -59.25 -59.06 -58.95 -58.99 -58.97 -58.57 -58.16 -58.02 -57.98 -57.98 -58.00 -58.00 -58.00 -58.00 -58.00 -58.00 -58.00 -58.01 -58.01 -57.99 -57.96 -57.90 -57.85 -57.87 -57.92 -57.97 -58.01 -58.06 -58.03 -57.83 -57.56 -57.27 -57.04 -56.98 -57.00 -57.05 -57.02 -56.72 -56.38 -56.21 -56.12
-60.56 -60.57 -60.58 -60.58 -60.58 -60.53 -60.30 -60.07 -60.01 -59.95 -59.69 -59.39 -59.15 -58.97 -58.96 -58.99 -59.00 -59.00 -58.94 -58.97 -59.24 -59.58 -59.89 -60.12 -60.19 -60.10 -59.73 -59.32 -59.09 -58.96 -59.00 -58.97 -58.56 -58.12 -57.99 -57.97 -57.98 -58.00 -58.00 -58.00 -58.00 -58.00 -58.00 -58.00 -58.00 -58.00 -58.01 -58.01 -58.02 -58.02 -58.02 -58.02 -58.03 -58.02 -57.95 -57.82 -57.54 -57.25 -57.07 -56.97 -56.99 -57.04 -57.11 -57.08 -56.70 -56.28 -56.06 -55.95
