Instances/BassStrait/GMRTv3_4_20171110topo.asc
ncols 622
nrows 409
xllcorner 146.85205078125
yllcorner -39.378470442140554
cellsize 0.00439453125
nodata_value -2147483648
[rows 341 to 371 of 408, columns 340 to 407 of 622]
-65.54 -65.65 -65.94 -66.22 -66.36 -66.43 -66.44 -66.42 -66.39 -66.37 -66.33 -66.36 -66.49 -66.76 -67.19 -67.82 -68.76 -69.78 -70.59 -71.43 -72.45 -73.67 -75.20 -76.89 -78.64 -80.39 -82.03 -83.76 -85.79 -87.96 -90.09 -92.33 -94.78 -97.34 -99.99 -102.59 -104.88 -107.16 -109.24 -112.26 -117.11 -124.32 -135.23 -148.27 -164.14 -177.37 -181.97 -180.17 -170.59 -158.04 -146.78 -137.04 -130.39 -127.02 -127.98 -132.14 -137.88 -147.68 -163.89 -185.36 -212.25 -242.94 -277.40 -311.05 -338.81 -362.04 -378.94 -393.97
-64.89 -64.86 -65.15 -65.51 -65.76 -65.92 -65.93 -65.89 -65.88 -65.88 -65.87 -65.87 -65.84 -65.93 -66.30 -66.90 -67.78 -68.70 -69.33 -69.97 -70.84 -71.86 -73.02 -74.41 -76.25 -78.22 -79.97 -81.75 -83.77 -85.87 -87.95 -90.09 -92.33 -94.70 -97.29 -99.90 -102.36 -104.77 -106.88 -109.57 -113.52 -119.09 -127.29 -136.76 -147.72 -156.46 -158.56 -156.29 -149.33 -140.98 -134.70 -129.62 -125.98 -123.96 -123.66 -125.47 -128.93 -136.68 -151.58 -172.52 -200.09 -232.09 -268.24 -303.33 -331.38 -354.43 -370.94 -385.70
-64.34 -64.29 -64.58 -64.95 -65.22 -65.40 -65.41 -65.36 -65.36 -65.36 -65.36 -65.35 -65.29 -65.35 -65.73 -66.28 -66.97 -67.68 -68.22 -68.78 -69.44 -70.26 -71.27 -72.55 -74.29 -76.21 -78.09 -79.97 -81.84 -83.76 -85.83 -87.97 -90.09 -92.29 -94.68 -97.21 -99.91 -102.65 -105.10 -107.87 -111.36 -115.80 -121.91 -128.57 -135.56 -140.93 -142.12 -140.73 -136.87 -132.45 -129.69 -127.63 -126.00 -124.97 -124.16 -124.88 -127.60 -134.51 -148.20 -167.94 -194.69 -225.86 -260.83 -294.71 -321.56 -343.83 -360.58 -376.07
-63.84 -63.93 -64.23 -64.54 -64.74 -64.86 -64.87 -64.83 -64.83 -64.83 -64.83 -64.82 -64.79 -64.87 -65.27 -65.78 -66.23 -66.69 -67.18 -67.71 -68.23 -68.90 -69.89 -71.16 -72.76 -74.56 -76.46 -78.35 -80.04 -81.77 -83.76 -85.86 -87.94 -90.12 -92.48 -95.03 -97.87 -100.79 -103.46 -106.28 -109.52 -113.24 -117.86 -122.56 -126.86 -130.14 -131.36 -131.32 -130.19 -128.81 -128.26 -127.96 -127.63 -127.38 -126.62 -127.16 -130.15 -137.01 -149.59 -167.68 -192.56 -221.55 -253.84 -285.10 -309.81 -330.81 -347.95 -364.64
-63.34 -63.75 -64.04 -64.24 -64.31 -64.31 -64.31 -64.31 -64.31 -64.31 -64.30 -64.30 -64.27 -64.35 -64.77 -65.23 -65.46 -65.69 -66.12 -66.65 -67.16 -67.83 -68.83 -70.10 -71.66 -73.36 -75.08 -76.79 -78.38 -79.99 -81.76 -83.69 -85.84 -88.20 -90.90 -93.72 -96.46 -99.14 -101.60 -104.18 -107.19 -110.47 -114.16 -117.74 -120.79 -123.25 -124.83 -125.83 -126.36 -126.72 -127.34 -127.96 -128.51 -128.97 -128.62 -129.50 -133.25 -140.38 -151.88 -168.06 -190.40 -216.47 -245.66 -274.00 -296.22 -315.68 -333.08 -351.09
-62.79 -63.22 -63.50 -63.68 -63.77 -63.79 -63.79 -63.78 -63.78 -63.78 -63.77 -63.77 -63.75 -63.81 -64.10 -64.40 -64.48 -64.60 -65.01 -65.54 -66.06 -66.75 -67.78 -69.02 -70.42 -71.91 -73.38 -74.90 -76.49 -78.18 -79.96 -81.91 -84.09 -86.52 -89.36 -92.31 -95.10 -97.75 -100.10 -102.48 -105.25 -108.17 -111.20 -114.07 -116.41 -118.45 -120.30 -121.92 -123.24 -124.50 -126.00 -127.49 -128.82 -130.00 -130.41 -131.84 -135.82 -142.51 -152.36 -165.95 -184.63 -206.58 -231.54 -256.25 -276.30 -294.94 -313.30 -333.42
-62.13 -62.45 -62.75 -63.00 -63.17 -63.27 -63.28 -63.25 -63.25 -63.25 -63.25 -63.25 -63.24 -63.26 -63.37 -63.48 -63.48 -63.58 -63.98 -64.52 -65.07 -65.76 -66.75 -67.89 -69.06 -70.27 -71.49 -72.84 -74.46 -76.25 -78.17 -80.24 -82.45 -84.89 -87.78 -90.79 -93.69 -96.43 -98.76 -101.03 -103.57 -106.16 -108.74 -111.13 -113.04 -114.82 -116.77 -118.68 -120.34 -122.06 -124.17 -126.31 -128.23 -129.99 -131.17 -133.09 -136.94 -142.74 -150.66 -161.41 -176.08 -193.65 -214.19 -235.45 -254.28 -273.34 -293.78 -316.97
-61.35 -61.59 -61.99 -62.36 -62.61 -62.76 -62.76 -62.72 -62.72 -62.72 -62.72 -62.72 -62.72 -62.72 -62.72 -62.72 -62.70 -62.81 -63.22 -63.77 -64.33 -64.99 -65.82 -66.73 -67.62 -68.57 -69.62 -70.85 -72.39 -74.17 -76.17 -78.35 -80.63 -83.15 -86.11 -89.20 -92.19 -95.01 -97.38 -99.61 -101.96 -104.26 -106.49 -108.51 -110.06 -111.55 -113.42 -115.42 -117.44 -119.57 -121.93 -124.30 -126.47 -128.52 -130.11 -132.23 -135.81 -140.70 -146.78 -154.94 -166.17 -180.10 -197.11 -216.02 -235.21 -256.35 -280.44 -307.75
-60.56 -60.81 -61.32 -61.82 -62.09 -62.23 -62.24 -62.20 -62.20 -62.20 -62.20 -62.20 -62.20 -62.19 -62.15 -62.12 -62.10 -62.21 -62.64 -63.18 -63.69 -64.24 -64.88 -65.56 -66.25 -67.03 -67.98 -69.12 -70.47 -72.09 -74.09 -76.34 -78.71 -81.32 -84.41 -87.60 -90.64 -93.47 -95.87 -98.07 -100.29 -102.39 -104.34 -106.08 -107.38 -108.69 -110.48 -112.52 -114.77 -117.13 -119.52 -121.86 -124.02 -126.08 -127.82 -129.96 -133.21 -137.29 -141.84 -147.90 -156.24 -167.35 -181.96 -200.07 -221.92 -247.54 -277.55 -310.51
-59.87 -60.17 -60.76 -61.32 -61.59 -61.70 -61.71 -61.67 -61.67 -61.67 -61.67 -61.67 -61.67 -61.67 -61.64 -61.63 -61.62 -61.73 -62.16 -62.68 -63.06 -63.45 -63.92 -64.44 -65.03 -65.73 -66.62 -67.67 -68.79 -70.20 -72.14 -74.42 -76.84 -79.56 -82.75 -86.03 -89.06 -91.85 -94.26 -96.47 -98.64 -100.63 -102.35 -103.86 -105.06 -106.32 -108.10 -110.14 -112.41 -114.78 -117.10 -119.33 -121.32 -123.23 -125.01 -127.08 -129.92 -133.28 -136.75 -141.34 -147.39 -156.47 -169.93 -188.81 -215.28 -247.31 -284.70 -324.11
-59.41 -59.67 -60.24 -60.79 -61.05 -61.17 -61.17 -61.13 -61.13 -61.13 -61.13 -61.13 -61.13 -61.13 -61.14 -61.16 -61.16 -61.26 -61.66 -62.10 -62.30 -62.51 -62.91 -63.43 -64.02 -64.72 -65.54 -66.49 -67.44 -68.70 -70.61 -72.88 -75.32 -78.04 -81.22 -84.47 -87.47 -90.25 -92.68 -94.92 -97.14 -99.13 -100.66 -101.99 -103.26 -104.66 -106.53 -108.56 -110.46 -112.45 -114.80 -117.11 -118.96 -120.72 -122.62 -124.68 -126.97 -129.60 -132.48 -136.22 -140.39 -148.04 -161.47 -182.47 -215.11 -254.83 -300.10 -345.94
-59.09 -59.31 -59.78 -60.24 -60.49 -60.62 -60.62 -60.57 -60.57 -60.58 -60.57 -60.57 -60.56 -60.59 -60.76 -60.94 -60.98 -61.05 -61.31 -61.61 -61.81 -62.02 -62.31 -62.69 -63.24 -63.90 -64.62 -65.47 -66.43 -67.68 -69.47 -71.64 -74.09 -76.83 -79.92 -83.05 -85.92 -88.62 -91.15 -93.53 -95.88 -97.94 -99.37 -100.59 -101.90 -103.36 -105.17 -107.10 -108.89 -110.75 -112.91 -115.02 -116.73 -118.38 -120.17 -122.09 -124.08 -126.48 -129.51 -133.48 -137.41 -145.43 -160.87 -185.14 -222.86 -267.81 -317.06 -365.32
-58.84 -59.05 -59.39 -59.72 -59.97 -60.13 -60.14 -60.10 -60.10 -60.10 -60.10 -60.09 -60.07 -60.14 -60.50 -60.86 -60.95 -60.98 -61.04 -61.18 -61.55 -61.93 -62.08 -62.28 -62.74 -63.32 -63.92 -64.68 -65.73 -67.05 -68.67 -70.64 -73.07 -75.79 -78.76 -81.75 -84.45 -87.06 -89.72 -92.28 -94.72 -96.86 -98.36 -99.65 -101.04 -102.50 -104.07 -105.77 -107.70 -109.65 -111.45 -113.16 -114.76 -116.34 -117.89 -119.67 -121.73 -124.65 -128.95 -134.78 -141.12 -152.05 -171.36 -199.04 -238.36 -283.21 -329.92 -374.47
-58.52 -58.86 -59.13 -59.36 -59.63 -59.85 -59.94 -59.98 -60.01 -60.02 -60.00 -59.98 -59.95 -59.99 -60.22 -60.46 -60.51 -60.51 -60.51 -60.62 -61.05 -61.54 -61.87 -62.20 -62.69 -63.24 -63.77 -64.43 -65.33 -66.51 -68.03 -69.87 -72.05 -74.54 -77.44 -80.45 -83.26 -85.96 -88.51 -90.92 -93.18 -95.29 -97.21 -99.05 -100.96 -102.71 -103.95 -105.17 -106.85 -108.62 -110.24 -111.83 -113.41 -115.04 -116.66 -118.75 -121.33 -125.70 -133.23 -143.68 -156.60 -173.96 -198.21 -227.46 -261.65 -297.62 -332.64 -365.41
-58.10 -58.57 -58.80 -58.99 -59.34 -59.68 -59.92 -60.05 -60.00 -59.91 -59.93 -59.97 -59.99 -60.01 -60.08 -60.14 -60.14 -60.14 -60.14 -60.25 -60.69 -61.22 -61.65 -62.08 -62.58 -63.09 -63.53 -64.09 -64.91 -65.98 -67.39 -69.08 -70.98 -73.23 -76.04 -79.05 -81.98 -84.79 -87.29 -89.61 -91.80 -93.97 -96.32 -98.65 -100.91 -102.85 -103.99 -104.95 -106.26 -107.70 -109.28 -110.90 -112.41 -114.02 -115.63 -118.03 -121.23 -127.48 -139.26 -155.94 -178.43 -204.54 -233.61 -262.02 -285.22 -305.32 -322.26 -338.03
-57.58 -58.13 -58.33 -58.52 -59.01 -59.54 -59.93 -60.14 -59.91 -59.63 -59.74 -59.93 -60.02 -60.06 -60.05 -60.02 -60.01 -60.01 -60.02 -60.14 -60.56 -61.05 -61.39 -61.73 -62.17 -62.62 -62.95 -63.42 -64.26 -65.36 -66.63 -68.13 -69.85 -71.91 -74.58 -77.51 -80.48 -83.37 -85.92 -88.33 -90.69 -93.08 -95.70 -98.24 -100.48 -102.37 -103.72 -104.80 -105.77 -106.85 -108.48 -110.21 -111.59 -113.02 -114.41 -116.89 -120.51 -128.52 -144.52 -167.54 -200.30 -235.35 -267.68 -292.66 -301.14 -301.64 -297.93 -295.15
-57.08 -57.59 -57.77 -57.98 -58.62 -59.28 -59.68 -59.85 -59.60 -59.33 -59.50 -59.75 -59.85 -59.90 -59.89 -59.86 -59.84 -59.84 -59.85 -59.98 -60.38 -60.82 -61.03 -61.22 -61.60 -62.00 -62.22 -62.59 -63.42 -64.50 -65.69 -67.08 -68.69 -70.64 -73.15 -75.95 -78.94 -81.89 -84.46 -86.90 -89.39 -91.92 -94.70 -97.35 -99.53 -101.38 -102.91 -104.14 -104.96 -105.88 -107.62 -109.45 -110.71 -111.94 -112.98 -115.21 -118.65 -127.25 -145.53 -171.93 -210.06 -249.04 -280.77 -300.49 -296.42 -281.56 -262.49 -246.75
-56.62 -57.03 -57.20 -57.43 -58.14 -58.85 -59.13 -59.21 -59.08 -58.97 -59.17 -59.41 -59.49 -59.52 -59.53 -59.52 -59.50 -59.50 -59.52 -59.65 -60.04 -60.45 -60.56 -60.66 -61.01 -61.39 -61.52 -61.79 -62.53 -63.54 -64.68 -66.02 -67.52 -69.34 -71.66 -74.31 -77.27 -80.23 -82.75 -85.17 -87.67 -90.26 -93.16 -95.95 -98.24 -100.18 -101.76 -103.04 -103.89 -104.84 -106.67 -108.55 -109.77 -110.86 -111.62 -113.46 -116.36 -124.41 -142.41 -168.18 -204.95 -241.33 -268.39 -282.06 -270.53 -248.14 -222.40 -202.03
-56.19 -56.49 -56.66 -56.91 -57.57 -58.19 -58.30 -58.27 -58.38 -58.53 -58.73 -58.91 -58.95 -58.94 -58.94 -58.94 -58.92 -58.93 -58.95 -59.07 -59.47 -59.88 -60.01 -60.14 -60.51 -60.89 -60.99 -61.17 -61.75 -62.60 -63.71 -65.01 -66.35 -67.96 -70.09 -72.56 -75.40 -78.26 -80.69 -83.02 -85.42 -87.99 -91.04 -94.09 -96.76 -98.99 -100.46 -101.60 -102.64 -103.81 -105.64 -107.49 -108.79 -109.89 -110.57 -112.03 -114.31 -120.76 -135.66 -156.30 -184.22 -211.01 -229.65 -237.48 -225.56 -205.74 -184.06 -168.94
-55.66 -55.96 -56.15 -56.39 -56.89 -57.35 -57.47 -57.51 -57.58 -57.71 -58.01 -58.30 -58.39 -58.40 -58.41 -58.40 -58.38 -58.38 -58.40 -58.52 -58.92 -59.34 -59.48 -59.61 -59.99 -60.37 -60.46 -60.62 -61.20 -62.00 -62.97 -64.05 -65.10 -66.41 -68.31 -70.54 -72.94 -75.46 -77.99 -80.55 -83.11 -85.84 -89.06 -92.30 -95.29 -97.81 -99.31 -100.46 -101.72 -103.07 -104.78 -106.50 -107.94 -109.22 -110.04 -111.42 -113.68 -118.60 -128.86 -142.04 -158.05 -172.69 -181.98 -185.09 -177.38 -166.25 -155.32 -151.25
-53.48 -53.72 -53.74 -55.87 -56.21 -56.53 -56.74 -56.88 -56.91 -56.99 -57.35 -57.71 -57.84 -57.88 -57.89 -57.87 -57.85 -57.86 -57.87 -58.00 -58.40 -58.81 -58.95 -59.08 -59.46 -59.84 -59.94 -60.11 -60.72 -61.49 -62.24 -63.06 -63.88 -64.97 -66.66 -68.63 -70.59 -72.76 -75.34 -78.14 -80.98 -83.99 -87.33 -90.68 -93.90 -96.64 -98.23 -99.44 -100.85 -102.32 -103.97 -105.66 -107.33 -108.89 -110.00 -111.40 -113.55 -116.95 -122.79 -129.41 -135.93 -141.21 -143.56 -143.76 -140.84 -138.40 -138.27 -144.90
-90.92 -92.27 -96.79 -53.70 -53.91 -54.18 -54.31 -54.56 -54.55 -54.76 -54.81 -54.88 -54.94 -54.80 -54.59 -54.37 -54.14 -54.08 -54.03 -54.23 -54.59 -55.03 -58.42 -58.55 -58.93 -59.31 -59.43 -59.60 -60.14 -60.79 -61.33 -61.97 -62.79 -63.88 -65.45 -67.25 -69.05 -71.07 -73.46 -76.17 -79.26 -82.56 -85.93 -89.28 -92.61 -95.46 -97.11 -98.36 -99.75 -101.26 -103.09 -105.04 -107.04 -108.91 -110.37 -111.73 -112.94 -114.74 -118.11 -122.16 -126.79 -130.57 -131.49 -131.19 -129.66 -129.96 -134.21 -145.20
-76.94 -78.05 -81.57 -76.90 -78.85 -79.79 -80.76 -79.87 -83.63 -84.62 -87.46 -89.29 -89.34 -91.16 -93.98 -96.76 -99.58 -100.54 -101.50 -100.55 -101.55 -101.59 -57.92 -58.04 -58.43 -58.82 -58.93 -59.08 -59.57 -60.16 -60.62 -61.17 -61.94 -62.98 -64.40 -66.03 -67.71 -69.58 -71.65 -74.10 -77.22 -80.65 -84.14 -87.62 -90.99 -93.95 -95.99 -97.63 -99.13 -100.68 -102.63 -104.69 -106.75 -108.67 -110.33 -111.68 -112.34 -113.20 -115.07 -117.73 -121.91 -125.61 -126.47 -126.33 -125.32 -126.31 -131.36 -143.02
-52.52 -53.41 -54.31 -56.20 -56.10 -56.99 -56.94 -55.82 -57.73 -57.57 -58.58 -60.36 -59.30 -61.19 -61.98 -63.81 -64.71 -64.66 -64.60 -64.66 -64.48 -64.60 -57.51 -57.52 -57.89 -58.28 -58.39 -58.55 -59.03 -59.60 -60.06 -60.58 -61.26 -62.19 -63.47 -64.97 -66.56 -68.28 -70.06 -72.24 -75.23 -78.64 -82.28 -85.93 -89.35 -92.45 -95.03 -97.18 -98.90 -100.53 -102.53 -104.63 -106.52 -108.28 -109.94 -111.27 -111.77 -112.28 -113.38 -115.31 -119.23 -122.96 -124.19 -124.49 -123.77 -124.64 -128.65 -138.94
-50.63 -50.56 -51.13 -52.17 -51.68 -51.72 -51.29 -49.71 -50.90 -49.83 -51.47 -51.39 -50.39 -51.37 -50.87 -51.86 -52.48 -52.48 -52.48 -52.54 -51.90 -52.54 -56.90 -56.62 -57.28 -57.46 -58.53 -58.64 -59.38 -59.66 -59.89 -60.63 -61.43 -61.86 -63.46 -64.69 -65.96 -67.79 -70.13 -72.56 -75.49 -78.68 -82.05 -85.89 -89.19 -92.83 -95.69 -99.43 -101.77 -104.12 -106.13 -104.72 -106.33 -107.99 -109.42 -110.63 -111.16 -111.64 -112.44 -113.83 -116.93 -120.22 -121.75 -122.51 -121.91 -123.28 -126.84 -135.96
-63.18 -63.33 -63.30 -62.81 -62.71 -61.14 -60.19 -58.58 -57.74 -56.81 -57.86 -57.22 -56.22 -56.58 -55.63 -55.85 -55.11 -55.18 -55.18 -54.33 -54.36 -54.40 -60.28 -56.09 -56.47 -56.62 -57.41 -57.77 -58.41 -58.82 -59.20 -59.87 -60.60 -61.24 -62.63 -63.93 -65.28 -67.01 -69.17 -73.41 -76.42 -79.40 -82.35 -86.39 -89.32 -92.52 -96.37 -99.04 -102.97 -105.21 -107.19 -107.49 -109.44 -107.96 -109.69 -110.72 -111.71 -112.82 -114.65 -117.21 -118.69 -116.48 -116.16 -118.10 -127.94 -128.07 -127.84 -133.65
-105.73 -103.73 -103.73 -101.74 -99.75 -97.78 -95.80 -91.83 -90.84 -88.86 -88.85 -85.86 -84.88 -82.88 -80.90 -80.90 -78.91 -77.91 -77.91 -77.93 -77.93 -76.93 -55.03 -55.40 -55.50 -55.65 -56.12 -56.71 -57.26 -57.84 -58.46 -59.16 -59.96 -60.93 -62.16 -63.55 -65.00 -66.67 -68.73 -71.14 -74.07 -77.32 -80.73 -84.27 -88.03 -91.65 -94.70 -97.42 -99.72 -101.87 -104.17 -106.18 -107.38 -108.29 -111.99 -112.98 -112.98 -110.98 -111.96 -115.94 -114.94 -117.99 -115.03 -115.04 -121.92 -124.98 -126.09 -130.16
-50.17 -50.32 -50.28 -50.41 -50.65 -50.90 -51.11 -51.43 -51.50 -51.63 -51.63 -51.85 -51.93 -52.08 -52.24 -52.25 -52.40 -52.47 -52.46 -52.45 -52.44 -52.54 -54.25 -54.35 -54.41 -54.58 -55.04 -55.65 -56.27 -56.98 -57.85 -58.84 -59.97 -61.20 -62.46 -63.82 -65.27 -66.98 -69.16 -71.77 -74.88 -78.24 -81.60 -85.04 -88.69 -92.21 -95.26 -97.97 -100.27 -102.43 -104.94 -107.12 -108.20 -108.84 -109.25 -109.78 -110.37 -111.22 -112.19 -113.09 -114.30 -115.46 -117.37 -119.84 -122.80 -127.93 -135.59 -146.81
-53.99 -54.06 -53.96 -53.80 -53.69 -53.61 -53.60 -53.61 -53.61 -53.61 -53.61 -53.61 -53.60 -53.63 -53.79 -53.95 -54.00 -53.97 -53.83 -53.68 -53.63 -53.58 -53.39 -53.25 -53.27 -53.47 -53.95 -54.61 -55.37 -56.27 -57.34 -58.57 -59.96 -61.42 -62.77 -64.17 -65.69 -67.50 -69.86 -72.62 -75.80 -79.19 -82.58 -86.01 -89.54 -92.92 -95.92 -98.57 -100.71 -102.75 -105.34 -107.63 -108.78 -109.44 -109.98 -110.42 -110.89 -111.48 -112.29 -113.34 -114.59 -116.24 -118.25 -121.30 -125.87 -132.51 -141.79 -154.22
-53.88 -54.05 -53.81 -53.47 -53.25 -53.10 -53.09 -53.13 -53.13 -53.12 -53.12 -53.11 -53.09 -53.16 -53.53 -53.89 -53.99 -53.91 -53.57 -53.19 -53.08 -52.97 -52.58 -52.24 -52.21 -52.44 -52.98 -53.75 -54.68 -55.75 -56.92 -58.22 -59.75 -61.35 -62.85 -64.41 -66.06 -68.00 -70.51 -73.38 -76.49 -79.81 -83.29 -86.81 -90.26 -93.52 -96.45 -99.00 -100.93 -102.76 -105.24 -107.54 -108.92 -109.84 -110.46 -110.92 -111.39 -111.94 -112.59 -113.61 -115.26 -117.53 -120.24 -124.20 -130.08 -138.17 -148.80 -162.44
-53.49 -53.60 -53.43 -53.20 -53.07 -53.00 -53.01 -53.03 -53.01 -52.99 -52.97 -52.96 -52.95 -53.00 -53.28 -53.55 -53.63 -53.53 -53.12 -52.68 -52.54 -52.41 -51.93 -51.51 -51.46 -51.71 -52.30 -53.14 -54.16 -55.30 -56.40 -57.62 -59.10 -60.74 -62.56 -64.43 -66.17 -68.07 -70.36 -73.01 -76.12 -79.52 -83.13 -86.75 -90.17 -93.35 -96.22 -98.72 -100.57 -102.32 -104.64 -106.84 -108.42 -109.59 -110.23 -110.75 -111.60 -112.53 -113.33 -114.42 -116.07 -118.51 -121.86 -126.72 -133.70 -142.94 -154.72 -169.27
