Instances/BassStrait/GMRTv3_4_20171110topo.asc
ncols 622
nrows 409
xllcorner 146.85205078125
yllcorner -39.378470442140554
cellsize 0.00439453125
nodata_value -2147483648
[rows 217 to 247 of 408, columns 476 to 543 of 622]
-2655.47 -2659.58 -2665.28 -2659.40 -2651.33 -2643.13 -2636.00 -2637.51 -2646.06 -2656.88 -2659.71 -2638.49 -2612.51 -2597.68 -2600.91 -2608.96 -2621.01 -2639.16 -2667.14 -2686.95 -2696.30 -2702.06 -2702.95 -2708.39 -2717.86 -2732.21 -2760.58 -2769.60 -2771.40 -2772.50 -2755.48 -2752.14 -2761.81 -2748.91 -2718.98 -2695.86 -2659.39 -2629.64 -2623.60 -2604.60 -2598.24 -2590.37 -2579.61 -2572.32 -2575.95 -2572.64 -2592.07 -2557.37 -2512.04 -2524.86 -2516.04 -2498.18 -2502.88 -2511.85 -2505.12 -2497.63 -2499.93 -2492.06 -2461.94 -2432.19 -2412.64 -2364.35 -2340.26 -2332.54 -2304.71 -2292.04 -2277.64 -2260.84
-2670.05 -2676.77 -2676.16 -2674.74 -2666.74 -2657.57 -2654.18 -2654.99 -2654.81 -2669.02 -2668.75 -2661.39 -2643.94 -2628.50 -2629.98 -2626.36 -2641.22 -2652.75 -2673.26 -2691.10 -2709.64 -2718.76 -2721.86 -2723.90 -2738.18 -2749.62 -2769.46 -2777.58 -2779.75 -2779.80 -2765.21 -2759.94 -2758.72 -2751.85 -2749.63 -2713.18 -2668.72 -2654.56 -2643.34 -2625.35 -2616.09 -2601.04 -2588.86 -2592.85 -2605.11 -2621.93 -2618.65 -2555.11 -2524.83 -2532.48 -2532.83 -2538.98 -2540.84 -2542.58 -2522.27 -2511.46 -2498.65 -2483.98 -2471.66 -2446.66 -2412.99 -2392.31 -2370.38 -2370.55 -2344.89 -2328.54 -2291.45 -2272.38
-2689.52 -2697.63 -2691.79 -2690.09 -2682.05 -2674.75 -2674.63 -2672.94 -2673.67 -2682.97 -2679.85 -2677.82 -2673.36 -2663.33 -2646.81 -2643.48 -2657.94 -2666.88 -2684.19 -2698.21 -2720.43 -2730.37 -2738.29 -2737.03 -2755.20 -2762.43 -2778.46 -2784.53 -2789.38 -2788.30 -2783.83 -2777.08 -2765.48 -2755.67 -2763.62 -2748.99 -2703.19 -2683.93 -2669.06 -2656.06 -2643.46 -2623.42 -2613.04 -2616.21 -2635.71 -2659.95 -2625.48 -2575.48 -2550.39 -2542.81 -2558.58 -2569.66 -2566.97 -2557.55 -2540.94 -2525.26 -2498.66 -2479.64 -2470.06 -2454.77 -2439.72 -2414.62 -2402.24 -2387.79 -2366.26 -2341.51 -2317.51 -2314.11
-2719.86 -2722.32 -2715.49 -2706.81 -2699.19 -2696.74 -2698.25 -2690.93 -2698.09 -2704.25 -2704.83 -2701.57 -2696.17 -2683.42 -2674.08 -2679.17 -2680.29 -2689.96 -2698.89 -2715.48 -2730.30 -2743.08 -2746.41 -2755.45 -2766.36 -2773.99 -2789.86 -2794.93 -2802.18 -2803.45 -2801.71 -2785.89 -2773.87 -2764.66 -2767.39 -2771.45 -2758.04 -2728.18 -2707.58 -2687.76 -2664.21 -2649.38 -2648.23 -2649.74 -2678.14 -2692.86 -2641.02 -2600.52 -2576.97 -2569.71 -2578.74 -2587.36 -2580.38 -2566.39 -2558.18 -2535.21 -2509.28 -2491.65 -2474.70 -2458.31 -2452.39 -2433.81 -2424.29 -2402.99 -2386.17 -2362.01 -2336.63 -2323.82
-2740.51 -2744.35 -2741.80 -2736.43 -2726.72 -2719.45 -2718.47 -2711.11 -2721.01 -2720.96 -2726.84 -2723.54 -2717.31 -2707.62 -2709.36 -2717.62 -2709.83 -2715.03 -2720.35 -2739.91 -2750.88 -2766.49 -2758.57 -2770.19 -2775.02 -2785.74 -2800.26 -2806.86 -2815.94 -2818.48 -2818.20 -2800.77 -2789.31 -2784.34 -2778.98 -2773.97 -2780.76 -2775.54 -2762.86 -2730.07 -2695.70 -2673.32 -2680.69 -2691.00 -2705.19 -2692.27 -2654.18 -2625.10 -2606.02 -2604.41 -2609.74 -2602.90 -2593.09 -2583.07 -2568.50 -2546.28 -2520.10 -2504.17 -2489.95 -2479.11 -2468.90 -2448.59 -2430.24 -2420.34 -2410.42 -2379.74 -2356.23 -2340.44
-2745.80 -2751.96 -2752.74 -2753.46 -2751.74 -2743.58 -2742.03 -2739.67 -2740.26 -2735.61 -2740.03 -2740.63 -2736.34 -2731.93 -2739.51 -2740.10 -2735.44 -2734.31 -2746.11 -2760.61 -2774.71 -2784.97 -2780.10 -2785.87 -2788.04 -2798.69 -2812.34 -2818.49 -2828.07 -2830.95 -2828.48 -2815.11 -2803.46 -2794.88 -2788.00 -2783.48 -2778.34 -2774.76 -2783.26 -2769.67 -2742.65 -2720.37 -2715.73 -2728.59 -2723.98 -2689.92 -2667.84 -2656.04 -2648.82 -2646.80 -2643.63 -2622.66 -2608.67 -2595.46 -2577.04 -2564.46 -2540.54 -2525.48 -2501.89 -2493.90 -2483.73 -2466.56 -2466.54 -2441.84 -2425.33 -2405.82 -2390.40 -2360.42
-2752.17 -2757.09 -2760.17 -2762.21 -2756.12 -2753.28 -2759.36 -2761.44 -2758.42 -2755.52 -2753.41 -2752.33 -2750.45 -2751.68 -2759.50 -2757.57 -2760.74 -2758.87 -2769.73 -2777.48 -2797.60 -2801.38 -2807.61 -2805.63 -2806.54 -2819.48 -2825.37 -2832.48 -2836.17 -2841.18 -2839.37 -2833.63 -2819.70 -2812.81 -2802.70 -2799.68 -2792.57 -2781.44 -2781.93 -2788.16 -2786.82 -2790.43 -2785.68 -2780.52 -2748.43 -2722.34 -2694.00 -2690.12 -2688.04 -2676.81 -2669.75 -2651.03 -2647.17 -2610.67 -2590.46 -2572.24 -2554.28 -2537.29 -2516.49 -2503.25 -2492.25 -2491.64 -2492.67 -2458.71 -2437.57 -2414.36 -2393.16 -2379.80
-2757.52 -2759.26 -2764.20 -2768.18 -2762.00 -2761.08 -2766.63 -2769.43 -2767.46 -2768.73 -2766.77 -2764.15 -2765.54 -2773.11 -2772.80 -2776.21 -2782.22 -2788.20 -2793.48 -2794.11 -2814.52 -2810.65 -2819.24 -2824.83 -2823.52 -2827.77 -2835.26 -2846.03 -2840.13 -2844.58 -2851.55 -2854.53 -2846.25 -2841.43 -2832.03 -2825.88 -2813.44 -2801.05 -2784.55 -2787.39 -2798.04 -2813.07 -2821.21 -2821.64 -2806.59 -2775.08 -2732.56 -2728.62 -2719.44 -2705.53 -2696.62 -2687.84 -2682.90 -2642.72 -2610.28 -2587.57 -2562.17 -2547.24 -2531.36 -2510.67 -2502.38 -2506.77 -2510.78 -2484.20 -2460.54 -2434.27 -2411.30 -2410.63
-2764.13 -2766.68 -2769.24 -2774.22 -2771.18 -2767.53 -2773.46 -2775.27 -2773.82 -2779.25 -2780.23 -2780.17 -2780.48 -2781.40 -2782.23 -2788.49 -2792.06 -2804.98 -2811.10 -2815.63 -2830.31 -2829.27 -2837.34 -2838.76 -2838.66 -2834.49 -2840.34 -2848.55 -2851.56 -2858.50 -2863.54 -2868.83 -2865.36 -2855.93 -2855.25 -2843.98 -2833.29 -2820.86 -2805.00 -2803.52 -2818.30 -2832.39 -2842.60 -2843.49 -2834.71 -2818.87 -2798.42 -2783.14 -2750.94 -2736.11 -2726.25 -2715.25 -2708.49 -2679.70 -2651.80 -2641.42 -2597.82 -2572.47 -2544.54 -2521.78 -2519.33 -2513.53 -2509.95 -2488.05 -2471.95 -2460.32 -2447.22 -2437.23
-2768.69 -2772.57 -2776.29 -2779.36 -2780.13 -2777.96 -2782.03 -2785.96 -2785.93 -2791.95 -2795.60 -2792.76 -2791.07 -2787.38 -2791.09 -2796.31 -2800.94 -2813.28 -2821.21 -2827.14 -2841.12 -2849.49 -2859.37 -2859.10 -2858.04 -2857.70 -2857.86 -2866.92 -2874.71 -2879.01 -2884.73 -2885.00 -2887.95 -2877.79 -2874.14 -2864.88 -2853.64 -2841.79 -2832.25 -2821.56 -2833.11 -2845.55 -2854.76 -2858.90 -2865.78 -2863.07 -2854.19 -2838.15 -2810.84 -2779.01 -2752.21 -2731.98 -2714.17 -2695.69 -2680.49 -2670.18 -2635.66 -2597.54 -2571.84 -2547.03 -2536.45 -2518.32 -2500.93 -2488.39 -2478.29 -2477.89 -2475.03 -2472.26
-2771.95 -2777.13 -2782.77 -2785.65 -2788.77 -2789.12 -2793.13 -2795.11 -2794.38 -2800.17 -2805.95 -2805.28 -2802.08 -2796.62 -2801.36 -2803.06 -2812.08 -2820.80 -2828.79 -2837.22 -2848.76 -2862.44 -2873.10 -2874.27 -2874.19 -2876.28 -2880.10 -2886.38 -2895.94 -2898.98 -2906.77 -2908.28 -2906.13 -2899.81 -2893.52 -2884.13 -2880.97 -2865.75 -2858.18 -2855.21 -2865.68 -2866.56 -2868.00 -2867.09 -2877.12 -2889.64 -2890.07 -2868.69 -2860.62 -2847.05 -2804.33 -2761.33 -2732.32 -2709.67 -2690.43 -2675.47 -2653.37 -2651.32 -2629.53 -2579.90 -2551.70 -2528.90 -2514.46 -2500.37 -2488.62 -2486.66 -2487.23 -2488.07
-2780.96 -2786.67 -2789.65 -2791.89 -2794.31 -2795.56 -2799.25 -2803.21 -2805.41 -2808.96 -2811.81 -2813.37 -2810.45 -2811.23 -2812.29 -2814.32 -2820.45 -2828.48 -2836.90 -2848.58 -2857.89 -2874.49 -2879.49 -2881.50 -2881.32 -2884.05 -2893.89 -2903.64 -2908.08 -2912.99 -2917.41 -2922.01 -2920.88 -2920.38 -2910.56 -2900.76 -2900.89 -2887.66 -2881.30 -2884.39 -2889.21 -2886.23 -2884.52 -2878.78 -2886.61 -2907.85 -2911.06 -2905.08 -2893.70 -2869.04 -2851.16 -2820.94 -2767.59 -2730.06 -2706.49 -2697.54 -2677.48 -2674.95 -2651.54 -2603.15 -2567.17 -2554.91 -2546.55 -2531.55 -2521.50 -2519.43 -2511.35 -2497.41
-2786.32 -2790.46 -2795.62 -2800.31 -2804.63 -2805.11 -2806.28 -2810.65 -2812.79 -2814.25 -2816.27 -2818.38 -2819.12 -2820.98 -2819.48 -2825.92 -2829.27 -2835.46 -2844.20 -2856.06 -2871.73 -2884.33 -2888.04 -2890.80 -2891.17 -2896.68 -2906.70 -2917.12 -2925.00 -2931.13 -2934.28 -2935.02 -2929.88 -2932.63 -2920.22 -2916.06 -2911.24 -2905.79 -2895.01 -2901.34 -2905.21 -2904.29 -2898.29 -2896.26 -2899.97 -2917.09 -2915.78 -2925.62 -2926.57 -2903.40 -2875.09 -2869.14 -2822.81 -2765.95 -2733.85 -2725.66 -2702.65 -2682.31 -2652.04 -2616.05 -2600.63 -2597.57 -2588.15 -2573.85 -2561.91 -2549.43 -2533.51 -2516.39
-2795.95 -2800.94 -2804.95 -2807.96 -2811.96 -2815.95 -2820.94 -2823.94 -2823.94 -2824.93 -2829.93 -2830.93 -2829.93 -2830.94 -2827.94 -2833.96 -2837.95 -2847.94 -2860.93 -2863.94 -2879.95 -2892.96 -2895.95 -2898.96 -2897.96 -2904.96 -2914.97 -2926.97 -2937.96 -2942.96 -2946.96 -2945.95 -2940.93 -2941.96 -2933.93 -2927.93 -2921.93 -2919.93 -2910.93 -2917.94 -2922.92 -2917.93 -2916.91 -2920.89 -2922.90 -2921.95 -2925.93 -2939.95 -2944.93 -2934.86 -2900.81 -2877.92 -2866.87 -2835.71 -2788.69 -2746.84 -2718.89 -2704.88 -2678.84 -2656.83 -2638.86 -2623.88 -2609.88 -2603.86 -2589.89 -2571.90 -2553.90 -2539.87
-2806.33 -2812.20 -2816.26 -2818.44 -2822.19 -2825.70 -2830.11 -2835.28 -2837.58 -2839.85 -2842.73 -2845.23 -2845.53 -2845.05 -2844.65 -2844.49 -2851.09 -2859.44 -2869.65 -2876.41 -2891.31 -2901.55 -2907.38 -2909.56 -2909.89 -2912.06 -2920.17 -2930.75 -2941.68 -2947.76 -2953.11 -2954.05 -2954.87 -2950.63 -2948.79 -2943.30 -2938.35 -2932.19 -2923.65 -2926.80 -2934.65 -2933.05 -2935.33 -2940.03 -2940.09 -2938.43 -2941.34 -2946.54 -2957.64 -2960.41 -2948.35 -2910.29 -2882.74 -2870.74 -2850.03 -2793.25 -2749.02 -2726.12 -2708.28 -2681.22 -2660.48 -2648.50 -2638.79 -2629.62 -2606.27 -2591.36 -2574.57 -2566.67
-2818.90 -2823.35 -2826.29 -2828.71 -2832.29 -2834.74 -2840.29 -2844.72 -2849.40 -2853.09 -2855.39 -2860.07 -2860.92 -2863.79 -2864.96 -2864.72 -2873.00 -2876.78 -2878.01 -2884.35 -2900.40 -2912.51 -2920.26 -2922.89 -2923.51 -2926.17 -2934.80 -2941.42 -2948.08 -2954.15 -2959.21 -2958.31 -2960.42 -2959.67 -2963.29 -2958.14 -2953.56 -2944.84 -2937.95 -2937.59 -2941.78 -2947.44 -2953.92 -2955.18 -2957.21 -2952.28 -2949.87 -2955.09 -2966.92 -2976.55 -2980.89 -2967.99 -2939.48 -2920.09 -2901.41 -2868.54 -2799.10 -2739.38 -2726.33 -2704.73 -2685.21 -2671.86 -2662.00 -2640.42 -2622.65 -2615.47 -2606.69 -2616.49
-2833.98 -2837.09 -2838.18 -2841.05 -2844.24 -2847.25 -2852.42 -2856.41 -2863.26 -2866.39 -2870.14 -2875.15 -2878.73 -2879.81 -2879.70 -2886.14 -2897.38 -2896.70 -2897.59 -2903.61 -2913.47 -2925.41 -2938.63 -2938.86 -2936.97 -2940.24 -2946.65 -2951.60 -2959.60 -2964.66 -2966.82 -2969.15 -2971.21 -2973.02 -2976.36 -2971.98 -2969.81 -2962.64 -2955.41 -2955.32 -2958.23 -2964.57 -2968.05 -2967.02 -2963.94 -2961.68 -2958.89 -2960.31 -2974.04 -2981.28 -2987.35 -2986.45 -2984.67 -2985.62 -2976.18 -2955.50 -2886.51 -2800.12 -2752.93 -2730.22 -2711.67 -2694.55 -2683.20 -2659.94 -2648.23 -2649.30 -2654.93 -2682.47
-2849.44 -2852.52 -2853.72 -2856.47 -2858.57 -2861.35 -2863.01 -2867.01 -2874.94 -2878.16 -2882.16 -2887.00 -2892.05 -2896.11 -2900.66 -2907.73 -2915.38 -2914.58 -2914.67 -2917.75 -2926.52 -2939.57 -2954.26 -2954.12 -2954.34 -2955.41 -2958.43 -2963.29 -2968.99 -2975.11 -2978.23 -2984.43 -2985.37 -2989.39 -2991.36 -2989.58 -2986.53 -2980.85 -2978.23 -2977.18 -2981.03 -2983.53 -2984.29 -2985.48 -2978.48 -2974.31 -2966.92 -2969.29 -2980.86 -2988.11 -2994.12 -2992.15 -2993.94 -2996.06 -2993.94 -2985.11 -2964.50 -2888.72 -2805.92 -2778.33 -2749.13 -2724.25 -2704.45 -2682.49 -2677.26 -2684.96 -2697.91 -2719.55
-2864.41 -2868.25 -2873.89 -2875.77 -2879.83 -2879.20 -2877.38 -2881.01 -2884.81 -2891.53 -2895.49 -2899.12 -2903.89 -2906.22 -2915.17 -2924.07 -2928.49 -2931.80 -2934.77 -2941.68 -2947.83 -2960.46 -2969.36 -2966.76 -2970.05 -2972.46 -2976.83 -2979.22 -2981.73 -2988.99 -2992.70 -3000.23 -3002.24 -3004.61 -3005.97 -3007.36 -3004.63 -3003.56 -3005.24 -3004.01 -3003.14 -3000.87 -2999.82 -3000.66 -2996.44 -2991.74 -2981.01 -2985.34 -2991.11 -3005.15 -3010.42 -3009.62 -3007.10 -3010.15 -3019.94 -3010.64 -2993.35 -2941.10 -2855.80 -2806.32 -2779.16 -2761.56 -2739.32 -2722.12 -2731.85 -2754.60 -2773.26 -2747.21
-2875.05 -2875.96 -2885.26 -2892.90 -2898.39 -2898.21 -2899.28 -2902.32 -2899.53 -2904.36 -2909.37 -2913.88 -2916.08 -2921.45 -2930.05 -2938.70 -2942.52 -2948.00 -2950.50 -2959.43 -2966.61 -2978.87 -2986.58 -2984.52 -2989.36 -2989.92 -2993.56 -2997.01 -2997.41 -3001.50 -3004.46 -3011.23 -3017.12 -3021.93 -3020.21 -3021.27 -3020.50 -3021.84 -3025.99 -3028.54 -3028.23 -3024.59 -3022.17 -3016.48 -3015.04 -3011.23 -3002.32 -2998.78 -2999.27 -3014.98 -3018.61 -3022.12 -3023.45 -3024.19 -3032.90 -3036.20 -3026.62 -2956.83 -2880.46 -2846.95 -2814.72 -2794.17 -2786.11 -2798.18 -2831.61 -2877.88 -2869.30 -2788.58
-2896.45 -2895.22 -2898.42 -2906.43 -2911.52 -2909.56 -2918.38 -2920.34 -2923.24 -2928.16 -2929.23 -2931.28 -2927.44 -2936.45 -2946.56 -2954.51 -2960.44 -2960.66 -2964.49 -2971.61 -2976.73 -2984.84 -2995.70 -3000.43 -2998.65 -3004.58 -3008.45 -3011.50 -3013.38 -3017.39 -3020.37 -3024.42 -3025.56 -3031.61 -3032.42 -3031.46 -3034.45 -3038.40 -3042.42 -3046.42 -3047.41 -3046.24 -3043.28 -3036.29 -3034.24 -3028.31 -3020.34 -3012.48 -3009.64 -3019.85 -3027.63 -3033.61 -3039.58 -3042.44 -3048.41 -3049.53 -3060.14 -3018.42 -2928.92 -2882.07 -2859.26 -2837.75 -2838.83 -2897.78 -2975.57 -3001.06 -2925.96 -2799.02
-2900.17 -2912.05 -2914.24 -2922.57 -2923.73 -2923.92 -2932.70 -2939.05 -2939.60 -2944.88 -2948.53 -2950.55 -2946.93 -2952.99 -2955.83 -2965.49 -2972.09 -2967.55 -2977.12 -2980.38 -2982.54 -2990.73 -3004.58 -3014.78 -3010.44 -3012.31 -3023.03 -3025.45 -3030.78 -3032.72 -3036.69 -3040.14 -3041.53 -3045.96 -3052.04 -3051.07 -3050.52 -3054.42 -3057.43 -3060.57 -3062.60 -3065.44 -3061.31 -3053.88 -3056.01 -3048.92 -3039.42 -3028.56 -3020.28 -3023.51 -3036.52 -3042.28 -3046.26 -3053.72 -3061.86 -3063.57 -3073.73 -3076.12 -3036.95 -2964.10 -2916.36 -2920.64 -2963.33 -3018.89 -3049.97 -3027.66 -2928.85 -2792.50
-2895.72 -2905.04 -2924.41 -2929.93 -2929.91 -2940.65 -2942.84 -2952.86 -2957.16 -2953.49 -2960.45 -2961.87 -2965.94 -2971.32 -2971.40 -2981.85 -2983.67 -2980.29 -2989.51 -2989.69 -2993.81 -3002.93 -3014.36 -3022.52 -3024.37 -3021.69 -3029.78 -3036.45 -3044.12 -3044.19 -3050.51 -3051.20 -3053.99 -3060.66 -3067.53 -3072.03 -3069.58 -3070.27 -3077.03 -3079.82 -3082.78 -3079.19 -3077.50 -3076.44 -3076.23 -3069.74 -3060.36 -3051.87 -3041.94 -3037.74 -3042.27 -3048.76 -3054.85 -3062.98 -3071.30 -3077.05 -3080.88 -3091.29 -3098.46 -3082.72 -3049.76 -3045.88 -3075.22 -3080.52 -3062.70 -3007.61 -2880.09 -2764.17
-2886.90 -2896.40 -2915.96 -2916.67 -2931.38 -2943.06 -2951.10 -2964.40 -2959.69 -2965.20 -2976.40 -2977.32 -2980.56 -2978.90 -2982.18 -2995.46 -2994.29 -2997.95 -3003.39 -3005.25 -3009.25 -3017.67 -3027.88 -3031.55 -3034.47 -3037.38 -3040.79 -3049.55 -3057.90 -3053.75 -3066.79 -3069.21 -3068.41 -3074.39 -3085.40 -3088.05 -3082.31 -3083.31 -3090.78 -3097.79 -3102.66 -3100.57 -3095.46 -3095.00 -3095.71 -3089.53 -3078.74 -3072.37 -3066.43 -3057.32 -3051.09 -3059.20 -3074.04 -3081.40 -3085.52 -3091.61 -3090.95 -3098.97 -3108.01 -3114.65 -3111.17 -3101.53 -3097.13 -3089.94 -3054.55 -2953.86 -2818.77 -2759.46
-2884.45 -2896.69 -2900.24 -2906.75 -2925.65 -2935.48 -2944.30 -2956.02 -2952.61 -2960.42 -2975.43 -2992.11 -2994.19 -2984.30 -2992.55 -3002.43 -3005.71 -3017.98 -3022.84 -3021.78 -3025.83 -3029.74 -3038.71 -3040.73 -3045.93 -3051.69 -3051.54 -3062.61 -3068.32 -3070.64 -3074.40 -3081.57 -3084.87 -3090.87 -3097.53 -3094.46 -3091.64 -3100.82 -3106.87 -3112.87 -3117.82 -3120.06 -3118.11 -3115.14 -3115.18 -3112.41 -3106.66 -3101.58 -3095.39 -3083.39 -3076.63 -3083.94 -3099.06 -3102.67 -3100.10 -3104.59 -3104.66 -3106.58 -3114.49 -3123.55 -3125.94 -3119.97 -3111.79 -3097.76 -3032.25 -2917.41 -2838.39 -2795.79
-2871.55 -2886.57 -2890.30 -2904.61 -2916.96 -2924.97 -2930.96 -2936.99 -2946.27 -2948.18 -2960.24 -2979.49 -2987.07 -2988.74 -3000.20 -3007.36 -3016.74 -3029.97 -3031.67 -3032.74 -3037.85 -3044.25 -3052.33 -3055.04 -3062.39 -3060.19 -3060.59 -3071.16 -3072.26 -3078.04 -3083.32 -3090.99 -3097.37 -3104.17 -3105.08 -3104.27 -3104.29 -3111.34 -3120.93 -3129.28 -3132.96 -3136.87 -3133.23 -3132.66 -3136.01 -3136.19 -3132.18 -3127.55 -3121.32 -3114.09 -3109.58 -3119.99 -3136.30 -3137.45 -3127.98 -3121.49 -3122.59 -3126.78 -3129.43 -3135.65 -3142.02 -3134.47 -3124.33 -3116.62 -3073.19 -2985.93 -2913.98 -2859.31
-2870.39 -2882.22 -2890.79 -2896.28 -2905.76 -2917.89 -2926.84 -2931.09 -2938.95 -2947.04 -2954.25 -2965.74 -2975.89 -2985.95 -2999.61 -3003.34 -3017.54 -3028.25 -3030.99 -3040.18 -3044.81 -3053.24 -3058.15 -3060.48 -3064.32 -3061.38 -3067.51 -3073.40 -3078.85 -3087.41 -3095.37 -3103.96 -3106.94 -3112.52 -3113.83 -3111.65 -3114.96 -3118.65 -3128.24 -3140.00 -3147.91 -3148.82 -3141.89 -3143.33 -3150.76 -3151.05 -3142.99 -3144.77 -3156.47 -3166.20 -3160.66 -3160.15 -3164.58 -3166.58 -3163.83 -3166.04 -3180.05 -3195.89 -3192.05 -3184.70 -3182.88 -3164.04 -3140.66 -3135.66 -3128.74 -3075.48 -3020.71 -2948.24
-2858.58 -2870.62 -2883.58 -2891.98 -2905.90 -2914.15 -2926.10 -2929.99 -2934.91 -2953.57 -2959.02 -2972.81 -2983.87 -2999.80 -3009.98 -3053.92 -3015.69 -3020.05 -3031.60 -3037.81 -3037.85 -3047.11 -3056.22 -3063.01 -3062.00 -3066.20 -3074.16 -3074.39 -3085.15 -3092.44 -3102.69 -3108.09 -3113.85 -3115.91 -3117.04 -3121.38 -3127.17 -3128.16 -3135.17 -3138.74 -3149.81 -3159.53 -3158.97 -3150.44 -3159.46 -3165.06 -3160.56 -3165.44 -3173.13 -3187.32 -3191.75 -3195.64 -3211.14 -3206.19 -3199.20 -3192.74 -3198.55 -3222.84 -3211.27 -3191.40 -3187.30 -3175.16 -3155.59 -3148.24 -3156.76 -3128.20 -3066.53 -3013.16
-2858.39 -2869.63 -2879.86 -2895.88 -2907.16 -2914.02 -2922.42 -2929.91 -2942.41 -2962.21 -2983.48 -2996.76 -3002.40 -3012.54 -3022.03 -3036.85 -3022.42 -3024.89 -3038.60 -3047.21 -3053.60 -3054.17 -3055.33 -3060.93 -3066.78 -3082.86 -3091.86 -3091.85 -3103.95 -3106.33 -3107.57 -3106.91 -3114.66 -3117.34 -3116.58 -3130.16 -3138.62 -3142.47 -3150.12 -3149.26 -3156.51 -3162.44 -3167.86 -3161.88 -3168.61 -3177.85 -3181.11 -3184.45 -3185.20 -3194.86 -3205.42 -3206.11 -3215.05 -3213.81 -3214.10 -3209.49 -3212.34 -3223.32 -3211.88 -3199.73 -3199.04 -3177.75 -3160.38 -3159.59 -3163.87 -3172.88 -3160.12 -3106.50
-2862.37 -2875.68 -2889.40 -2901.50 -2908.47 -2917.22 -2928.26 -2944.04 -2966.03 -2976.85 -2985.29 -2987.98 -2995.50 -3000.54 -3004.11 -3000.65 -2993.81 -3005.30 -3021.28 -3030.95 -3040.75 -3051.40 -3066.54 -3066.01 -3072.85 -3067.95 -3084.52 -3090.28 -3107.34 -3115.96 -3120.06 -3125.27 -3133.79 -3137.06 -3141.42 -3152.14 -3155.57 -3158.67 -3162.30 -3165.90 -3168.64 -3174.53 -3175.95 -3174.28 -3180.69 -3183.00 -3191.51 -3191.60 -3193.84 -3200.89 -3203.45 -3208.26 -3211.47 -3219.66 -3224.06 -3222.19 -3226.01 -3229.54 -3222.56 -3213.69 -3219.87 -3229.25 -3227.21 -3197.06 -3181.16 -3184.74 -3201.26 -3205.73
-2867.00 -2877.59 -2890.11 -2904.54 -2923.82 -2945.29 -2955.54 -2956.20 -2960.70 -2959.77 -2962.35 -2966.16 -2973.62 -2981.85 -2990.95 -2994.86 -2992.60 -2999.54 -3005.26 -3013.26 -3037.81 -3040.08 -3036.16 -3043.01 -3054.17 -3056.22 -3071.55 -3072.15 -3082.87 -3093.43 -3103.48 -3113.92 -3121.08 -3133.91 -3143.78 -3150.59 -3157.66 -3165.07 -3171.03 -3176.10 -3178.65 -3186.88 -3188.95 -3194.06 -3193.35 -3192.54 -3199.21 -3201.56 -3208.32 -3213.44 -3216.83 -3225.34 -3220.35 -3227.85 -3231.61 -3230.06 -3236.99 -3239.46 -3235.56 -3227.33 -3230.63 -3243.95 -3250.13 -3257.41 -3263.85 -3263.27 -3275.72 -3273.41
