Instances/KerchStrait/GMRTv3_3_20170610topo.asc
ncols 734
nrows 478
xllcorner 36.2515869140625
yllcorner 45.01763187222491
cellsize 0.0010986328125
nodata_value -2147483648
[rows 238 to 271 of 478, columns 0 to 77 of 734]
38.51 32.39 43.55 57.39 57.27 48.72 42.55 40.96 41.72 44.52 42.58 46.30 48.46 48.44 46.65 45.21 42.65 42.59 44.97 41.74 34.80 35.08 34.86 31.89 36.52 45.68 52.11 63.02 66.13 62.71 57.39 52.66 51.24 61.07 61.37 61.56 58.54 55.39 54.97 53.37 52.59 46.21 43.97 40.78 38.52 39.74 37.10 30.69 17.30 12.07 10.29 11.59 11.70 15.17 15.60 14.16 16.97 15.63 11.26 11.21 11.24 9.51 7.74 6.36 5.29 4.01 4.14 5.24 6.69 13.28 21.64 27.38 22.93 19.81 18.90 23.27 24.75 20.54
48.46 41.45 47.36 57.23 55.36 46.86 42.28 41.43 45.21 43.69 42.79 45.81 47.90 46.36 46.52 47.59 42.57 41.25 45.01 41.93 30.77 32.83 40.19 38.47 40.36 45.22 51.38 60.21 65.93 66.11 65.31 62.93 52.97 55.36 59.10 59.86 59.99 60.37 59.47 59.41 58.16 52.32 52.54 52.32 51.53 48.37 41.28 37.52 29.90 24.04 14.84 6.99 8.64 9.59 13.50 13.85 12.88 12.67 10.75 8.74 8.83 9.93 8.01 4.94 5.07 7.39 7.41 7.37 9.28 14.75 18.33 15.19 14.45 15.63 14.89 20.79 23.59 20.69
60.28 54.11 51.56 48.57 51.11 51.14 49.13 47.05 46.62 42.63 44.56 49.92 52.76 55.10 56.84 56.12 52.59 47.10 44.18 40.32 30.71 31.61 39.45 41.17 44.83 49.69 57.87 65.75 67.39 68.03 66.74 56.83 55.56 55.63 59.10 53.24 57.69 63.72 62.68 60.01 56.32 56.52 57.67 52.48 52.85 51.57 48.52 48.35 43.29 37.79 29.16 15.22 7.78 8.94 8.86 10.58 11.28 9.69 8.04 7.24 7.94 7.91 6.96 6.17 6.81 9.89 7.41 6.93 9.18 8.90 9.73 9.95 10.97 12.41 12.31 15.16 16.16 16.56
56.02 54.85 56.85 56.75 55.89 59.03 57.98 52.83 55.71 50.83 59.76 62.77 59.84 56.92 57.01 56.09 55.05 53.90 47.88 40.89 36.81 36.83 38.95 40.93 45.98 52.96 59.95 69.00 72.95 70.92 64.94 61.77 60.89 59.09 45.21 35.33 50.26 64.05 61.95 58.91 56.91 55.03 53.04 53.93 56.93 56.01 53.07 53.18 44.23 38.21 31.14 26.91 22.74 19.83 15.91 12.92 10.91 11.85 13.79 10.83 7.90 5.93 4.97 6.00 4.05 5.10 4.98 3.00 3.08 2.12 3.14 4.14 8.10 10.11 9.05 10.07 11.11 11.17
58.45 62.82 64.00 67.13 62.56 52.79 51.61 59.83 63.02 54.34 60.04 68.45 68.97 64.41 60.93 53.57 52.08 54.39 51.39 48.63 44.68 42.18 43.51 46.62 48.72 54.73 62.15 66.10 70.14 73.99 73.71 74.68 70.71 57.45 45.71 32.70 41.59 59.18 65.40 65.08 62.00 58.57 58.05 56.91 54.95 50.33 46.30 41.29 36.00 30.22 25.19 22.49 22.02 16.87 12.87 14.47 18.94 22.04 23.41 20.06 16.75 14.17 10.89 8.59 5.78 4.37 5.76 3.80 2.46 1.15 1.43 2.97 5.54 5.35 6.19 6.88 6.80 5.64
62.29 66.42 72.63 71.67 66.02 48.29 42.68 63.32 64.23 66.86 64.81 68.34 72.19 69.54 63.63 62.83 63.62 62.06 57.66 57.37 52.39 47.20 48.56 50.83 54.70 59.06 62.19 65.95 68.97 72.54 74.72 79.87 88.03 74.33 52.38 46.92 46.05 52.39 61.46 65.97 62.90 61.00 58.30 55.32 51.44 47.15 42.04 38.19 32.94 28.28 26.31 24.33 23.34 18.22 16.52 21.81 31.35 35.33 33.59 29.32 24.20 19.85 11.44 8.91 6.71 2.99 3.44 8.10 4.83 4.45 5.78 4.26 4.13 5.11 4.24 3.31 3.31 3.95
55.10 56.47 54.80 50.49 57.37 56.86 54.38 62.84 70.54 72.16 67.17 67.27 73.19 76.03 73.98 71.63 66.94 61.30 54.52 57.94 55.85 53.46 50.11 49.91 53.73 56.51 58.42 63.17 68.53 70.95 71.13 77.52 94.50 83.10 62.24 59.50 55.01 55.70 63.77 67.52 65.85 62.56 56.16 51.76 47.42 45.95 46.09 39.56 29.53 28.20 33.58 42.74 38.34 35.26 28.73 26.95 30.85 32.34 30.30 31.13 30.89 22.31 15.67 16.53 13.11 9.84 17.52 26.90 15.43 6.82 2.99 2.81 3.61 2.69 1.86 1.93 2.13 3.84
51.67 56.13 54.47 49.21 55.76 64.68 65.12 66.60 70.43 67.90 65.08 63.93 76.15 85.01 85.03 78.18 66.49 61.98 56.92 59.97 59.31 54.16 48.42 50.53 53.49 54.55 57.30 58.79 63.69 70.25 73.83 78.26 83.76 79.97 70.36 70.73 69.45 64.72 62.72 65.83 69.16 66.26 59.90 52.99 46.23 45.39 50.65 43.63 32.78 28.21 33.52 49.87 45.73 42.68 37.92 35.59 33.57 34.32 33.46 35.90 39.46 29.46 22.29 21.12 21.36 21.06 18.31 17.87 13.74 10.28 10.45 6.64 2.84 1.74 2.00 2.00 2.36 2.28
49.29 58.92 62.23 60.75 63.64 64.92 65.76 64.98 68.86 72.05 73.21 73.36 76.05 85.71 81.57 74.74 69.01 68.08 65.22 62.11 57.09 52.19 51.32 53.25 56.17 60.26 62.32 64.31 65.18 71.02 72.79 74.59 74.62 72.84 71.09 67.85 72.79 65.08 61.16 62.06 68.96 70.08 64.08 59.11 52.24 44.01 43.62 41.66 28.08 30.40 41.60 46.97 39.91 43.03 46.25 43.26 37.21 35.99 38.92 40.92 43.97 43.21 33.11 22.91 21.92 17.83 13.97 13.93 17.14 19.06 13.86 15.14 10.26 5.17 2.08 2.04 2.00 2.00
53.02 54.41 64.92 67.73 68.12 63.60 58.28 63.42 64.59 70.94 74.98 76.37 77.83 77.86 74.43 73.29 69.69 66.87 65.39 65.22 64.11 60.42 59.93 60.50 60.83 64.89 67.56 68.13 68.56 72.46 72.26 69.07 69.38 72.72 75.10 68.79 65.28 67.49 65.50 65.31 68.30 70.91 64.73 56.72 52.00 44.94 37.89 33.64 35.02 43.70 53.40 50.86 46.20 46.19 48.92 47.53 43.32 37.94 35.77 38.99 44.18 41.30 29.75 22.02 22.21 18.76 14.73 13.18 15.51 13.68 10.53 13.94 11.64 7.07 4.49 3.37 2.42 2.42
41.42 43.50 51.77 47.65 47.61 60.23 55.06 63.88 59.33 62.90 68.74 73.47 74.39 72.53 76.26 82.91 83.43 76.42 67.60 64.05 67.93 68.56 68.53 66.57 67.54 70.68 71.66 69.81 70.70 82.15 91.20 78.58 74.68 76.95 76.99 72.65 70.43 69.74 69.63 71.66 71.08 73.32 70.12 59.88 52.78 46.77 42.56 40.45 40.71 51.96 58.03 55.95 55.71 53.66 52.80 50.82 51.64 48.57 44.65 44.85 49.02 42.98 30.68 28.50 26.77 22.94 19.89 17.81 14.72 14.63 14.69 13.96 10.92 7.87 6.82 6.80 3.91 3.91
36.06 41.53 49.89 49.25 50.21 59.30 57.28 63.08 55.48 48.34 56.54 63.12 65.72 65.24 69.27 75.27 82.16 78.31 74.48 68.13 71.02 75.18 74.47 74.29 74.51 74.44 74.89 72.62 79.37 97.56 91.72 79.74 75.12 73.37 76.15 78.66 77.74 73.93 73.12 70.83 64.05 60.50 58.94 55.24 53.71 50.99 48.54 46.76 44.28 47.92 52.41 55.29 57.40 56.37 54.26 53.62 53.51 49.11 44.33 45.40 45.85 42.88 39.91 36.40 29.73 20.75 15.97 16.52 19.00 19.12 19.04 15.22 14.50 11.25 9.88 9.03 6.58 6.61
30.92 37.60 50.87 52.37 48.71 46.16 44.89 47.47 55.19 51.74 53.10 55.61 56.47 60.50 63.49 75.23 77.61 75.41 73.34 74.76 78.63 78.39 76.88 76.80 77.82 76.41 74.49 76.02 91.55 101.23 85.49 79.63 74.18 75.30 79.04 79.58 78.37 74.71 69.98 67.98 63.21 56.65 53.80 53.13 54.71 55.82 56.84 57.32 55.09 50.48 50.38 54.64 57.51 58.83 57.42 57.30 57.89 53.52 49.62 50.90 51.81 50.67 51.49 50.66 37.90 24.34 18.83 17.95 17.84 17.43 16.83 18.87 20.30 15.41 15.12 16.81 16.73 16.07
34.59 42.98 50.33 48.24 37.22 33.22 34.51 35.56 51.58 56.08 62.17 59.05 48.90 56.73 62.70 75.83 75.22 70.22 70.32 74.31 77.69 83.07 80.20 78.21 78.91 80.04 79.60 84.12 100.16 92.79 84.61 81.97 80.26 77.16 72.35 70.20 72.43 72.40 68.34 66.20 64.65 60.39 61.89 59.62 52.95 50.63 58.81 61.82 59.89 53.32 50.47 50.90 52.55 55.64 57.84 60.24 64.58 62.81 57.73 54.45 53.43 54.78 62.04 61.67 47.78 41.82 35.28 25.84 20.71 19.89 22.85 25.72 24.99 21.03 18.81 19.11 17.93 15.32
47.36 48.98 52.67 53.64 43.18 39.18 41.56 41.40 49.57 54.58 55.87 54.11 51.03 54.18 56.37 58.36 61.08 62.09 63.39 66.49 69.77 70.32 72.42 78.32 79.18 79.35 82.76 88.97 90.91 85.43 82.25 81.90 81.70 79.28 73.22 72.31 72.06 67.79 62.45 59.37 63.06 63.80 66.07 64.40 56.84 54.55 56.97 57.34 59.18 56.92 55.69 54.23 55.97 57.81 58.65 60.91 64.32 64.13 60.00 59.40 60.68 52.80 49.58 45.60 44.40 47.89 37.29 29.60 26.52 28.16 30.44 32.39 33.92 31.22 26.94 23.24 21.12 21.56
49.04 48.01 49.99 50.97 46.00 42.01 49.01 53.04 44.92 40.87 42.89 47.93 52.01 52.09 51.06 50.03 50.00 49.96 50.92 51.87 49.85 49.86 54.88 69.92 79.98 83.03 83.00 83.97 83.97 84.98 85.99 87.00 85.00 80.00 77.03 79.03 74.03 64.02 63.05 70.10 74.06 67.04 72.07 69.02 62.99 58.96 55.99 61.06 69.11 68.13 62.08 60.06 63.04 63.04 62.04 63.03 62.00 59.98 62.01 64.02 66.01 58.05 53.07 52.10 68.12 66.03 41.06 33.03 36.10 39.13 40.08 42.06 43.08 40.06 35.07 33.08 32.11 34.13
52.18 49.83 49.58 49.51 47.38 44.82 47.67 50.76 37.83 34.77 37.22 40.02 53.08 71.43 70.47 65.46 63.32 57.08 52.02 46.10 43.90 43.82 49.45 62.27 73.45 80.89 81.02 82.21 81.14 80.54 80.26 80.79 80.93 79.63 79.82 79.73 76.58 71.70 72.29 75.35 74.37 70.94 75.57 68.06 55.76 50.57 54.04 65.64 76.59 78.26 70.90 65.06 64.67 64.67 65.15 65.40 64.17 60.68 62.31 64.62 64.50 62.14 63.05 65.85 66.86 57.92 45.85 37.12 45.68 52.21 46.74 44.92 47.93 43.99 40.85 39.32 41.45 43.50
47.22 47.25 49.20 49.04 49.81 48.87 44.72 45.12 40.86 37.03 34.57 36.32 44.95 53.13 70.47 80.02 77.44 60.60 55.26 53.52 46.81 45.23 45.45 51.52 60.99 65.40 68.27 71.40 70.30 70.93 74.47 75.31 75.26 78.14 83.82 82.76 79.43 77.80 77.33 75.11 76.01 73.98 74.87 68.62 57.30 51.68 53.72 66.91 74.31 74.57 69.33 66.86 64.78 64.73 65.69 68.55 68.67 64.61 64.70 69.51 71.67 68.79 64.94 67.61 65.37 58.11 51.36 49.78 54.50 55.21 51.06 46.92 46.89 45.81 44.78 43.00 41.07 42.27
47.27 45.15 44.83 48.31 49.94 45.01 35.72 33.78 40.34 37.18 31.60 32.64 40.38 38.49 41.42 49.98 59.90 53.59 50.59 50.86 46.39 42.95 44.43 50.24 53.05 55.78 60.13 61.04 62.39 66.61 70.63 72.91 75.64 77.48 82.00 84.30 82.55 76.27 69.63 73.38 73.83 70.58 71.73 71.06 62.94 54.85 57.42 66.16 71.45 70.70 69.12 68.19 67.29 68.65 70.72 72.42 70.02 67.03 67.21 71.87 83.44 82.38 69.90 67.87 63.46 57.20 54.36 55.41 53.67 51.70 49.21 47.18 49.23 48.20 46.07 41.93 41.69 40.14
47.56 44.90 49.28 52.72 51.70 44.97 42.20 42.04 43.47 39.14 37.93 36.47 37.46 32.55 31.72 34.79 47.70 53.78 47.53 43.00 41.98 47.72 52.41 42.59 46.89 61.80 58.71 58.09 60.71 64.64 61.38 65.07 79.79 83.64 85.10 84.96 78.65 80.11 80.85 80.38 74.52 69.01 66.88 66.55 66.92 63.96 58.70 60.66 68.53 72.99 72.54 71.62 70.03 70.80 72.95 73.77 71.33 69.37 72.24 79.31 83.37 80.90 74.46 72.61 61.79 57.71 56.19 52.32 53.71 54.07 53.87 49.29 46.71 46.52 45.93 41.85 37.79 33.47
53.16 49.20 45.72 46.49 48.63 47.79 47.95 46.89 44.66 45.19 40.94 40.77 36.86 26.40 24.73 27.07 41.37 45.36 38.58 32.50 36.74 48.60 51.33 38.95 48.65 59.99 50.39 51.78 56.78 61.77 59.95 64.79 76.21 87.02 88.24 86.10 86.45 82.44 85.12 84.10 78.29 72.35 70.44 71.49 72.05 66.97 60.34 60.27 66.92 77.05 80.50 78.52 74.42 71.14 70.89 73.98 74.38 79.80 77.22 82.85 85.30 77.69 72.91 72.94 64.33 61.31 60.22 57.30 54.26 57.38 57.24 53.35 47.40 46.37 47.36 44.33 36.01 27.85
54.24 50.82 46.12 43.97 44.95 42.96 44.43 44.94 39.38 40.04 38.89 33.67 33.46 33.51 38.16 35.85 37.61 42.05 39.53 36.07 43.31 44.47 47.27 43.48 40.12 42.55 45.33 51.52 56.01 58.31 56.82 56.11 63.44 86.06 91.48 89.25 89.77 90.48 86.40 82.97 80.11 76.61 75.26 75.78 71.49 65.88 65.74 67.66 69.75 76.70 84.13 84.35 80.29 74.49 72.24 75.38 80.22 88.43 84.95 83.84 86.66 77.66 72.39 70.30 67.04 64.60 63.70 62.00 62.61 63.01 60.21 58.36 55.57 53.06 51.56 46.69 38.50 32.29
61.86 56.83 54.77 50.73 49.71 46.74 50.88 54.91 44.73 37.73 38.83 38.75 37.79 38.75 39.82 42.82 41.84 46.80 50.64 52.73 52.94 50.92 51.23 44.24 35.10 34.08 41.05 50.02 55.00 56.02 54.02 48.03 55.15 75.42 88.30 91.10 99.88 101.85 89.95 80.98 79.96 80.93 76.94 75.94 71.94 66.90 68.84 76.77 80.76 82.79 86.94 87.02 83.96 79.83 79.81 80.89 84.90 93.97 101.95 92.02 83.12 77.09 72.98 68.96 68.90 75.77 74.78 70.89 66.08 62.12 61.04 60.06 58.10 52.14 46.17 45.02 42.84 44.63
61.43 59.57 58.07 59.43 59.70 55.87 49.75 47.35 49.42 49.28 48.09 45.39 43.93 46.49 48.26 48.37 48.02 53.00 59.81 52.78 50.26 46.44 34.90 33.05 33.29 33.60 42.90 51.93 57.04 57.36 54.96 53.45 55.87 65.76 75.23 84.93 96.21 97.59 88.75 84.11 83.20 81.35 79.41 80.36 77.67 74.45 77.81 83.11 84.61 88.06 88.12 84.85 84.40 84.38 82.96 81.77 87.63 90.63 88.24 82.73 78.71 75.20 73.00 71.80 73.67 75.74 75.77 70.06 61.54 58.15 58.72 56.56 51.62 46.28 43.96 47.14 50.42 56.89
57.42 49.38 51.29 63.59 57.90 55.47 53.20 46.98 39.51 39.94 43.10 45.40 47.13 47.86 48.25 48.06 49.94 54.00 55.27 49.76 45.48 41.23 32.62 30.31 32.90 33.83 48.90 59.42 60.87 61.10 59.45 62.80 72.36 75.04 79.80 91.26 99.97 98.24 91.94 87.30 84.73 81.70 81.33 87.90 89.59 87.62 83.42 82.99 84.10 86.07 87.15 85.13 84.55 82.62 80.48 80.26 85.73 84.67 80.31 79.98 79.19 76.14 72.87 73.88 75.41 73.29 74.33 67.46 57.53 57.45 61.67 61.18 56.58 53.27 58.59 65.46 62.30 65.10
58.17 48.91 56.15 63.56 62.34 59.72 57.66 54.01 48.16 46.92 49.22 54.41 56.08 50.72 45.90 46.55 49.03 48.72 45.91 43.86 39.89 36.63 34.58 32.19 20.75 33.92 55.98 60.78 58.75 57.45 47.46 55.72 75.46 77.75 85.71 101.86 105.56 103.69 101.27 96.62 91.66 88.66 89.26 93.48 96.56 94.74 90.59 86.70 85.76 87.43 87.02 82.50 77.22 76.26 76.59 77.83 80.90 82.23 80.13 78.72 75.78 73.98 75.40 74.00 72.01 73.06 70.84 67.19 58.68 55.06 59.60 62.72 62.68 62.94 68.46 73.17 71.08 70.54
65.49 62.94 59.31 58.11 59.67 62.49 62.22 57.54 50.72 48.98 52.75 55.95 55.20 46.68 40.75 46.12 52.51 53.93 52.04 44.74 35.05 29.22 33.22 23.32 9.67 29.37 49.51 56.97 55.94 55.84 55.32 63.47 71.01 77.19 90.89 103.98 109.32 109.64 107.30 104.38 100.35 97.50 93.35 92.92 95.32 94.36 90.37 89.87 89.24 88.48 86.47 81.81 77.19 76.64 77.01 79.20 82.04 83.48 82.39 79.16 76.53 76.99 79.92 74.00 71.55 70.76 69.65 67.44 64.79 62.32 62.25 60.92 57.41 55.32 57.14 60.87 63.68 67.89
68.11 62.99 62.11 58.09 52.89 56.75 61.83 62.12 57.13 51.02 48.92 47.76 46.62 43.77 41.03 49.09 57.05 58.07 49.89 38.76 35.96 31.10 33.83 13.00 12.28 31.54 48.25 55.12 55.03 56.99 59.95 65.93 72.95 78.89 90.66 100.43 106.54 108.71 106.87 103.98 100.97 95.87 90.90 88.95 89.88 88.88 89.96 88.97 87.98 86.98 83.87 78.88 79.09 82.04 82.07 82.40 82.56 82.19 82.99 82.05 79.05 78.92 78.81 74.01 73.10 73.09 69.08 66.01 66.92 66.94 64.91 60.96 58.02 56.11 52.97 49.53 53.56 62.82
73.23 67.28 65.62 62.21 57.16 56.13 58.10 59.14 54.03 49.94 49.48 45.63 40.79 37.84 42.30 49.59 54.27 55.02 45.71 34.25 33.27 30.09 26.59 23.58 21.73 48.78 56.89 59.32 57.14 54.92 55.67 63.21 68.31 71.88 77.54 82.33 90.22 98.15 101.84 102.33 98.62 93.81 92.20 91.85 92.33 91.33 90.25 88.82 86.92 85.51 81.75 79.42 82.92 79.69 81.17 96.47 106.75 97.99 85.74 81.88 79.06 75.38 73.25 72.15 71.20 70.20 69.88 67.19 64.16 64.04 62.88 61.60 60.15 62.07 56.69 43.26 45.77 58.37
80.62 81.37 82.22 78.34 73.17 68.23 60.84 55.93 51.82 49.92 50.00 49.75 46.61 43.46 46.64 49.08 48.39 45.38 39.90 34.66 34.79 28.72 27.64 20.30 33.06 50.20 49.59 49.63 56.21 54.73 57.65 65.81 67.81 68.70 74.70 77.87 82.06 87.44 92.49 96.27 95.07 94.90 96.90 95.93 96.16 95.04 93.73 91.73 87.91 84.89 83.72 88.42 86.85 82.69 85.64 100.43 79.38 108.45 90.98 83.76 86.41 82.53 72.73 68.89 67.86 65.92 65.05 65.04 66.96 68.87 70.80 67.89 66.77 72.59 63.70 48.48 50.53 56.99
83.52 81.01 81.22 72.94 72.71 73.45 61.65 57.14 56.08 52.15 49.61 49.89 50.25 49.43 50.33 46.67 42.32 42.40 45.33 42.07 39.00 36.43 34.43 30.60 47.53 48.96 46.18 46.28 52.72 60.76 61.51 64.65 71.58 78.58 82.57 84.71 86.31 87.84 91.49 95.71 96.86 96.96 97.46 94.21 88.93 92.35 98.76 93.69 85.93 86.32 90.46 93.58 88.93 87.25 89.37 86.74 71.61 96.47 90.66 87.19 88.70 81.84 78.05 74.22 72.25 70.14 71.35 70.56 65.14 65.03 66.03 64.99 67.04 73.66 64.69 58.19 56.68 57.28
73.23 70.21 71.37 66.04 59.96 60.77 56.93 55.56 53.47 52.00 51.34 52.44 54.17 52.45 48.20 43.46 37.52 33.90 38.73 46.64 47.61 47.00 43.21 43.38 46.33 48.14 47.11 44.60 49.76 58.94 57.49 59.30 70.59 81.95 90.06 94.59 94.64 94.75 97.80 99.87 101.01 98.64 94.22 88.56 84.36 89.23 95.29 89.72 86.94 94.73 97.78 93.88 91.14 92.61 101.38 87.33 81.00 98.66 93.27 87.86 83.07 75.16 77.34 81.62 77.75 70.42 79.20 94.05 73.08 67.47 66.68 66.82 66.00 64.12 61.45 62.72 60.84 57.88
69.37 66.64 65.29 61.32 57.68 54.57 53.57 52.66 51.71 51.78 51.78 51.62 49.59 46.09 38.01 45.37 47.94 34.16 32.49 38.00 43.30 46.73 46.04 48.66 47.65 48.81 51.23 50.32 52.28 53.91 55.03 58.77 67.50 75.54 85.48 91.67 94.06 95.04 96.65 96.38 95.23 92.46 90.87 91.64 93.11 91.82 90.79 86.87 90.13 103.68 110.32 95.33 90.59 90.29 87.91 88.54 87.94 88.59 84.53 85.49 73.18 73.47 84.27 85.85 73.83 71.47 81.03 94.86 79.13 75.46 78.81 81.65 69.76 63.22 65.16 66.04 62.32 60.46
61.69 66.00 62.90 56.94 54.37 51.23 49.11 50.29 49.76 49.15 49.29 47.25 45.16 36.54 30.80 46.18 62.85 52.44 33.32 34.14 39.73 44.05 43.10 38.68 36.38 40.77 48.19 48.26 50.70 53.91 54.91 56.97 66.59 77.90 86.85 93.79 95.55 92.87 90.83 91.66 92.05 91.75 91.39 95.34 98.59 97.37 92.88 87.82 89.61 99.88 97.20 86.76 100.03 92.17 76.20 88.84 102.78 98.71 88.06 75.60 65.89 78.25 80.60 80.89 77.93 78.08 87.02 80.94 76.81 75.91 89.05 96.71 74.54 65.71 65.68 65.41 69.63 70.64
