Instances/KerchStrait/GMRTv3_3_20170610topo.asc
ncols 734
nrows 478
xllcorner 36.2515869140625
yllcorner 45.01763187222491
cellsize 0.0010986328125
nodata_value -2147483648
[rows 170 to 203 of 478, columns 234 to 311 of 734]
-0.43 -0.01 0.50 1.08 1.71 2.40 3.14 3.91 4.71 5.53 14.01 7.18 8.05 8.95 9.90 10.90 10.99 14.99 20.00 18.00 16.01 19.02 24.01 26.01 24.02 27.02 30.02 33.01 34.99 38.97 40.97 36.98 34.00 34.00 35.00 36.00 34.99 37.00 38.99 39.01 37.03 37.02 38.00 38.00 37.01 38.00 37.02 36.02 36.01 37.00 37.00 38.01 41.03 44.05 48.06 49.06 50.06 46.04 46.04 51.05 50.05 49.05 49.05 51.03 53.03 58.01 62.00 61.99 58.99 59.00 63.01 63.00 61.00 60.01 58.02 66.03 78.04 78.05
-1.51 -1.17 -0.77 -0.30 0.21 0.78 1.40 2.06 2.77 3.53 3.78 8.96 5.77 6.68 7.50 10.35 14.26 20.28 22.89 19.60 14.19 16.51 21.94 22.48 21.12 24.02 24.43 26.29 32.48 38.38 42.08 39.21 34.48 32.91 33.81 35.44 37.13 38.50 40.55 38.71 35.25 37.79 42.11 40.19 36.60 37.44 35.04 31.27 32.15 35.10 37.91 37.01 35.96 36.09 36.48 36.79 38.59 41.08 43.32 42.85 42.26 42.62 42.23 43.09 46.54 55.01 60.41 59.96 58.43 57.36 58.49 60.25 60.46 59.20 56.70 53.59 54.79 58.27
-2.26 -1.99 -1.66 -1.28 -0.86 -0.40 0.12 0.68 1.30 1.98 2.70 7.97 8.79 9.72 13.42 13.31 13.45 17.99 17.33 13.78 12.21 15.27 16.65 16.59 19.32 24.09 24.85 23.82 23.61 26.06 29.99 29.91 29.78 29.37 32.02 33.78 33.08 34.27 35.38 36.33 36.18 39.25 41.42 39.12 35.99 35.95 35.97 32.04 28.32 26.77 28.82 31.54 30.52 32.41 32.35 29.50 32.58 37.61 37.89 35.86 39.67 42.51 41.44 39.41 39.62 43.37 46.35 46.11 45.18 44.18 47.07 51.92 54.84 58.77 57.36 49.98 41.46 44.01
-2.77 -2.55 -2.28 -1.98 -1.64 -1.27 -0.85 -0.38 0.14 0.72 1.36 4.88 4.10 5.90 8.35 5.18 6.23 7.00 6.44 8.59 9.77 11.52 10.08 11.64 13.10 17.48 20.80 23.07 20.72 20.09 22.61 22.83 21.92 24.95 30.17 34.38 34.48 34.60 35.74 33.50 32.00 33.95 37.21 38.43 35.59 33.64 30.82 28.09 28.36 27.03 26.93 27.80 24.95 26.11 27.16 25.85 27.59 30.02 29.59 28.00 31.59 32.85 33.35 34.12 33.85 33.61 39.29 42.15 40.06 38.36 41.38 45.34 48.36 50.22 52.19 48.57 39.95 38.04
-3.11 -2.93 -2.71 -2.47 -2.20 -1.91 -1.57 -1.20 -0.77 -0.29 0.24 0.70 1.38 2.01 2.65 3.58 4.38 5.24 6.22 7.16 8.18 9.22 8.28 9.98 10.73 12.02 9.55 14.47 18.31 17.32 17.38 18.56 20.12 21.29 24.19 26.16 25.28 26.97 31.40 30.05 26.98 28.19 33.02 33.87 33.35 33.11 28.66 27.27 32.32 32.92 27.22 23.18 18.96 16.18 17.98 19.88 20.12 21.05 23.15 24.02 25.08 24.63 26.84 30.74 31.01 31.66 36.27 39.42 37.93 35.05 37.33 40.68 43.02 45.10 46.86 45.20 39.42 36.48
-3.35 -3.19 -3.01 -2.83 -2.62 -2.40 -2.14 -1.85 -1.51 -1.13 -0.70 -0.23 0.28 0.83 1.41 2.04 2.70 3.40 4.13 4.90 5.70 6.54 7.42 8.36 9.34 10.39 11.80 12.97 9.25 14.59 16.74 15.85 16.88 18.92 19.81 18.65 19.88 22.99 24.58 24.56 21.63 23.67 27.63 30.71 30.79 30.60 27.64 28.86 31.57 28.22 23.48 21.64 17.84 13.92 14.73 15.62 15.56 16.55 18.63 18.57 21.65 22.63 22.54 25.50 28.51 30.56 27.35 26.29 28.51 29.65 31.64 33.69 34.44 35.26 36.23 37.17 36.34 38.66
-3.54 -3.42 -3.28 -3.13 -2.98 -2.82 -2.63 -2.41 -2.15 -1.86 -1.52 -1.14 -0.74 -0.30 0.17 0.67 1.20 1.76 2.34 2.92 3.53 4.18 4.87 5.62 6.45 7.36 5.94 9.64 7.02 6.72 10.50 14.13 16.66 18.66 18.13 16.00 19.86 23.38 21.42 19.69 17.75 19.81 23.95 27.08 27.32 22.47 19.81 23.12 23.01 17.04 14.75 13.30 9.47 8.66 8.69 8.62 6.28 7.94 11.19 12.34 15.94 15.44 15.95 18.48 20.89 22.83 23.17 22.62 23.53 24.05 26.86 28.43 25.78 22.50 22.34 21.75 22.28 25.04
-3.72 -3.61 -3.51 -3.40 -3.30 -3.18 -3.05 -2.89 -2.70 -2.47 -2.21 -1.92 -1.60 -1.26 -0.89 -0.49 -0.08 0.37 0.81 1.25 1.70 2.18 2.71 3.31 3.99 4.78 2.04 7.09 8.16 9.30 10.67 9.21 13.14 15.12 13.19 12.20 13.26 16.30 19.18 19.12 17.12 18.19 20.29 21.36 16.42 11.35 12.27 12.20 11.22 11.09 7.04 13.69 13.51 13.51 13.59 13.69 13.75 14.01 4.93 5.97 9.06 15.76 8.04 9.08 13.13 16.16 16.43 16.37 15.28 14.32 13.21 11.21 7.15 20.56 20.71 20.92 6.32 21.32
-3.79 -3.69 -3.61 -3.53 -3.45 -3.37 -3.28 -3.18 -3.05 -2.89 -2.70 -2.49 -2.26 -2.02 -1.75 -1.47 -1.17 -0.85 -0.54 -0.25 0.04 0.36 0.73 1.17 1.72 2.38 1.41 4.26 5.44 6.67 7.90 5.04 9.53 12.29 6.79 4.28 8.75 9.35 12.10 12.14 10.86 10.06 7.35 7.29 7.77 5.81 6.31 11.20 10.90 10.65 10.78 10.17 10.09 10.05 10.06 10.11 10.21 10.37 11.29 11.55 11.73 11.69 12.72 13.12 13.27 13.44 5.95 7.52 9.88 8.61 15.53 15.98 16.53 15.73 15.90 16.13 7.55 16.50
-3.77 -3.68 -3.61 -3.55 -3.50 -3.44 -3.38 -3.32 -3.24 -3.14 -3.02 -2.90 -2.76 -2.61 -2.45 -2.28 -2.10 -1.90 -1.72 -1.57 -1.43 -1.27 -1.06 -0.76 -0.36 0.17 0.95 1.84 2.91 4.04 5.17 6.33 7.21 8.58 7.44 7.68 9.27 9.50 9.60 9.69 9.76 9.75 8.53 8.31 9.03 8.66 8.20 7.67 7.33 7.08 6.92 6.79 6.69 6.63 6.60 6.62 6.68 6.79 6.97 7.22 7.52 7.86 8.22 8.57 8.90 9.19 9.62 9.86 10.07 10.36 10.44 10.64 10.82 10.95 11.11 11.31 11.73 11.67
-3.71 -3.63 -3.57 -3.52 -3.48 -3.44 -3.41 -3.38 -3.34 -3.29 -3.24 -3.19 -3.13 -3.08 -3.02 -2.95 -2.87 -2.78 -2.72 -2.70 -2.70 -2.67 -2.60 -2.44 -2.17 -1.76 -1.14 -0.32 0.64 1.66 2.69 3.66 4.50 5.11 5.61 5.98 6.26 6.45 6.57 6.63 6.63 6.59 6.45 6.19 5.84 5.44 5.03 4.64 4.31 4.07 3.90 3.76 3.65 3.58 3.54 3.53 3.57 3.64 3.77 3.96 4.21 4.48 4.76 5.04 5.30 5.51 5.69 5.86 6.02 6.16 6.30 6.41 6.52 6.61 6.73 6.89 7.06 7.20
-3.66 -3.58 -3.53 -3.49 -3.46 -3.44 -3.43 -3.42 -3.41 -3.41 -3.41 -3.42 -3.43 -3.45 -3.47 -3.49 -3.50 -3.50 -3.53 -3.62 -3.72 -3.81 -3.85 -3.80 -3.65 -3.35 -2.84 -2.13 -1.29 -0.37 0.55 1.41 2.16 2.72 3.12 3.43 3.66 3.81 3.90 3.93 3.90 3.84 3.70 3.45 3.12 2.75 2.36 2.00 1.68 1.45 1.28 1.15 1.04 0.96 0.92 0.90 0.91 0.96 1.05 1.20 1.39 1.61 1.83 2.05 2.24 2.38 2.49 2.58 2.65 2.71 2.76 2.80 2.85 2.90 2.98 3.10 3.23 3.35
-3.66 -3.59 -3.54 -3.51 -3.50 -3.49 -3.49 -3.50 -3.52 -3.55 -3.59 -3.64 -3.70 -3.77 -3.84 -3.91 -3.98 -4.05 -4.14 -4.29 -4.47 -4.63 -4.75 -4.78 -4.71 -4.50 -4.09 -3.49 -2.76 -1.97 -1.17 -0.41 0.24 0.72 1.05 1.31 1.49 1.60 1.66 1.66 1.62 1.55 1.40 1.17 0.86 0.51 0.16 -0.18 -0.47 -0.69 -0.85 -0.97 -1.07 -1.15 -1.20 -1.22 -1.22 -1.19 -1.13 -1.01 -0.85 -0.68 -0.50 -0.34 -0.20 -0.09 -0.04 -0.00 0.01 0.00 -0.00 -0.01 -0.01 0.01 0.07 0.15 0.25 0.36
-3.70 -3.65 -3.62 -3.60 -3.59 -3.59 -3.60 -3.63 -3.66 -3.70 -3.75 -3.82 -3.90 -3.98 -4.08 -4.17 -4.27 -4.36 -4.48 -4.65 -4.84 -5.03 -5.17 -5.25 -5.23 -5.08 -4.76 -4.28 -3.68 -3.03 -2.36 -1.74 -1.20 -0.81 -0.54 -0.34 -0.21 -0.12 -0.09 -0.10 -0.15 -0.23 -0.37 -0.59 -0.87 -1.18 -1.49 -1.80 -2.06 -2.25 -2.39 -2.49 -2.58 -2.63 -2.67 -2.68 -2.67 -2.65 -2.59 -2.49 -2.36 -2.21 -2.06 -1.93 -1.81 -1.74 -1.71 -1.71 -1.73 -1.76 -1.80 -1.83 -1.85 -1.85 -1.82 -1.76 -1.68 -1.60
-3.77 -3.73 -3.70 -3.69 -3.69 -3.69 -3.71 -3.73 -3.77 -3.81 -3.86 -3.92 -3.99 -4.08 -4.16 -4.25 -4.34 -4.43 -4.54 -4.69 -4.86 -5.03 -5.16 -5.24 -5.25 -5.15 -4.92 -4.55 -4.11 -3.61 -3.10 -2.63 -2.22 -1.93 -1.73 -1.59 -1.49 -1.43 -1.41 -1.43 -1.48 -1.55 -1.68 -1.87 -2.11 -2.38 -2.65 -2.91 -3.13 -3.28 -3.38 -3.46 -3.50 -3.52 -3.53 -3.51 -3.48 -3.45 -3.38 -3.28 -3.16 -3.03 -2.89 -2.77 -2.67 -2.61 -2.59 -2.60 -2.63 -2.68 -2.73 -2.78 -2.81 -2.82 -2.81 -2.78 -2.74 -2.70
-3.84 -3.81 -3.80 -3.79 -3.79 -3.80 -3.81 -3.83 -3.85 -3.89 -3.92 -3.97 -4.03 -4.09 -4.15 -4.21 -4.28 -4.34 -4.43 -4.54 -4.66 -4.78 -4.88 -4.94 -4.95 -4.89 -4.74 -4.50 -4.20 -3.87 -3.53 -3.21 -2.94 -2.74 -2.61 -2.52 -2.45 -2.42 -2.41 -2.43 -2.47 -2.53 -2.64 -2.80 -3.01 -3.23 -3.45 -3.65 -3.82 -3.93 -3.99 -4.02 -4.03 -4.01 -3.97 -3.92 -3.87 -3.81 -3.73 -3.62 -3.50 -3.37 -3.24 -3.13 -3.03 -2.98 -2.96 -2.96 -3.00 -3.04 -3.09 -3.14 -3.18 -3.21 -3.22 -3.22 -3.22 -3.22
-3.91 -3.90 -3.89 -3.88 -3.88 -3.89 -3.90 -3.91 -3.92 -3.94 -3.96 -3.99 -4.02 -4.05 -4.09 -4.13 -4.16 -4.20 -4.24 -4.31 -4.37 -4.44 -4.50 -4.53 -4.54 -4.51 -4.42 -4.29 -4.13 -3.94 -3.76 -3.59 -3.44 -3.34 -3.27 -3.22 -3.18 -3.17 -3.17 -3.18 -3.22 -3.27 -3.36 -3.49 -3.65 -3.83 -4.00 -4.15 -4.27 -4.34 -4.36 -4.35 -4.31 -4.26 -4.18 -4.10 -4.02 -3.93 -3.84 -3.73 -3.60 -3.47 -3.34 -3.23 -3.13 -3.07 -3.05 -3.05 -3.08 -3.11 -3.16 -3.21 -3.25 -3.29 -3.32 -3.35 -3.38 -3.41
-3.97 -3.96 -3.96 -3.96 -3.96 -3.96 -3.97 -3.97 -3.98 -3.99 -4.00 -4.01 -4.02 -4.03 -4.04 -4.05 -4.07 -4.08 -4.09 -4.12 -4.14 -4.16 -4.18 -4.20 -4.20 -4.19 -4.16 -4.12 -4.06 -4.00 -3.94 -3.89 -3.84 -3.81 -3.80 -3.78 -3.78 -3.78 -3.79 -3.81 -3.84 -3.89 -3.96 -4.06 -4.18 -4.31 -4.43 -4.53 -4.61 -4.65 -4.64 -4.60 -4.54 -4.45 -4.36 -4.26 -4.15 -4.06 -3.95 -3.83 -3.70 -3.57 -3.44 -3.33 -3.24 -3.17 -3.15 -3.14 -3.16 -3.19 -3.23 -3.28 -3.33 -3.36 -3.41 -3.46 -3.52 -3.57
-4.00 -4.00 -4.00 -4.00 -4.01 -4.01 -4.01 -4.02 -4.02 -4.03 -4.03 -4.03 -4.03 -4.04 -4.04 -4.04 -4.04 -4.05 -4.05 -4.05 -4.06 -4.06 -4.06 -4.07 -4.08 -4.09 -4.10 -4.11 -4.13 -4.15 -4.16 -4.18 -4.20 -4.22 -4.25 -4.27 -4.29 -4.31 -4.33 -4.36 -4.40 -4.44 -4.49 -4.57 -4.66 -4.74 -4.83 -4.89 -4.94 -4.95 -4.93 -4.88 -4.81 -4.72 -4.63 -4.52 -4.42 -4.33 -4.22 -4.10 -3.97 -3.84 -3.72 -3.61 -3.52 -3.46 -3.43 -3.43 -3.44 -3.48 -3.52 -3.56 -3.61 -3.65 -3.69 -3.76 -3.82 -3.89
-4.01 -4.01 -4.01 -4.01 -4.02 -4.02 -4.03 -4.04 -4.04 -4.04 -4.04 -4.04 -4.04 -4.04 -4.04 -4.04 -4.04 -4.04 -4.03 -4.03 -4.02 -4.02 -4.02 -4.02 -4.03 -4.05 -4.08 -4.12 -4.17 -4.22 -4.27 -4.33 -4.38 -4.43 -4.48 -4.52 -4.57 -4.61 -4.65 -4.70 -4.74 -4.78 -4.82 -4.87 -4.93 -4.98 -5.02 -5.05 -5.07 -5.07 -5.04 -5.00 -4.95 -4.89 -4.81 -4.73 -4.65 -4.56 -4.47 -4.35 -4.23 -4.10 -3.98 -3.87 -3.78 -3.72 -3.69 -3.69 -3.71 -3.74 -3.78 -3.82 -3.86 -3.90 -3.94 -4.00 -4.06 -4.13
-3.99 -3.99 -4.00 -4.00 -4.01 -4.01 -4.02 -4.03 -4.04 -4.04 -4.04 -4.04 -4.03 -4.03 -4.03 -4.02 -4.02 -4.01 -4.01 -4.00 -3.99 -3.98 -3.98 -3.98 -3.99 -4.01 -4.04 -4.09 -4.14 -4.20 -4.26 -4.32 -4.39 -4.44 -4.51 -4.57 -4.64 -4.70 -4.77 -4.83 -4.88 -4.92 -4.95 -4.98 -4.99 -5.01 -5.01 -5.01 -5.01 -5.00 -4.98 -4.97 -4.94 -4.91 -4.87 -4.83 -4.78 -4.71 -4.63 -4.52 -4.40 -4.27 -4.15 -4.04 -3.95 -3.89 -3.86 -3.85 -3.87 -3.89 -3.93 -3.97 -4.00 -4.03 -4.06 -4.11 -4.16 -4.21
-3.98 -3.98 -3.98 -3.98 -3.99 -4.00 -4.01 -4.02 -4.02 -4.03 -4.03 -4.02 -4.02 -4.02 -4.01 -4.00 -4.00 -4.00 -3.99 -3.98 -3.97 -3.96 -3.96 -3.96 -3.96 -3.98 -4.01 -4.04 -4.08 -4.13 -4.18 -4.24 -4.30 -4.36 -4.42 -4.50 -4.59 -4.68 -4.76 -4.84 -4.90 -4.94 -4.96 -4.96 -4.95 -4.93 -4.90 -4.87 -4.85 -4.84 -4.83 -4.84 -4.85 -4.86 -4.86 -4.86 -4.83 -4.79 -4.72 -4.62 -4.50 -4.38 -4.25 -4.14 -4.04 -3.98 -3.95 -3.94 -3.95 -3.97 -4.00 -4.03 -4.06 -4.08 -4.10 -4.13 -4.16 -4.19
-3.98 -3.97 -3.97 -3.97 -3.98 -3.99 -4.00 -4.00 -4.01 -4.01 -4.01 -4.01 -4.01 -4.00 -4.00 -3.99 -3.99 -3.99 -3.98 -3.98 -3.97 -3.96 -3.96 -3.96 -3.96 -3.97 -3.99 -4.01 -4.04 -4.07 -4.10 -4.15 -4.19 -4.25 -4.32 -4.41 -4.51 -4.61 -4.72 -4.80 -4.87 -4.91 -4.92 -4.91 -4.87 -4.82 -4.76 -4.71 -4.68 -4.66 -4.67 -4.69 -4.74 -4.78 -4.82 -4.85 -4.85 -4.83 -4.77 -4.68 -4.56 -4.44 -4.31 -4.19 -4.09 -4.03 -3.99 -3.98 -3.99 -4.01 -4.03 -4.06 -4.08 -4.08 -4.09 -4.10 -4.12 -4.13
-3.99 -3.99 -3.99 -4.00 -4.00 -4.00 -4.00 -4.00 -4.01 -4.01 -4.01 -4.01 -4.00 -4.00 -4.00 -4.00 -4.00 -4.00 -3.99 -3.99 -3.99 -3.98 -3.98 -3.98 -3.98 -3.99 -4.01 -4.02 -4.04 -4.06 -4.08 -4.11 -4.16 -4.21 -4.28 -4.38 -4.49 -4.60 -4.71 -4.81 -4.88 -4.92 -4.92 -4.89 -4.83 -4.76 -4.69 -4.62 -4.57 -4.55 -4.57 -4.61 -4.66 -4.73 -4.79 -4.84 -4.86 -4.85 -4.80 -4.71 -4.60 -4.47 -4.34 -4.22 -4.12 -4.05 -4.01 -4.00 -4.00 -4.02 -4.04 -4.06 -4.07 -4.07 -4.07 -4.07 -4.07 -4.07
-4.05 -4.06 -4.06 -4.06 -4.05 -4.04 -4.03 -4.02 -4.01 -4.00 -4.00 -4.00 -4.00 -4.01 -4.01 -4.01 -4.02 -4.02 -4.02 -4.02 -4.02 -4.02 -4.03 -4.03 -4.04 -4.05 -4.06 -4.08 -4.09 -4.11 -4.13 -4.16 -4.20 -4.25 -4.33 -4.43 -4.54 -4.66 -4.77 -4.87 -4.94 -4.98 -4.98 -4.94 -4.87 -4.79 -4.70 -4.63 -4.57 -4.54 -4.55 -4.59 -4.65 -4.72 -4.79 -4.84 -4.86 -4.85 -4.80 -4.71 -4.59 -4.47 -4.33 -4.21 -4.11 -4.04 -4.00 -3.99 -3.99 -4.00 -4.02 -4.03 -4.04 -4.04 -4.04 -4.03 -4.03 -4.02
-4.14 -4.16 -4.16 -4.15 -4.12 -4.09 -4.06 -4.02 -4.00 -3.98 -3.98 -3.98 -3.99 -4.00 -4.02 -4.03 -4.04 -4.05 -4.06 -4.07 -4.08 -4.09 -4.10 -4.11 -4.12 -4.14 -4.15 -4.17 -4.18 -4.19 -4.21 -4.24 -4.27 -4.32 -4.39 -4.48 -4.59 -4.71 -4.82 -4.91 -4.98 -5.02 -5.01 -4.97 -4.90 -4.82 -4.74 -4.66 -4.60 -4.57 -4.57 -4.60 -4.65 -4.71 -4.76 -4.80 -4.82 -4.80 -4.74 -4.65 -4.53 -4.40 -4.27 -4.15 -4.04 -3.97 -3.93 -3.91 -3.91 -3.92 -3.93 -3.94 -3.95 -3.95 -3.94 -3.94 -3.94 -3.93
-4.24 -4.27 -4.28 -4.26 -4.22 -4.16 -4.09 -4.03 -3.99 -3.96 -3.96 -3.96 -3.98 -4.00 -4.03 -4.05 -4.08 -4.10 -4.12 -4.14 -4.16 -4.17 -4.19 -4.21 -4.23 -4.25 -4.27 -4.28 -4.28 -4.29 -4.30 -4.32 -4.35 -4.39 -4.46 -4.54 -4.64 -4.75 -4.85 -4.94 -5.01 -5.04 -5.03 -4.99 -4.93 -4.85 -4.77 -4.70 -4.64 -4.60 -4.60 -4.61 -4.65 -4.69 -4.72 -4.74 -4.75 -4.72 -4.65 -4.55 -4.43 -4.30 -4.16 -4.04 -3.93 -3.86 -3.81 -3.79 -3.79 -3.79 -3.80 -3.81 -3.82 -3.82 -3.82 -3.81 -3.81 -3.80
-4.34 -4.39 -4.40 -4.38 -4.31 -4.23 -4.14 -4.06 -3.99 -3.96 -3.95 -3.96 -3.99 -4.02 -4.06 -4.09 -4.13 -4.16 -4.19 -4.21 -4.24 -4.27 -4.30 -4.33 -4.35 -4.38 -4.39 -4.40 -4.40 -4.40 -4.41 -4.42 -4.44 -4.47 -4.53 -4.60 -4.69 -4.79 -4.88 -4.95 -5.01 -5.04 -5.03 -5.00 -4.94 -4.88 -4.80 -4.74 -4.68 -4.64 -4.62 -4.63 -4.64 -4.65 -4.67 -4.67 -4.65 -4.61 -4.53 -4.43 -4.30 -4.17 -4.03 -3.91 -3.80 -3.73 -3.68 -3.65 -3.64 -3.65 -3.66 -3.67 -3.68 -3.68 -3.67 -3.67 -3.67 -3.66
-4.42 -4.49 -4.51 -4.48 -4.41 -4.31 -4.20 -4.11 -4.03 -3.99 -3.99 -4.00 -4.03 -4.07 -4.12 -4.16 -4.21 -4.24 -4.28 -4.31 -4.35 -4.38 -4.42 -4.45 -4.48 -4.50 -4.51 -4.51 -4.51 -4.51 -4.51 -4.51 -4.52 -4.55 -4.59 -4.66 -4.74 -4.82 -4.89 -4.96 -5.01 -5.03 -5.02 -5.00 -4.95 -4.89 -4.83 -4.77 -4.71 -4.67 -4.64 -4.63 -4.62 -4.61 -4.60 -4.58 -4.55 -4.49 -4.41 -4.30 -4.17 -4.04 -3.90 -3.78 -3.67 -3.59 -3.55 -3.52 -3.51 -3.51 -3.51 -3.52 -3.53 -3.53 -3.53 -3.53 -3.53 -3.53
-4.47 -4.54 -4.58 -4.55 -4.48 -4.39 -4.28 -4.18 -4.11 -4.07 -4.07 -4.09 -4.12 -4.17 -4.22 -4.27 -4.32 -4.36 -4.39 -4.43 -4.46 -4.50 -4.53 -4.56 -4.59 -4.61 -4.62 -4.62 -4.61 -4.61 -4.60 -4.60 -4.61 -4.63 -4.66 -4.71 -4.78 -4.84 -4.91 -4.96 -5.00 -5.01 -5.01 -4.98 -4.94 -4.89 -4.84 -4.78 -4.73 -4.68 -4.65 -4.62 -4.59 -4.57 -4.53 -4.49 -4.44 -4.38 -4.29 -4.17 -4.05 -3.92 -3.78 -3.66 -3.56 -3.48 -3.44 -3.41 -3.39 -3.39 -3.40 -3.41 -3.42 -3.42 -3.42 -3.42 -3.42 -3.42
-4.48 -4.57 -4.62 -4.61 -4.55 -4.47 -4.38 -4.29 -4.23 -4.20 -4.21 -4.23 -4.27 -4.32 -4.37 -4.42 -4.47 -4.51 -4.54 -4.57 -4.60 -4.63 -4.65 -4.68 -4.70 -4.71 -4.72 -4.72 -4.71 -4.71 -4.70 -4.70 -4.70 -4.71 -4.74 -4.78 -4.82 -4.87 -4.92 -4.95 -4.98 -4.99 -4.98 -4.96 -4.93 -4.88 -4.84 -4.79 -4.74 -4.69 -4.65 -4.60 -4.55 -4.51 -4.45 -4.39 -4.33 -4.25 -4.16 -4.04 -3.92 -3.79 -3.67 -3.55 -3.45 -3.38 -3.33 -3.30 -3.29 -3.29 -3.29 -3.30 -3.31 -3.31 -3.31 -3.32 -3.32 -3.33
-4.47 -4.57 -4.64 -4.65 -4.62 -4.56 -4.49 -4.43 -4.38 -4.37 -4.39 -4.42 -4.46 -4.51 -4.56 -4.61 -4.65 -4.69 -4.72 -4.74 -4.76 -4.77 -4.79 -4.80 -4.81 -4.82 -4.82 -4.82 -4.82 -4.81 -4.81 -4.80 -4.80 -4.81 -4.82 -4.84 -4.87 -4.89 -4.92 -4.94 -4.95 -4.95 -4.94 -4.92 -4.90 -4.87 -4.83 -4.79 -4.75 -4.70 -4.64 -4.58 -4.51 -4.44 -4.36 -4.28 -4.19 -4.11 -4.01 -3.90 -3.78 -3.66 -3.54 -3.43 -3.34 -3.27 -3.22 -3.20 -3.18 -3.18 -3.18 -3.19 -3.20 -3.21 -3.21 -3.22 -3.22 -3.23
-4.45 -4.55 -4.64 -4.68 -4.68 -4.66 -4.62 -4.59 -4.56 -4.57 -4.60 -4.63 -4.68 -4.73 -4.78 -4.82 -4.86 -4.89 -4.91 -4.92 -4.93 -4.93 -4.93 -4.93 -4.93 -4.93 -4.93 -4.92 -4.92 -4.92 -4.91 -4.91 -4.90 -4.90 -4.90 -4.91 -4.91 -4.91 -4.92 -4.92 -4.91 -4.90 -4.89 -4.88 -4.86 -4.84 -4.82 -4.79 -4.75 -4.69 -4.63 -4.55 -4.46 -4.36 -4.26 -4.16 -4.05 -3.96 -3.85 -3.74 -3.63 -3.52 -3.41 -3.31 -3.23 -3.16 -3.12 -3.09 -3.08 -3.07 -3.08 -3.09 -3.10 -3.10 -3.11 -3.12 -3.13 -3.15
-4.42 -4.53 -4.64 -4.70 -4.74 -4.75 -4.76 -4.76 -4.76 -4.79 -4.83 -4.87 -4.92 -4.96 -5.01 -5.05 -5.08 -5.10 -5.11 -5.10 -5.09 -5.08 -5.06 -5.05 -5.03 -5.02 -5.01 -5.01 -5.01 -5.00 -5.00 -5.00 -4.99 -4.98 -4.97 -4.96 -4.94 -4.92 -4.90 -4.88 -4.86 -4.84 -4.83 -4.82 -4.81 -4.80 -4.79 -4.76 -4.73 -4.67 -4.60 -4.50 -4.39 -4.28 -4.15 -4.03 -3.91 -3.81 -3.70 -3.60 -3.49 -3.39 -3.29 -3.20 -3.13 -3.07 -3.03 -3.00 -2.99 -2.99 -2.99 -3.00 -3.01 -3.02 -3.03 -3.04 -3.05 -3.07
