Instances/KerchStrait/GMRTv3_3_20170610topo.asc
ncols 734
nrows 478
xllcorner 36.2515869140625
yllcorner 45.01763187222491
cellsize 0.0010986328125
nodata_value -2147483648
[rows 408 to 441 of 478, columns 468 to 545 of 734]
-11.97 -12.15 -12.33 -12.50 -12.66 -12.81 -12.94 -13.04 -13.11 -13.15 -13.17 -13.18 -13.17 -13.17 -13.17 -13.18 -13.20 -13.23 -13.25 -13.28 -13.30 -13.32 -13.34 -13.35 -13.36 -13.36 -13.36 -13.36 -13.36 -13.35 -13.35 -13.34 -13.34 -13.32 -13.31 -13.29 -13.28 -13.28 -13.29 -13.31 -13.36 -13.43 -13.51 -13.60 -13.69 -13.77 -13.83 -13.87 -13.87 -13.86 -13.83 -13.78 -13.74 -13.70 -13.67 -13.66 -13.67 -13.69 -13.71 -13.74 -13.78 -13.82 -13.86 -13.90 -13.95 -14.01 -14.08 -14.15 -14.21 -14.27 -14.33 -14.37 -14.40 -14.42 -14.44 -14.45 -14.45 -14.45
-11.63 -11.86 -12.09 -12.32 -12.54 -12.74 -12.91 -13.05 -13.14 -13.21 -13.24 -13.26 -13.27 -13.27 -13.28 -13.31 -13.35 -13.39 -13.44 -13.49 -13.53 -13.57 -13.61 -13.63 -13.64 -13.65 -13.65 -13.64 -13.64 -13.63 -13.62 -13.61 -13.61 -13.60 -13.58 -13.57 -13.56 -13.56 -13.57 -13.59 -13.63 -13.69 -13.76 -13.84 -13.92 -13.99 -14.05 -14.08 -14.09 -14.07 -14.05 -14.01 -13.97 -13.94 -13.91 -13.91 -13.91 -13.92 -13.94 -13.97 -14.00 -14.03 -14.07 -14.12 -14.17 -14.24 -14.31 -14.39 -14.46 -14.53 -14.59 -14.64 -14.68 -14.71 -14.73 -14.75 -14.75 -14.76
-11.11 -11.41 -11.71 -12.01 -12.30 -12.56 -12.79 -12.98 -13.11 -13.20 -13.26 -13.29 -13.32 -13.33 -13.36 -13.41 -13.47 -13.54 -13.62 -13.69 -13.76 -13.82 -13.88 -13.92 -13.94 -13.95 -13.95 -13.94 -13.92 -13.91 -13.90 -13.89 -13.89 -13.88 -13.87 -13.85 -13.85 -13.85 -13.85 -13.87 -13.90 -13.95 -14.01 -14.08 -14.14 -14.20 -14.24 -14.27 -14.28 -14.27 -14.24 -14.21 -14.18 -14.15 -14.13 -14.12 -14.12 -14.13 -14.14 -14.16 -14.18 -14.21 -14.24 -14.28 -14.34 -14.41 -14.49 -14.58 -14.67 -14.75 -14.82 -14.88 -14.92 -14.96 -14.99 -15.01 -15.03 -15.03
-10.53 -10.89 -11.27 -11.64 -12.00 -12.33 -12.62 -12.86 -13.03 -13.16 -13.24 -13.30 -13.34 -13.37 -13.42 -13.49 -13.58 -13.68 -13.78 -13.89 -13.98 -14.07 -14.15 -14.20 -14.23 -14.24 -14.24 -14.23 -14.21 -14.19 -14.17 -14.17 -14.16 -14.15 -14.14 -14.14 -14.13 -14.13 -14.14 -14.15 -14.17 -14.21 -14.26 -14.31 -14.35 -14.40 -14.43 -14.45 -14.45 -14.44 -14.42 -14.40 -14.37 -14.35 -14.33 -14.32 -14.32 -14.32 -14.32 -14.33 -14.34 -14.36 -14.39 -14.43 -14.49 -14.57 -14.66 -14.75 -14.85 -14.94 -15.02 -15.09 -15.14 -15.18 -15.22 -15.25 -15.27 -15.29
-9.97 -10.39 -10.83 -11.27 -11.69 -12.08 -12.42 -12.71 -12.92 -13.08 -13.20 -13.28 -13.35 -13.41 -13.48 -13.57 -13.69 -13.82 -13.95 -14.08 -14.20 -14.31 -14.40 -14.47 -14.50 -14.52 -14.52 -14.50 -14.48 -14.45 -14.43 -14.42 -14.42 -14.41 -14.41 -14.40 -14.40 -14.40 -14.40 -14.41 -14.43 -14.45 -14.49 -14.52 -14.55 -14.58 -14.60 -14.62 -14.62 -14.61 -14.59 -14.58 -14.56 -14.54 -14.53 -14.52 -14.52 -14.51 -14.51 -14.50 -14.51 -14.52 -14.55 -14.59 -14.65 -14.73 -14.82 -14.92 -15.03 -15.13 -15.21 -15.28 -15.34 -15.39 -15.44 -15.48 -15.50 -15.52
-9.55 -10.00 -10.48 -10.95 -11.42 -11.85 -12.24 -12.56 -12.81 -13.00 -13.15 -13.26 -13.36 -13.45 -13.55 -13.67 -13.81 -13.96 -14.11 -14.26 -14.40 -14.52 -14.62 -14.70 -14.75 -14.76 -14.76 -14.74 -14.71 -14.69 -14.66 -14.65 -14.65 -14.64 -14.64 -14.64 -14.64 -14.64 -14.64 -14.65 -14.66 -14.67 -14.69 -14.71 -14.73 -14.75 -14.77 -14.78 -14.78 -14.78 -14.77 -14.76 -14.75 -14.74 -14.73 -14.73 -14.73 -14.72 -14.71 -14.70 -14.71 -14.71 -14.74 -14.78 -14.84 -14.92 -15.01 -15.12 -15.22 -15.32 -15.41 -15.48 -15.54 -15.60 -15.65 -15.69 -15.72 -15.73
-9.22 -9.67 -10.16 -10.65 -11.14 -11.60 -12.01 -12.36 -12.64 -12.87 -13.05 -13.21 -13.35 -13.48 -13.61 -13.76 -13.92 -14.09 -14.26 -14.42 -14.57 -14.70 -14.82 -14.90 -14.95 -14.97 -14.96 -14.94 -14.91 -14.88 -14.86 -14.84 -14.84 -14.84 -14.84 -14.84 -14.84 -14.84 -14.84 -14.85 -14.85 -14.86 -14.87 -14.89 -14.90 -14.91 -14.92 -14.93 -14.93 -14.93 -14.94 -14.94 -14.94 -14.94 -14.94 -14.94 -14.94 -14.94 -14.93 -14.93 -14.93 -14.94 -14.96 -15.00 -15.06 -15.14 -15.23 -15.33 -15.43 -15.53 -15.61 -15.68 -15.74 -15.79 -15.84 -15.88 -15.91 -15.93
-8.90 -9.33 -9.81 -10.31 -10.80 -11.28 -11.71 -12.09 -12.39 -12.66 -12.90 -13.11 -13.30 -13.48 -13.66 -13.84 -14.03 -14.21 -14.39 -14.57 -14.72 -14.86 -14.98 -15.07 -15.12 -15.14 -15.14 -15.11 -15.08 -15.05 -15.02 -15.01 -15.01 -15.01 -15.01 -15.01 -15.01 -15.02 -15.02 -15.02 -15.03 -15.03 -15.03 -15.04 -15.04 -15.05 -15.05 -15.06 -15.07 -15.08 -15.09 -15.11 -15.12 -15.13 -15.14 -15.16 -15.16 -15.17 -15.17 -15.17 -15.17 -15.19 -15.21 -15.25 -15.30 -15.37 -15.46 -15.55 -15.64 -15.72 -15.80 -15.86 -15.92 -15.97 -16.01 -16.05 -16.08 -16.10
-8.63 -9.03 -9.48 -9.97 -10.47 -10.96 -11.41 -11.80 -12.13 -12.44 -12.73 -12.99 -13.24 -13.48 -13.70 -13.92 -14.13 -14.33 -14.53 -14.71 -14.87 -15.01 -15.13 -15.22 -15.28 -15.30 -15.29 -15.27 -15.23 -15.20 -15.17 -15.15 -15.15 -15.16 -15.16 -15.16 -15.17 -15.18 -15.18 -15.18 -15.18 -15.18 -15.18 -15.18 -15.17 -15.17 -15.18 -15.19 -15.20 -15.22 -15.24 -15.27 -15.30 -15.32 -15.35 -15.37 -15.38 -15.39 -15.40 -15.41 -15.42 -15.44 -15.46 -15.50 -15.55 -15.61 -15.69 -15.76 -15.84 -15.92 -15.99 -16.04 -16.09 -16.13 -16.17 -16.21 -16.24 -16.25
-8.44 -8.80 -9.23 -9.71 -10.20 -10.69 -11.14 -11.54 -11.90 -12.25 -12.59 -12.91 -13.21 -13.50 -13.77 -14.02 -14.25 -14.47 -14.67 -14.85 -15.01 -15.15 -15.27 -15.37 -15.42 -15.45 -15.44 -15.41 -15.38 -15.34 -15.31 -15.30 -15.30 -15.30 -15.31 -15.31 -15.32 -15.33 -15.33 -15.34 -15.33 -15.33 -15.32 -15.31 -15.30 -15.30 -15.30 -15.31 -15.33 -15.36 -15.39 -15.43 -15.47 -15.51 -15.55 -15.58 -15.60 -15.62 -15.64 -15.65 -15.67 -15.69 -15.72 -15.75 -15.80 -15.85 -15.91 -15.98 -16.05 -16.11 -16.16 -16.21 -16.25 -16.29 -16.32 -16.35 -16.38 -16.39
-8.39 -8.71 -9.11 -9.57 -10.05 -10.53 -10.99 -11.39 -11.77 -12.15 -12.52 -12.89 -13.24 -13.57 -13.87 -14.15 -14.40 -14.62 -14.83 -15.01 -15.17 -15.31 -15.42 -15.52 -15.58 -15.60 -15.59 -15.56 -15.53 -15.49 -15.46 -15.45 -15.45 -15.45 -15.46 -15.46 -15.47 -15.48 -15.48 -15.48 -15.48 -15.47 -15.46 -15.44 -15.43 -15.43 -15.43 -15.44 -15.47 -15.50 -15.55 -15.60 -15.65 -15.70 -15.75 -15.79 -15.82 -15.85 -15.87 -15.89 -15.91 -15.94 -15.97 -16.00 -16.04 -16.09 -16.14 -16.19 -16.24 -16.29 -16.33 -16.37 -16.40 -16.44 -16.47 -16.50 -16.52 -16.53
-8.50 -8.79 -9.17 -9.60 -10.06 -10.53 -10.98 -11.39 -11.77 -12.17 -12.57 -12.97 -13.35 -13.71 -14.04 -14.33 -14.58 -14.81 -15.02 -15.19 -15.35 -15.48 -15.59 -15.68 -15.74 -15.76 -15.76 -15.73 -15.70 -15.66 -15.63 -15.61 -15.61 -15.61 -15.62 -15.62 -15.63 -15.64 -15.64 -15.64 -15.63 -15.62 -15.60 -15.59 -15.57 -15.56 -15.57 -15.58 -15.61 -15.66 -15.71 -15.77 -15.83 -15.89 -15.95 -16.00 -16.03 -16.07 -16.10 -16.12 -16.15 -16.17 -16.20 -16.23 -16.27 -16.31 -16.35 -16.39 -16.43 -16.47 -16.50 -16.53 -16.56 -16.59 -16.61 -16.64 -16.65 -16.66
-8.78 -9.03 -9.37 -9.78 -10.21 -10.66 -11.10 -11.50 -11.88 -12.29 -12.70 -13.12 -13.52 -13.90 -14.25 -14.55 -14.80 -15.03 -15.23 -15.40 -15.54 -15.66 -15.77 -15.85 -15.91 -15.93 -15.93 -15.90 -15.87 -15.83 -15.80 -15.79 -15.78 -15.78 -15.78 -15.78 -15.79 -15.79 -15.79 -15.78 -15.78 -15.76 -15.74 -15.73 -15.71 -15.71 -15.71 -15.73 -15.76 -15.82 -15.88 -15.95 -16.02 -16.09 -16.15 -16.21 -16.25 -16.29 -16.32 -16.35 -16.38 -16.41 -16.44 -16.47 -16.50 -16.53 -16.56 -16.59 -16.62 -16.64 -16.67 -16.69 -16.71 -16.73 -16.75 -16.77 -16.78 -16.79
-9.19 -9.40 -9.70 -10.07 -10.47 -10.89 -11.30 -11.68 -12.06 -12.47 -12.90 -13.33 -13.75 -14.14 -14.50 -14.80 -15.05 -15.27 -15.45 -15.61 -15.74 -15.85 -15.95 -16.02 -16.08 -16.10 -16.09 -16.07 -16.04 -16.01 -15.98 -15.96 -15.96 -15.95 -15.95 -15.94 -15.94 -15.93 -15.93 -15.92 -15.91 -15.90 -15.88 -15.87 -15.85 -15.85 -15.86 -15.88 -15.92 -15.98 -16.05 -16.13 -16.21 -16.29 -16.36 -16.42 -16.47 -16.51 -16.55 -16.58 -16.61 -16.64 -16.67 -16.70 -16.72 -16.75 -16.77 -16.78 -16.80 -16.82 -16.83 -16.84 -16.86 -16.87 -16.88 -16.90 -16.91 -16.91
-9.71 -9.88 -10.14 -10.47 -10.83 -11.22 -11.60 -11.96 -12.33 -12.73 -13.16 -13.59 -14.02 -14.42 -14.78 -15.08 -15.32 -15.53 -15.70 -15.84 -15.95 -16.05 -16.13 -16.20 -16.25 -16.27 -16.27 -16.25 -16.22 -16.19 -16.16 -16.15 -16.14 -16.13 -16.11 -16.10 -16.09 -16.08 -16.07 -16.06 -16.05 -16.04 -16.02 -16.01 -16.00 -16.00 -16.01 -16.03 -16.08 -16.15 -16.22 -16.31 -16.40 -16.48 -16.56 -16.63 -16.68 -16.73 -16.77 -16.81 -16.84 -16.87 -16.90 -16.92 -16.94 -16.96 -16.97 -16.97 -16.98 -16.98 -16.98 -16.99 -17.00 -17.00 -17.01 -17.02 -17.03 -17.03
-10.31 -10.46 -10.68 -10.96 -11.29 -11.64 -11.99 -12.32 -12.67 -13.06 -13.49 -13.92 -14.34 -14.74 -15.09 -15.38 -15.61 -15.80 -15.95 -16.08 -16.17 -16.25 -16.32 -16.38 -16.43 -16.45 -16.45 -16.43 -16.41 -16.38 -16.36 -16.34 -16.33 -16.31 -16.29 -16.27 -16.25 -16.23 -16.22 -16.21 -16.20 -16.18 -16.17 -16.15 -16.15 -16.15 -16.17 -16.20 -16.25 -16.32 -16.40 -16.49 -16.59 -16.68 -16.76 -16.83 -16.89 -16.94 -16.98 -17.02 -17.06 -17.09 -17.11 -17.13 -17.15 -17.15 -17.15 -17.15 -17.15 -17.14 -17.14 -17.13 -17.13 -17.14 -17.14 -17.14 -17.14 -17.14
-10.98 -11.10 -11.30 -11.55 -11.83 -12.15 -12.46 -12.77 -13.10 -13.47 -13.88 -14.29 -14.70 -15.08 -15.42 -15.70 -15.91 -16.08 -16.22 -16.33 -16.41 -16.47 -16.53 -16.58 -16.62 -16.64 -16.64 -16.63 -16.61 -16.59 -16.56 -16.55 -16.53 -16.51 -16.48 -16.45 -16.42 -16.40 -16.38 -16.36 -16.35 -16.34 -16.32 -16.32 -16.31 -16.32 -16.34 -16.37 -16.43 -16.50 -16.59 -16.68 -16.78 -16.87 -16.96 -17.03 -17.08 -17.13 -17.18 -17.22 -17.25 -17.28 -17.30 -17.32 -17.33 -17.33 -17.33 -17.32 -17.30 -17.29 -17.28 -17.27 -17.27 -17.27 -17.27 -17.27 -17.27 -17.27
-11.75 -11.86 -12.04 -12.26 -12.51 -12.79 -13.08 -13.35 -13.65 -14.00 -14.37 -14.76 -15.13 -15.49 -15.80 -16.05 -16.24 -16.39 -16.51 -16.60 -16.66 -16.71 -16.76 -16.80 -16.84 -16.86 -16.86 -16.85 -16.84 -16.82 -16.79 -16.78 -16.75 -16.72 -16.69 -16.65 -16.62 -16.58 -16.56 -16.54 -16.52 -16.51 -16.50 -16.49 -16.49 -16.50 -16.53 -16.56 -16.62 -16.69 -16.78 -16.87 -16.97 -17.07 -17.15 -17.22 -17.27 -17.32 -17.36 -17.40 -17.42 -17.45 -17.47 -17.48 -17.49 -17.49 -17.48 -17.47 -17.45 -17.43 -17.42 -17.41 -17.41 -17.40 -17.40 -17.40 -17.39 -17.39
-12.69 -12.81 -12.97 -13.17 -13.39 -13.63 -13.88 -14.13 -14.39 -14.69 -15.02 -15.35 -15.67 -15.98 -16.24 -16.46 -16.62 -16.74 -16.83 -16.90 -16.95 -16.99 -17.02 -17.05 -17.08 -17.10 -17.10 -17.10 -17.09 -17.08 -17.06 -17.04 -17.01 -16.97 -16.93 -16.88 -16.83 -16.78 -16.75 -16.72 -16.71 -16.70 -16.69 -16.69 -16.69 -16.71 -16.73 -16.77 -16.82 -16.89 -16.98 -17.07 -17.17 -17.26 -17.34 -17.40 -17.45 -17.49 -17.53 -17.55 -17.58 -17.59 -17.61 -17.62 -17.62 -17.62 -17.61 -17.60 -17.58 -17.57 -17.55 -17.55 -17.54 -17.53 -17.53 -17.53 -17.52 -17.52
-13.74 -13.87 -14.02 -14.20 -14.39 -14.59 -14.80 -15.00 -15.23 -15.47 -15.74 -16.01 -16.27 -16.51 -16.73 -16.90 -17.02 -17.11 -17.18 -17.22 -17.25 -17.27 -17.29 -17.31 -17.34 -17.35 -17.36 -17.36 -17.36 -17.35 -17.34 -17.31 -17.28 -17.23 -17.17 -17.11 -17.05 -17.00 -16.95 -16.92 -16.90 -16.89 -16.89 -16.89 -16.90 -16.92 -16.94 -16.98 -17.03 -17.10 -17.19 -17.28 -17.37 -17.45 -17.53 -17.58 -17.63 -17.66 -17.68 -17.70 -17.71 -17.72 -17.73 -17.73 -17.73 -17.73 -17.72 -17.71 -17.70 -17.69 -17.68 -17.67 -17.67 -17.67 -17.66 -17.66 -17.66 -17.66
-14.78 -14.92 -15.08 -15.23 -15.39 -15.56 -15.72 -15.89 -16.07 -16.27 -16.47 -16.67 -16.87 -17.05 -17.20 -17.32 -17.41 -17.48 -17.52 -17.54 -17.55 -17.56 -17.56 -17.57 -17.59 -17.61 -17.62 -17.63 -17.63 -17.62 -17.61 -17.59 -17.55 -17.49 -17.42 -17.35 -17.28 -17.21 -17.16 -17.12 -17.10 -17.09 -17.09 -17.10 -17.11 -17.13 -17.16 -17.20 -17.25 -17.32 -17.40 -17.48 -17.56 -17.64 -17.71 -17.76 -17.79 -17.81 -17.83 -17.84 -17.84 -17.84 -17.84 -17.84 -17.84 -17.84 -17.83 -17.83 -17.82 -17.81 -17.81 -17.80 -17.80 -17.80 -17.79 -17.79 -17.79 -17.79
-15.73 -15.89 -16.04 -16.17 -16.31 -16.44 -16.57 -16.70 -16.84 -16.98 -17.13 -17.27 -17.41 -17.53 -17.63 -17.71 -17.77 -17.81 -17.82 -17.83 -17.83 -17.82 -17.82 -17.82 -17.83 -17.84 -17.86 -17.87 -17.88 -17.88 -17.86 -17.84 -17.80 -17.74 -17.66 -17.58 -17.50 -17.43 -17.37 -17.33 -17.31 -17.30 -17.30 -17.31 -17.33 -17.35 -17.38 -17.42 -17.46 -17.53 -17.60 -17.68 -17.75 -17.82 -17.88 -17.92 -17.95 -17.96 -17.97 -17.97 -17.96 -17.95 -17.95 -17.95 -17.95 -17.94 -17.94 -17.94 -17.94 -17.93 -17.93 -17.93 -17.93 -17.93 -17.92 -17.92 -17.92 -17.92
-16.50 -16.66 -16.79 -16.91 -17.02 -17.12 -17.22 -17.33 -17.43 -17.54 -17.64 -17.74 -17.83 -17.91 -17.98 -18.03 -18.06 -18.08 -18.08 -18.07 -18.06 -18.04 -18.03 -18.03 -18.04 -18.05 -18.06 -18.08 -18.09 -18.09 -18.08 -18.06 -18.01 -17.95 -17.87 -17.79 -17.71 -17.63 -17.57 -17.53 -17.51 -17.50 -17.50 -17.52 -17.54 -17.56 -17.59 -17.63 -17.67 -17.73 -17.79 -17.86 -17.93 -17.99 -18.04 -18.08 -18.10 -18.11 -18.11 -18.10 -18.09 -18.08 -18.07 -18.06 -18.06 -18.06 -18.06 -18.06 -18.06 -18.06 -18.06 -18.06 -18.06 -18.06 -18.06 -18.06 -18.06 -18.06
-17.08 -17.22 -17.34 -17.44 -17.53 -17.61 -17.68 -17.76 -17.85 -17.93 -18.00 -18.07 -18.13 -18.18 -18.23 -18.26 -18.28 -18.28 -18.27 -18.26 -18.24 -18.22 -18.21 -18.20 -18.20 -18.21 -18.23 -18.24 -18.25 -18.26 -18.25 -18.23 -18.19 -18.13 -18.06 -17.98 -17.90 -17.83 -17.77 -17.74 -17.72 -17.71 -17.72 -17.73 -17.75 -17.77 -17.80 -17.83 -17.87 -17.92 -17.97 -18.04 -18.10 -18.15 -18.20 -18.23 -18.24 -18.25 -18.24 -18.23 -18.22 -18.21 -18.20 -18.19 -18.19 -18.19 -18.19 -18.19 -18.19 -18.19 -18.19 -18.19 -18.19 -18.19 -18.19 -18.19 -18.19 -18.19
-17.54 -17.66 -17.76 -17.84 -17.90 -17.96 -18.02 -18.08 -18.14 -18.20 -18.26 -18.30 -18.34 -18.38 -18.41 -18.43 -18.44 -18.43 -18.42 -18.40 -18.38 -18.36 -18.35 -18.34 -18.34 -18.35 -18.36 -18.37 -18.38 -18.39 -18.38 -18.36 -18.33 -18.28 -18.22 -18.16 -18.09 -18.03 -17.98 -17.95 -17.94 -17.93 -17.94 -17.95 -17.96 -17.98 -18.01 -18.03 -18.06 -18.11 -18.15 -18.20 -18.25 -18.30 -18.34 -18.36 -18.37 -18.38 -18.37 -18.36 -18.35 -18.34 -18.33 -18.32 -18.32 -18.32 -18.32 -18.32 -18.32 -18.32 -18.32 -18.32 -18.32 -18.32 -18.32 -18.32 -18.32 -18.32
-17.90 -18.00 -18.07 -18.13 -18.18 -18.23 -18.27 -18.31 -18.36 -18.40 -18.44 -18.48 -18.50 -18.53 -18.55 -18.56 -18.56 -18.56 -18.54 -18.52 -18.51 -18.49 -18.47 -18.46 -18.46 -18.47 -18.48 -18.48 -18.49 -18.50 -18.49 -18.48 -18.45 -18.42 -18.37 -18.32 -18.27 -18.23 -18.19 -18.17 -18.16 -18.16 -18.16 -18.17 -18.18 -18.19 -18.21 -18.23 -18.26 -18.29 -18.33 -18.37 -18.40 -18.44 -18.47 -18.49 -18.50 -18.50 -18.49 -18.49 -18.48 -18.47 -18.46 -18.45 -18.45 -18.45 -18.45 -18.45 -18.45 -18.45 -18.45 -18.45 -18.45 -18.45 -18.45 -18.45 -18.45 -18.45
-18.20 -18.27 -18.33 -18.37 -18.41 -18.44 -18.47 -18.50 -18.53 -18.56 -18.59 -18.61 -18.63 -18.65 -18.66 -18.67 -18.67 -18.66 -18.65 -18.64 -18.62 -18.60 -18.59 -18.58 -18.58 -18.59 -18.59 -18.60 -18.60 -18.61 -18.60 -18.59 -18.58 -18.55 -18.52 -18.49 -18.45 -18.42 -18.40 -18.38 -18.37 -18.37 -18.37 -18.38 -18.39 -18.40 -18.41 -18.43 -18.44 -18.47 -18.49 -18.52 -18.55 -18.58 -18.60 -18.61 -18.62 -18.62 -18.62 -18.61 -18.60 -18.59 -18.59 -18.58 -18.58 -18.58 -18.58 -18.58 -18.58 -18.58 -18.59 -18.59 -18.59 -18.59 -18.59 -18.59 -18.58 -18.58
-18.48 -18.53 -18.56 -18.59 -18.61 -18.63 -18.65 -18.67 -18.69 -18.71 -18.73 -18.75 -18.76 -18.77 -18.77 -18.78 -18.78 -18.77 -18.76 -18.75 -18.74 -18.73 -18.72 -18.72 -18.71 -18.72 -18.72 -18.72 -18.73 -18.73 -18.73 -18.72 -18.71 -18.69 -18.67 -18.65 -18.63 -18.61 -18.59 -18.58 -18.58 -18.57 -18.58 -18.58 -18.59 -18.59 -18.60 -18.61 -18.62 -18.64 -18.66 -18.68 -18.69 -18.71 -18.73 -18.73 -18.74 -18.74 -18.74 -18.73 -18.73 -18.72 -18.72 -18.71 -18.71 -18.71 -18.71 -18.71 -18.71 -18.71 -18.72 -18.72 -18.72 -18.72 -18.72 -18.71 -18.71 -18.71
-18.75 -18.78 -18.80 -18.82 -18.83 -18.84 -18.85 -18.86 -18.87 -18.88 -18.89 -18.89 -18.90 -18.90 -18.90 -18.90 -18.90 -18.90 -18.90 -18.89 -18.88 -18.88 -18.87 -18.87 -18.87 -18.87 -18.88 -18.88 -18.88 -18.88 -18.88 -18.88 -18.87 -18.86 -18.84 -18.82 -18.80 -18.79 -18.77 -18.76 -18.76 -18.76 -18.76 -18.76 -18.77 -18.77 -18.78 -18.78 -18.79 -18.80 -18.81 -18.82 -18.84 -18.85 -18.85 -18.86 -18.86 -18.86 -18.86 -18.85 -18.85 -18.85 -18.84 -18.84 -18.84 -18.84 -18.84 -18.84 -18.84 -18.84 -18.84 -18.84 -18.84 -18.84 -18.84 -18.84 -18.84 -18.84
-18.97 -18.99 -19.01 -19.01 -19.02 -19.02 -19.03 -19.03 -19.03 -19.04 -19.04 -19.03 -19.03 -19.03 -19.03 -19.03 -19.03 -19.03 -19.03 -19.03 -19.04 -19.04 -19.04 -19.04 -19.05 -19.05 -19.06 -19.06 -19.06 -19.06 -19.06 -19.06 -19.05 -19.03 -19.01 -18.99 -18.97 -18.95 -18.94 -18.93 -18.92 -18.92 -18.92 -18.93 -18.93 -18.94 -18.94 -18.95 -18.95 -18.96 -18.96 -18.97 -18.97 -18.97 -18.98 -18.98 -18.98 -18.98 -18.97 -18.97 -18.97 -18.96 -18.96 -18.96 -18.96 -18.96 -18.96 -18.96 -18.96 -18.96 -18.96 -18.96 -18.96 -18.96 -18.96 -18.96 -18.96 -18.96
-19.16 -19.16 -19.17 -19.17 -19.17 -19.17 -19.17 -19.17 -19.17 -19.17 -19.16 -19.15 -19.15 -19.14 -19.14 -19.14 -19.15 -19.16 -19.17 -19.18 -19.20 -19.21 -19.22 -19.23 -19.23 -19.24 -19.25 -19.26 -19.26 -19.26 -19.26 -19.25 -19.24 -19.22 -19.19 -19.17 -19.14 -19.12 -19.10 -19.08 -19.08 -19.08 -19.08 -19.08 -19.09 -19.09 -19.10 -19.10 -19.10 -19.10 -19.10 -19.10 -19.10 -19.10 -19.10 -19.10 -19.09 -19.09 -19.09 -19.08 -19.08 -19.07 -19.07 -19.07 -19.07 -19.07 -19.07 -19.07 -19.07 -19.07 -19.07 -19.07 -19.07 -19.07 -19.07 -19.07 -19.07 -19.07
-19.31 -19.31 -19.31 -19.31 -19.30 -19.30 -19.30 -19.30 -19.29 -19.28 -19.27 -19.27 -19.26 -19.25 -19.25 -19.26 -19.27 -19.28 -19.31 -19.33 -19.36 -19.38 -19.40 -19.41 -19.43 -19.44 -19.45 -19.46 -19.46 -19.46 -19.46 -19.45 -19.43 -19.41 -19.38 -19.34 -19.31 -19.27 -19.25 -19.23 -19.22 -19.22 -19.22 -19.23 -19.24 -19.24 -19.25 -19.25 -19.25 -19.24 -19.24 -19.23 -19.23 -19.22 -19.22 -19.21 -19.21 -19.20 -19.20 -19.20 -19.19 -19.19 -19.19 -19.18 -19.18 -19.18 -19.18 -19.18 -19.18 -19.19 -19.19 -19.19 -19.19 -19.19 -19.18 -19.18 -19.18 -19.18
-19.44 -19.44 -19.43 -19.43 -19.43 -19.42 -19.42 -19.41 -19.41 -19.40 -19.39 -19.38 -19.37 -19.36 -19.36 -19.37 -19.39 -19.41 -19.44 -19.48 -19.51 -19.55 -19.58 -19.60 -19.62 -19.63 -19.64 -19.65 -19.66 -19.66 -19.65 -19.64 -19.62 -19.59 -19.55 -19.51 -19.47 -19.43 -19.39 -19.37 -19.36 -19.36 -19.36 -19.37 -19.38 -19.38 -19.39 -19.39 -19.39 -19.38 -19.37 -19.37 -19.36 -19.35 -19.34 -19.34 -19.33 -19.33 -19.32 -19.32 -19.32 -19.31 -19.31 -19.31 -19.31 -19.31 -19.31 -19.31 -19.31 -19.31 -19.31 -19.31 -19.31 -19.31 -19.31 -19.31 -19.31 -19.31
-19.58 -19.57 -19.56 -19.56 -19.55 -19.55 -19.54 -19.54 -19.53 -19.52 -19.50 -19.49 -19.48 -19.48 -19.48 -19.49 -19.51 -19.54 -19.58 -19.62 -19.67 -19.71 -19.75 -19.77 -19.79 -19.81 -19.83 -19.84 -19.84 -19.84 -19.84 -19.82 -19.80 -19.76 -19.72 -19.67 -19.62 -19.57 -19.54 -19.51 -19.50 -19.49 -19.50 -19.50 -19.51 -19.52 -19.53 -19.53 -19.52 -19.52 -19.51 -19.50 -19.49 -19.48 -19.48 -19.47 -19.47 -19.46 -19.46 -19.46 -19.45 -19.45 -19.45 -19.45 -19.45 -19.45 -19.45 -19.45 -19.45 -19.45 -19.45 -19.45 -19.45 -19.45 -19.45 -19.45 -19.45 -19.45
