Instances/KerchStrait/GMRTv3_3_20170610topo.asc
ncols 734
nrows 478
xllcorner 36.2515869140625
yllcorner 45.01763187222491
cellsize 0.0010986328125
nodata_value -2147483648
[rows 442 to 475 of 478, columns 468 to 545 of 734]
-19.72 -19.71 -19.70 -19.69 -19.69 -19.68 -19.67 -19.67 -19.66 -19.64 -19.63 -19.62 -19.60 -19.60 -19.60 -19.61 -19.64 -19.67 -19.72 -19.77 -19.82 -19.86 -19.91 -19.94 -19.96 -19.98 -19.99 -20.01 -20.01 -20.01 -20.01 -19.99 -19.97 -19.93 -19.88 -19.82 -19.77 -19.72 -19.67 -19.65 -19.63 -19.63 -19.63 -19.63 -19.64 -19.65 -19.66 -19.66 -19.66 -19.65 -19.65 -19.64 -19.63 -19.63 -19.62 -19.62 -19.61 -19.61 -19.61 -19.61 -19.61 -19.61 -19.61 -19.61 -19.61 -19.61 -19.61 -19.61 -19.61 -19.61 -19.61 -19.61 -19.61 -19.61 -19.61 -19.61 -19.61 -19.61
-19.84 -19.83 -19.82 -19.82 -19.81 -19.81 -19.80 -19.79 -19.79 -19.77 -19.76 -19.74 -19.73 -19.72 -19.73 -19.74 -19.77 -19.81 -19.86 -19.91 -19.97 -20.02 -20.06 -20.10 -20.12 -20.14 -20.16 -20.18 -20.18 -20.18 -20.18 -20.16 -20.13 -20.09 -20.03 -19.97 -19.91 -19.85 -19.81 -19.77 -19.76 -19.75 -19.75 -19.76 -19.77 -19.78 -19.78 -19.79 -19.78 -19.78 -19.78 -19.78 -19.77 -19.77 -19.77 -19.77 -19.77 -19.77 -19.77 -19.77 -19.78 -19.78 -19.78 -19.78 -19.78 -19.78 -19.78 -19.78 -19.78 -19.78 -19.78 -19.78 -19.78 -19.78 -19.78 -19.78 -19.78 -19.78
-19.95 -19.95 -19.94 -19.94 -19.93 -19.93 -19.92 -19.92 -19.91 -19.90 -19.88 -19.87 -19.86 -19.85 -19.86 -19.87 -19.90 -19.94 -20.00 -20.05 -20.11 -20.17 -20.22 -20.25 -20.28 -20.30 -20.32 -20.34 -20.35 -20.35 -20.34 -20.32 -20.29 -20.24 -20.18 -20.11 -20.05 -19.98 -19.93 -19.90 -19.88 -19.87 -19.87 -19.87 -19.88 -19.89 -19.90 -19.90 -19.91 -19.91 -19.91 -19.92 -19.92 -19.92 -19.93 -19.93 -19.93 -19.94 -19.94 -19.95 -19.95 -19.96 -19.96 -19.97 -19.97 -19.97 -19.97 -19.97 -19.97 -19.96 -19.96 -19.96 -19.96 -19.96 -19.96 -19.97 -19.97 -19.97
-20.06 -20.06 -20.06 -20.05 -20.05 -20.05 -20.05 -20.04 -20.04 -20.02 -20.01 -20.00 -19.99 -19.98 -19.99 -20.00 -20.03 -20.08 -20.13 -20.19 -20.25 -20.31 -20.36 -20.40 -20.43 -20.45 -20.47 -20.49 -20.50 -20.50 -20.49 -20.47 -20.44 -20.39 -20.32 -20.25 -20.18 -20.11 -20.06 -20.02 -20.00 -19.99 -19.98 -19.99 -20.00 -20.01 -20.02 -20.02 -20.03 -20.04 -20.05 -20.06 -20.07 -20.08 -20.09 -20.10 -20.11 -20.12 -20.13 -20.14 -20.14 -20.15 -20.16 -20.16 -20.17 -20.17 -20.17 -20.16 -20.16 -20.16 -20.16 -20.16 -20.16 -20.16 -20.16 -20.16 -20.16 -20.16
-20.18 -20.18 -20.17 -20.17 -20.17 -20.17 -20.17 -20.17 -20.16 -20.15 -20.14 -20.13 -20.12 -20.12 -20.12 -20.14 -20.17 -20.21 -20.27 -20.33 -20.39 -20.45 -20.50 -20.53 -20.56 -20.59 -20.61 -20.62 -20.63 -20.63 -20.63 -20.61 -20.57 -20.52 -20.45 -20.38 -20.31 -20.24 -20.18 -20.14 -20.12 -20.11 -20.10 -20.11 -20.11 -20.12 -20.13 -20.14 -20.15 -20.17 -20.18 -20.20 -20.22 -20.24 -20.26 -20.28 -20.29 -20.30 -20.32 -20.33 -20.34 -20.35 -20.36 -20.37 -20.37 -20.38 -20.38 -20.37 -20.37 -20.37 -20.37 -20.36 -20.36 -20.37 -20.37 -20.37 -20.37 -20.37
-20.30 -20.30 -20.30 -20.30 -20.30 -20.30 -20.30 -20.30 -20.29 -20.28 -20.27 -20.26 -20.25 -20.25 -20.26 -20.27 -20.30 -20.34 -20.40 -20.45 -20.51 -20.57 -20.61 -20.65 -20.68 -20.70 -20.72 -20.74 -20.75 -20.75 -20.74 -20.72 -20.69 -20.63 -20.57 -20.50 -20.43 -20.36 -20.31 -20.27 -20.25 -20.23 -20.23 -20.23 -20.24 -20.25 -20.26 -20.27 -20.28 -20.31 -20.33 -20.36 -20.39 -20.42 -20.44 -20.46 -20.48 -20.50 -20.52 -20.54 -20.56 -20.57 -20.58 -20.59 -20.60 -20.60 -20.60 -20.59 -20.59 -20.59 -20.58 -20.58 -20.58 -20.59 -20.59 -20.59 -20.59 -20.59
-20.43 -20.43 -20.43 -20.43 -20.43 -20.43 -20.43 -20.43 -20.42 -20.42 -20.41 -20.40 -20.39 -20.39 -20.39 -20.41 -20.43 -20.47 -20.52 -20.57 -20.62 -20.67 -20.71 -20.74 -20.77 -20.79 -20.81 -20.82 -20.83 -20.83 -20.82 -20.80 -20.77 -20.73 -20.67 -20.61 -20.55 -20.49 -20.44 -20.40 -20.38 -20.37 -20.36 -20.36 -20.36 -20.37 -20.38 -20.40 -20.42 -20.45 -20.48 -20.52 -20.56 -20.60 -20.64 -20.67 -20.69 -20.72 -20.75 -20.77 -20.79 -20.81 -20.82 -20.84 -20.84 -20.85 -20.85 -20.84 -20.84 -20.83 -20.83 -20.83 -20.83 -20.83 -20.84 -20.84 -20.84 -20.84
-20.56 -20.56 -20.56 -20.56 -20.56 -20.56 -20.56 -20.56 -20.56 -20.55 -20.54 -20.54 -20.53 -20.53 -20.53 -20.54 -20.57 -20.60 -20.63 -20.67 -20.72 -20.75 -20.79 -20.81 -20.83 -20.85 -20.86 -20.87 -20.88 -20.88 -20.87 -20.86 -20.84 -20.80 -20.75 -20.70 -20.65 -20.61 -20.57 -20.54 -20.52 -20.51 -20.50 -20.49 -20.49 -20.50 -20.51 -20.52 -20.55 -20.59 -20.64 -20.69 -20.74 -20.79 -20.84 -20.88 -20.92 -20.95 -20.99 -21.02 -21.05 -21.07 -21.09 -21.11 -21.12 -21.12 -21.12 -21.12 -21.11 -21.10 -21.10 -21.09 -21.10 -21.10 -21.11 -21.11 -21.12 -21.12
-20.69 -20.69 -20.69 -20.69 -20.70 -20.70 -20.70 -20.70 -20.69 -20.69 -20.68 -20.68 -20.67 -20.67 -20.68 -20.68 -20.70 -20.72 -20.75 -20.77 -20.80 -20.83 -20.85 -20.87 -20.88 -20.90 -20.91 -20.91 -20.92 -20.92 -20.91 -20.90 -20.89 -20.86 -20.83 -20.80 -20.76 -20.73 -20.70 -20.68 -20.66 -20.65 -20.63 -20.62 -20.62 -20.62 -20.63 -20.66 -20.69 -20.74 -20.80 -20.86 -20.93 -21.00 -21.06 -21.11 -21.15 -21.20 -21.24 -21.28 -21.31 -21.34 -21.37 -21.39 -21.40 -21.40 -21.40 -21.40 -21.39 -21.38 -21.37 -21.37 -21.37 -21.38 -21.39 -21.40 -21.40 -21.40
-20.83 -20.83 -20.83 -20.83 -20.83 -20.83 -20.83 -20.83 -20.83 -20.83 -20.82 -20.82 -20.82 -20.82 -20.82 -20.82 -20.83 -20.84 -20.86 -20.88 -20.89 -20.91 -20.92 -20.93 -20.94 -20.95 -20.95 -20.96 -20.96 -20.96 -20.96 -20.95 -20.94 -20.92 -20.91 -20.89 -20.86 -20.84 -20.83 -20.82 -20.80 -20.79 -20.78 -20.76 -20.76 -20.76 -20.77 -20.80 -20.84 -20.90 -20.97 -21.04 -21.12 -21.20 -21.27 -21.33 -21.39 -21.44 -21.49 -21.53 -21.57 -21.61 -21.64 -21.66 -21.67 -21.68 -21.68 -21.67 -21.66 -21.65 -21.64 -21.64 -21.64 -21.65 -21.66 -21.67 -21.68 -21.67
-20.96 -20.96 -20.96 -20.96 -20.96 -20.96 -20.96 -20.96 -20.96 -20.96 -20.96 -20.96 -20.96 -20.96 -20.96 -20.96 -20.97 -20.97 -20.98 -20.98 -20.99 -21.00 -21.00 -21.01 -21.01 -21.01 -21.02 -21.02 -21.02 -21.02 -21.02 -21.01 -21.01 -21.00 -20.99 -20.98 -20.97 -20.96 -20.96 -20.95 -20.94 -20.93 -20.92 -20.91 -20.90 -20.91 -20.92 -20.95 -21.00 -21.06 -21.14 -21.23 -21.32 -21.40 -21.48 -21.55 -21.61 -21.67 -21.72 -21.77 -21.81 -21.85 -21.88 -21.90 -21.92 -21.92 -21.92 -21.91 -21.90 -21.89 -21.89 -21.88 -21.88 -21.89 -21.91 -21.92 -21.92 -21.92
-21.10 -21.10 -21.10 -21.10 -21.10 -21.10 -21.10 -21.10 -21.10 -21.10 -21.10 -21.10 -21.10 -21.10 -21.10 -21.10 -21.10 -21.10 -21.10 -21.11 -21.11 -21.11 -21.11 -21.11 -21.11 -21.11 -21.11 -21.11 -21.11 -21.11 -21.11 -21.10 -21.10 -21.10 -21.09 -21.09 -21.09 -21.08 -21.08 -21.08 -21.08 -21.08 -21.07 -21.06 -21.06 -21.07 -21.09 -21.12 -21.18 -21.25 -21.33 -21.42 -21.51 -21.60 -21.69 -21.76 -21.82 -21.87 -21.92 -21.97 -22.01 -22.05 -22.08 -22.11 -22.12 -22.13 -22.12 -22.12 -22.11 -22.10 -22.09 -22.08 -22.09 -22.10 -22.11 -22.12 -22.13 -22.12
-21.25 -21.25 -21.25 -21.25 -21.25 -21.25 -21.25 -21.25 -21.25 -21.25 -21.25 -21.25 -21.25 -21.25 -21.25 -21.25 -21.25 -21.25 -21.25 -21.25 -21.24 -21.24 -21.24 -21.24 -21.24 -21.23 -21.23 -21.23 -21.23 -21.23 -21.22 -21.22 -21.22 -21.22 -21.21 -21.21 -21.21 -21.21 -21.21 -21.21 -21.22 -21.22 -21.22 -21.23 -21.24 -21.26 -21.28 -21.32 -21.38 -21.45 -21.54 -21.63 -21.72 -21.81 -21.89 -21.96 -22.01 -22.07 -22.11 -22.15 -22.19 -22.22 -22.25 -22.27 -22.28 -22.29 -22.29 -22.28 -22.27 -22.26 -22.26 -22.25 -22.25 -22.27 -22.28 -22.29 -22.30 -22.29
-21.40 -21.40 -21.40 -21.40 -21.40 -21.40 -21.40 -21.40 -21.40 -21.40 -21.40 -21.40 -21.40 -21.40 -21.40 -21.40 -21.40 -21.40 -21.40 -21.40 -21.39 -21.39 -21.39 -21.39 -21.38 -21.38 -21.37 -21.37 -21.37 -21.36 -21.36 -21.36 -21.35 -21.35 -21.34 -21.33 -21.33 -21.33 -21.33 -21.34 -21.35 -21.36 -21.38 -21.40 -21.42 -21.46 -21.49 -21.54 -21.60 -21.67 -21.75 -21.84 -21.93 -22.01 -22.09 -22.15 -22.20 -22.25 -22.29 -22.32 -22.35 -22.37 -22.40 -22.41 -22.42 -22.43 -22.43 -22.42 -22.41 -22.41 -22.40 -22.40 -22.40 -22.41 -22.42 -22.44 -22.44 -22.44
-21.55 -21.55 -21.55 -21.55 -21.55 -21.55 -21.55 -21.55 -21.55 -21.55 -21.55 -21.55 -21.55 -21.55 -21.55 -21.55 -21.55 -21.55 -21.55 -21.54 -21.54 -21.54 -21.54 -21.53 -21.53 -21.53 -21.52 -21.52 -21.51 -21.51 -21.50 -21.50 -21.49 -21.48 -21.47 -21.46 -21.45 -21.45 -21.45 -21.46 -21.48 -21.51 -21.54 -21.58 -21.62 -21.66 -21.71 -21.76 -21.82 -21.90 -21.98 -22.06 -22.14 -22.22 -22.29 -22.34 -22.39 -22.42 -22.45 -22.48 -22.50 -22.51 -22.53 -22.54 -22.55 -22.55 -22.55 -22.55 -22.54 -22.53 -22.53 -22.53 -22.53 -22.54 -22.55 -22.57 -22.57 -22.57
-21.68 -21.68 -21.68 -21.68 -21.68 -21.68 -21.68 -21.68 -21.68 -21.68 -21.68 -21.68 -21.68 -21.68 -21.68 -21.68 -21.68 -21.68 -21.68 -21.68 -21.68 -21.67 -21.67 -21.67 -21.67 -21.66 -21.66 -21.65 -21.65 -21.64 -21.64 -21.63 -21.62 -21.61 -21.60 -21.59 -21.58 -21.57 -21.58 -21.59 -21.62 -21.65 -21.70 -21.75 -21.80 -21.86 -21.92 -21.98 -22.04 -22.12 -22.19 -22.27 -22.35 -22.42 -22.48 -22.53 -22.56 -22.59 -22.61 -22.63 -22.64 -22.64 -22.65 -22.66 -22.66 -22.67 -22.67 -22.66 -22.66 -22.66 -22.65 -22.65 -22.65 -22.67 -22.68 -22.69 -22.70 -22.69
-21.79 -21.79 -21.79 -21.79 -21.79 -21.79 -21.79 -21.79 -21.79 -21.79 -21.79 -21.79 -21.79 -21.79 -21.79 -21.79 -21.79 -21.79 -21.79 -21.78 -21.78 -21.78 -21.78 -21.78 -21.77 -21.77 -21.77 -21.77 -21.76 -21.76 -21.76 -21.75 -21.75 -21.74 -21.72 -21.71 -21.70 -21.69 -21.70 -21.72 -21.75 -21.80 -21.86 -21.92 -21.98 -22.05 -22.12 -22.18 -22.25 -22.32 -22.39 -22.47 -22.54 -22.60 -22.66 -22.70 -22.73 -22.75 -22.77 -22.77 -22.78 -22.78 -22.78 -22.78 -22.79 -22.79 -22.79 -22.79 -22.78 -22.78 -22.78 -22.78 -22.78 -22.79 -22.81 -22.82 -22.83 -22.82
-21.87 -21.87 -21.87 -21.87 -21.87 -21.87 -21.87 -21.87 -21.87 -21.87 -21.87 -21.87 -21.87 -21.86 -21.86 -21.86 -21.86 -21.86 -21.86 -21.85 -21.85 -21.85 -21.85 -21.85 -21.85 -21.85 -21.85 -21.85 -21.86 -21.86 -21.86 -21.86 -21.86 -21.85 -21.84 -21.83 -21.82 -21.82 -21.83 -21.86 -21.90 -21.95 -22.01 -22.08 -22.15 -22.23 -22.30 -22.36 -22.43 -22.50 -22.57 -22.64 -22.71 -22.77 -22.83 -22.87 -22.90 -22.91 -22.92 -22.92 -22.92 -22.91 -22.91 -22.91 -22.91 -22.91 -22.92 -22.91 -22.91 -22.91 -22.91 -22.91 -22.92 -22.93 -22.94 -22.96 -22.97 -22.96
-21.93 -21.93 -21.93 -21.93 -21.93 -21.93 -21.93 -21.92 -21.92 -21.92 -21.92 -21.92 -21.91 -21.91 -21.91 -21.91 -21.90 -21.90 -21.90 -21.89 -21.89 -21.89 -21.89 -21.89 -21.90 -21.90 -21.91 -21.92 -21.93 -21.94 -21.95 -21.96 -21.96 -21.96 -21.95 -21.95 -21.95 -21.95 -21.97 -22.00 -22.04 -22.10 -22.16 -22.24 -22.31 -22.39 -22.47 -22.53 -22.60 -22.67 -22.74 -22.81 -22.88 -22.94 -22.99 -23.02 -23.05 -23.06 -23.06 -23.06 -23.05 -23.05 -23.04 -23.04 -23.04 -23.04 -23.04 -23.04 -23.04 -23.04 -23.04 -23.04 -23.05 -23.06 -23.08 -23.09 -23.10 -23.10
-21.98 -21.98 -21.97 -21.97 -21.97 -21.97 -21.97 -21.96 -21.96 -21.96 -21.95 -21.95 -21.94 -21.94 -21.94 -21.93 -21.93 -21.92 -21.92 -21.91 -21.91 -21.91 -21.91 -21.92 -21.93 -21.94 -21.96 -21.97 -21.99 -22.01 -22.03 -22.05 -22.06 -22.06 -22.06 -22.07 -22.07 -22.08 -22.11 -22.14 -22.19 -22.25 -22.32 -22.39 -22.47 -22.55 -22.63 -22.70 -22.76 -22.83 -22.90 -22.97 -23.03 -23.09 -23.14 -23.17 -23.19 -23.20 -23.20 -23.20 -23.19 -23.17 -23.17 -23.16 -23.16 -23.16 -23.16 -23.16 -23.16 -23.16 -23.16 -23.17 -23.17 -23.19 -23.21 -23.23 -23.24 -23.24
-22.01 -22.01 -22.01 -22.00 -22.00 -22.00 -21.99 -21.99 -21.99 -21.98 -21.98 -21.97 -21.96 -21.96 -21.95 -21.95 -21.95 -21.94 -21.93 -21.93 -21.92 -21.92 -21.92 -21.93 -21.95 -21.97 -21.99 -22.02 -22.05 -22.08 -22.11 -22.13 -22.15 -22.16 -22.17 -22.18 -22.20 -22.22 -22.24 -22.28 -22.33 -22.40 -22.47 -22.55 -22.63 -22.71 -22.78 -22.85 -22.92 -22.99 -23.05 -23.12 -23.18 -23.24 -23.28 -23.31 -23.33 -23.34 -23.34 -23.33 -23.31 -23.30 -23.29 -23.28 -23.28 -23.28 -23.28 -23.28 -23.28 -23.29 -23.29 -23.29 -23.30 -23.32 -23.34 -23.36 -23.37 -23.37
-22.03 -22.03 -22.03 -22.03 -22.02 -22.02 -22.02 -22.01 -22.01 -22.00 -22.00 -21.99 -21.98 -21.98 -21.97 -21.97 -21.96 -21.96 -21.95 -21.94 -21.94 -21.94 -21.94 -21.95 -21.97 -22.00 -22.03 -22.07 -22.10 -22.14 -22.18 -22.21 -22.23 -22.26 -22.27 -22.29 -22.31 -22.34 -22.37 -22.42 -22.47 -22.54 -22.61 -22.69 -22.78 -22.86 -22.93 -23.00 -23.07 -23.14 -23.20 -23.27 -23.33 -23.38 -23.42 -23.45 -23.47 -23.48 -23.47 -23.46 -23.44 -23.43 -23.42 -23.41 -23.41 -23.41 -23.41 -23.41 -23.41 -23.41 -23.41 -23.42 -23.42 -23.44 -23.46 -23.49 -23.50 -23.50
-22.05 -22.05 -22.05 -22.05 -22.04 -22.04 -22.04 -22.03 -22.03 -22.03 -22.02 -22.02 -22.01 -22.01 -22.01 -22.00 -22.00 -21.99 -21.98 -21.97 -21.97 -21.96 -21.97 -21.98 -22.00 -22.04 -22.07 -22.12 -22.16 -22.20 -22.25 -22.28 -22.32 -22.34 -22.37 -22.40 -22.42 -22.46 -22.50 -22.55 -22.61 -22.68 -22.75 -22.84 -22.92 -23.00 -23.08 -23.15 -23.22 -23.28 -23.35 -23.41 -23.47 -23.52 -23.56 -23.59 -23.61 -23.61 -23.61 -23.59 -23.57 -23.56 -23.54 -23.54 -23.53 -23.53 -23.53 -23.54 -23.54 -23.54 -23.54 -23.54 -23.55 -23.57 -23.59 -23.61 -23.62 -23.62
-22.06 -22.06 -22.06 -22.05 -22.05 -22.05 -22.05 -22.05 -22.05 -22.05 -22.05 -22.05 -22.04 -22.04 -22.04 -22.04 -22.03 -22.03 -22.02 -22.01 -22.00 -22.00 -22.00 -22.02 -22.04 -22.08 -22.12 -22.16 -22.21 -22.26 -22.31 -22.35 -22.39 -22.42 -22.46 -22.49 -22.53 -22.57 -22.61 -22.67 -22.73 -22.81 -22.89 -22.97 -23.06 -23.14 -23.22 -23.29 -23.36 -23.43 -23.49 -23.55 -23.61 -23.66 -23.70 -23.73 -23.74 -23.75 -23.74 -23.72 -23.71 -23.69 -23.67 -23.67 -23.66 -23.66 -23.66 -23.67 -23.67 -23.67 -23.67 -23.67 -23.68 -23.69 -23.71 -23.73 -23.74 -23.73
-22.05 -22.05 -22.05 -22.05 -22.05 -22.05 -22.06 -22.06 -22.06 -22.06 -22.06 -22.07 -22.07 -22.07 -22.07 -22.07 -22.07 -22.06 -22.05 -22.04 -22.03 -22.03 -22.03 -22.05 -22.07 -22.11 -22.15 -22.20 -22.26 -22.31 -22.36 -22.41 -22.45 -22.50 -22.54 -22.58 -22.63 -22.67 -22.73 -22.79 -22.86 -22.94 -23.02 -23.11 -23.19 -23.28 -23.36 -23.43 -23.50 -23.56 -23.63 -23.69 -23.74 -23.79 -23.83 -23.86 -23.88 -23.88 -23.87 -23.86 -23.84 -23.82 -23.81 -23.80 -23.80 -23.80 -23.80 -23.80 -23.80 -23.80 -23.81 -23.81 -23.81 -23.82 -23.83 -23.84 -23.85 -23.84
-22.03 -22.04 -22.04 -22.04 -22.05 -22.05 -22.05 -22.06 -22.06 -22.07 -22.08 -22.09 -22.10 -22.10 -22.11 -22.11 -22.11 -22.10 -22.09 -22.07 -22.07 -22.06 -22.07 -22.08 -22.11 -22.15 -22.19 -22.24 -22.30 -22.36 -22.41 -22.46 -22.52 -22.56 -22.61 -22.67 -22.72 -22.78 -22.84 -22.90 -22.98 -23.06 -23.14 -23.23 -23.32 -23.41 -23.49 -23.56 -23.63 -23.70 -23.76 -23.82 -23.88 -23.92 -23.96 -23.99 -24.00 -24.01 -24.00 -23.99 -23.97 -23.95 -23.94 -23.93 -23.93 -23.93 -23.93 -23.93 -23.94 -23.94 -23.94 -23.94 -23.94 -23.94 -23.95 -23.95 -23.95 -23.94
-22.02 -22.02 -22.03 -22.03 -22.04 -22.05 -22.05 -22.06 -22.07 -22.09 -22.10 -22.11 -22.13 -22.14 -22.15 -22.16 -22.16 -22.15 -22.14 -22.12 -22.11 -22.11 -22.11 -22.13 -22.16 -22.19 -22.24 -22.29 -22.35 -22.40 -22.46 -22.52 -22.57 -22.63 -22.69 -22.75 -22.81 -22.87 -22.94 -23.01 -23.09 -23.17 -23.26 -23.36 -23.45 -23.54 -23.62 -23.69 -23.76 -23.83 -23.89 -23.95 -24.00 -24.05 -24.09 -24.12 -24.13 -24.14 -24.13 -24.12 -24.10 -24.08 -24.07 -24.06 -24.06 -24.06 -24.07 -24.07 -24.07 -24.08 -24.07 -24.07 -24.07 -24.07 -24.06 -24.06 -24.05 -24.03
-22.00 -22.01 -22.02 -22.03 -22.04 -22.05 -22.06 -22.07 -22.09 -22.11 -22.13 -22.15 -22.18 -22.20 -22.21 -22.22 -22.22 -22.22 -22.20 -22.19 -22.18 -22.17 -22.17 -22.19 -22.22 -22.25 -22.30 -22.35 -22.40 -22.46 -22.52 -22.58 -22.63 -22.69 -22.76 -22.82 -22.89 -22.96 -23.03 -23.11 -23.19 -23.28 -23.38 -23.47 -23.57 -23.66 -23.75 -23.82 -23.89 -23.96 -24.02 -24.08 -24.13 -24.18 -24.22 -24.24 -24.26 -24.26 -24.26 -24.25 -24.23 -24.22 -24.20 -24.20 -24.20 -24.20 -24.20 -24.21 -24.21 -24.21 -24.21 -24.20 -24.19 -24.18 -24.18 -24.16 -24.14 -24.12
-22.00 -22.01 -22.02 -22.03 -22.05 -22.06 -22.08 -22.10 -22.12 -22.15 -22.18 -22.21 -22.24 -22.27 -22.30 -22.31 -22.32 -22.31 -22.30 -22.29 -22.27 -22.26 -22.26 -22.28 -22.30 -22.34 -22.37 -22.42 -22.47 -22.52 -22.58 -22.64 -22.70 -22.76 -22.82 -22.89 -22.96 -23.04 -23.11 -23.19 -23.28 -23.38 -23.48 -23.58 -23.68 -23.78 -23.87 -23.95 -24.02 -24.09 -24.16 -24.21 -24.26 -24.31 -24.35 -24.37 -24.39 -24.39 -24.39 -24.38 -24.36 -24.35 -24.34 -24.33 -24.33 -24.33 -24.34 -24.34 -24.35 -24.35 -24.34 -24.33 -24.32 -24.30 -24.28 -24.26 -24.23 -24.19
-22.00 -22.01 -22.02 -22.04 -22.06 -22.08 -22.11 -22.14 -22.17 -22.21 -22.25 -22.30 -22.34 -22.38 -22.41 -22.44 -22.45 -22.44 -22.43 -22.42 -22.41 -22.40 -22.39 -22.40 -22.42 -22.45 -22.48 -22.51 -22.55 -22.60 -22.65 -22.70 -22.76 -22.82 -22.88 -22.95 -23.02 -23.10 -23.18 -23.27 -23.36 -23.46 -23.57 -23.69 -23.80 -23.91 -24.01 -24.09 -24.17 -24.23 -24.30 -24.35 -24.40 -24.44 -24.48 -24.51 -24.52 -24.53 -24.52 -24.51 -24.50 -24.48 -24.47 -24.46 -24.46 -24.47 -24.47 -24.48 -24.49 -24.49 -24.48 -24.47 -24.44 -24.41 -24.38 -24.34 -24.29 -24.24
-21.99 -22.01 -22.03 -22.06 -22.08 -22.11 -22.15 -22.18 -22.23 -22.28 -22.34 -22.40 -22.46 -22.51 -22.55 -22.58 -22.60 -22.60 -22.59 -22.58 -22.56 -22.55 -22.55 -22.55 -22.56 -22.58 -22.60 -22.62 -22.65 -22.68 -22.72 -22.77 -22.82 -22.87 -22.94 -23.00 -23.08 -23.16 -23.24 -23.33 -23.43 -23.54 -23.66 -23.79 -23.91 -24.03 -24.14 -24.23 -24.31 -24.38 -24.44 -24.49 -24.54 -24.58 -24.61 -24.64 -24.66 -24.66 -24.65 -24.64 -24.63 -24.61 -24.60 -24.60 -24.60 -24.60 -24.61 -24.62 -24.63 -24.63 -24.62 -24.60 -24.56 -24.52 -24.47 -24.41 -24.34 -24.28
-22.00 -22.02 -22.04 -22.07 -22.11 -22.14 -22.19 -22.23 -22.29 -22.35 -22.42 -22.50 -22.57 -22.64 -22.69 -22.73 -22.75 -22.76 -22.75 -22.74 -22.72 -22.71 -22.70 -22.70 -22.71 -22.71 -22.72 -22.73 -22.74 -22.77 -22.79 -22.83 -22.88 -22.93 -22.99 -23.06 -23.13 -23.21 -23.29 -23.39 -23.49 -23.61 -23.75 -23.88 -24.02 -24.15 -24.26 -24.36 -24.44 -24.52 -24.58 -24.63 -24.68 -24.71 -24.75 -24.77 -24.79 -24.79 -24.79 -24.78 -24.76 -24.75 -24.73 -24.73 -24.73 -24.74 -24.75 -24.76 -24.77 -24.77 -24.75 -24.73 -24.68 -24.63 -24.55 -24.48 -24.40 -24.32
-22.00 -22.02 -22.05 -22.09 -22.13 -22.17 -22.22 -22.28 -22.34 -22.42 -22.50 -22.59 -22.68 -22.76 -22.82 -22.87 -22.89 -22.90 -22.90 -22.88 -22.87 -22.85 -22.84 -22.84 -22.84 -22.83 -22.83 -22.83 -22.84 -22.85 -22.87 -22.90 -22.94 -22.99 -23.05 -23.11 -23.18 -23.26 -23.35 -23.44 -23.55 -23.68 -23.82 -23.97 -24.11 -24.25 -24.37 -24.48 -24.56 -24.63 -24.70 -24.75 -24.80 -24.84 -24.87 -24.90 -24.91 -24.92 -24.92 -24.91 -24.89 -24.88 -24.87 -24.86 -24.86 -24.87 -24.89 -24.90 -24.91 -24.91 -24.89 -24.86 -24.81 -24.73 -24.65 -24.55 -24.46 -24.36
-22.00 -22.02 -22.06 -22.10 -22.14 -22.19 -22.25 -22.31 -22.38 -22.47 -22.56 -22.66 -22.76 -22.85 -22.92 -22.97 -23.00 -23.01 -23.01 -22.99 -22.98 -22.96 -22.94 -22.94 -22.93 -22.93 -22.92 -22.92 -22.92 -22.92 -22.94 -22.97 -23.01 -23.05 -23.11 -23.17 -23.24 -23.32 -23.41 -23.50 -23.61 -23.75 -23.89 -24.04 -24.19 -24.33 -24.46 -24.56 -24.65 -24.73 -24.80 -24.86 -24.91 -24.95 -24.98 -25.01 -25.03 -25.04 -25.04 -25.03 -25.02 -25.01 -25.00 -25.00 -25.00 -25.01 -25.03 -25.04 -25.05 -25.04 -25.03 -24.99 -24.93 -24.85 -24.75 -24.64 -24.53 -24.43
