data/Northsea_20250214_120037.asc
ncols 16
nrows 16
xllcorner 1.202880859375
yllcorner 60.1677971154118
cellsize 6945.0
nodata_value -9999
-146.00 -142.00 -141.00 -143.00 -142.00 -139.00 -137.00 -134.00 -138.00 -202.00 -248.00 -278.00 -308.00 -376.00 -365.00 -366.00
-145.00 -146.00 -143.00 -141.00 -139.00 -137.00 -134.00 -135.00 -132.00 -158.00 -199.00 -247.00 -280.00 -316.00 -375.00 -359.00
-146.00 -146.00 -144.00 -140.00 -135.00 -133.00 -130.00 -129.00 -132.00 -128.00 -162.00 -205.00 -249.00 -286.00 -354.00 -359.00
-142.00 -146.00 -141.00 -136.00 -132.00 -129.00 -127.00 -126.00 -124.00 -126.00 -127.00 -186.00 -213.00 -260.00 -304.00 -359.00
-144.00 -140.00 -138.00 -135.00 -132.00 -127.00 -126.00 -125.00 -123.00 -124.00 -126.00 -125.00 -186.00 -225.00 -273.00 -345.00
-147.00 -136.00 -130.00 -123.00 -123.00 -126.00 -126.00 -125.00 -126.00 -124.00 -122.00 -121.00 -161.00 -196.00 -249.00 -321.00
-143.00 -145.00 -139.00 -131.00 -122.00 -123.00 -121.00 -122.00 -122.00 -128.00 -124.00 -122.00 -132.00 -173.00 -218.00 -287.00
-138.00 -142.00 -146.00 -146.00 -128.00 -122.00 -126.00 -124.00 -124.00 -124.00 -117.00 -118.00 -123.00 -155.00 -193.00 -253.00
-137.00 -138.00 -139.00 -143.00 -141.00 -125.00 -126.00 -123.00 -125.00 -119.00 -119.00 -112.00 -115.00 -137.00 -169.00 -232.00
-134.00 -131.00 -126.00 -132.00 -120.00 -123.00 -123.00 -122.00 -123.00 -115.00 -108.00 -113.00 -106.00 -120.00 -145.00 -209.00
-134.00 -125.00 -121.00 -120.00 -120.00 -103.00 -120.00 -117.00 -113.00 -97.00 -97.00 -104.00 -102.00 -106.00 -130.00 -187.00
-139.00 -130.00 -123.00 -115.00 -118.00 -108.00 -102.00 -115.00 -95.00 -96.00 -95.00 -102.00 -108.00 -105.00 -123.00 -175.00
-134.00 -136.00 -123.00 -108.00 -106.00 -110.00 -96.00 -115.00 -99.00 -100.00 -89.00 -101.00 -100.00 -104.00 -120.00 -165.00
-138.00 -132.00 -116.00 -111.00 -106.00 -110.00 -94.00 -113.00 -105.00 -102.00 -95.00 -103.00 -99.00 -108.00 -121.00 -157.00
-136.00 -127.00 -113.00 -108.00 -106.00 -108.00 -98.00 -106.00 -112.00 -101.00 -100.00 -98.00 -107.00 -112.00 -122.00 -154.00
-131.00 -118.00 -114.00 -114.00 -107.00 -101.00 -94.00 -93.00 -108.00 -108.00 -108.00 -98.00 -107.00 -115.00 -121.00 -158.00
