Instances/GulfOfAkaba/GMRTv3_3_20170610topo.asc
ncols 347
nrows 823
xllcorner 34.336669921875
yllcorner 27.844904818229715
cellsize 0.002197265625
nodata_value -2147483648
[rows 0 to 30 of 823, columns 69 to 137 of 347]
839.24 836.10 833.69 829.92 821.90 834.24 835.89 828.31 846.41 859.95 870.21 875.33 875.89 889.56 913.50 944.60 988.12 1007.17 957.26 921.63 904.69 890.73 866.55 853.82 849.03 839.53 826.86 829.22 833.99 836.19 853.15 865.79 878.33 865.39 848.16 841.00 833.70 823.76 812.40 817.23 837.00 856.57 854.70 835.90 829.47 834.48 831.06 830.04 811.10 793.41 801.76 796.58 816.41 826.09 827.09 833.57 835.54 834.84 794.00 751.30 745.67 738.04 729.50 726.28 723.17 719.73 714.11 710.02 705.71
844.57 830.75 836.05 842.63 842.47 832.33 838.28 833.71 842.85 851.37 862.09 874.42 888.76 910.96 947.95 1000.39 990.61 994.78 983.09 971.84 965.16 936.21 898.71 884.25 874.28 869.86 853.70 839.73 843.15 861.09 876.06 906.92 911.03 895.15 874.40 855.02 845.05 832.41 828.82 832.81 864.68 899.12 896.29 863.89 842.99 843.01 839.68 834.22 813.78 817.66 821.77 821.07 820.59 822.14 828.33 834.46 837.02 811.97 762.53 760.60 782.31 776.93 742.97 732.46 726.57 721.58 716.33 711.73 707.65
855.23 841.65 844.00 848.41 853.85 841.25 839.77 845.44 851.90 857.52 864.38 878.42 910.60 948.64 976.11 1011.39 985.70 976.93 980.85 968.94 962.32 954.39 939.69 925.54 929.54 910.92 894.38 872.29 865.85 881.25 896.58 921.64 949.99 952.44 920.67 889.46 873.30 854.99 851.48 857.25 896.15 933.17 911.80 864.83 844.01 838.68 836.39 828.39 813.71 832.11 835.17 831.34 833.17 836.88 829.27 821.21 814.94 781.84 770.84 794.36 822.82 802.43 754.59 739.27 734.53 726.00 712.75 705.24 703.68
866.44 863.37 861.48 865.22 863.09 854.81 852.62 851.92 853.52 864.19 876.81 895.58 936.37 999.66 1026.12 1003.43 979.32 960.75 963.51 949.42 947.73 961.82 977.52 972.65 966.91 968.22 959.19 924.96 910.44 901.76 930.33 964.54 984.70 968.76 938.27 922.26 917.96 893.13 886.84 907.45 909.51 899.50 881.98 854.72 848.09 848.21 843.37 830.86 819.64 831.14 837.56 831.73 838.47 846.90 839.66 824.47 807.57 787.77 796.55 820.99 844.40 808.98 783.21 792.52 768.16 732.65 711.78 706.93 708.99
873.08 877.36 879.17 884.69 880.96 877.45 867.31 865.72 867.80 869.11 884.57 906.68 946.96 979.82 991.24 995.71 965.67 945.47 948.48 942.91 946.20 963.67 973.89 992.89 994.19 987.00 997.33 984.99 973.63 968.05 986.14 974.93 958.64 932.30 902.06 895.75 916.63 932.63 947.34 958.76 908.60 864.83 864.33 843.90 842.42 846.71 845.95 835.54 826.13 831.31 836.58 841.79 843.68 853.38 853.33 838.71 831.28 822.72 835.88 841.10 855.00 838.94 847.48 840.36 784.40 736.46 713.22 714.78 716.37
880.68 886.71 901.48 927.17 917.25 899.61 890.67 880.68 878.78 877.85 883.95 898.09 920.30 947.34 995.91 1022.74 974.87 943.96 931.25 935.08 940.86 960.94 989.82 1008.08 993.26 1002.98 991.11 966.30 952.62 965.70 961.95 916.91 904.80 890.56 870.39 865.38 886.41 917.50 929.75 929.83 903.35 868.94 842.21 829.20 832.21 844.14 846.12 836.08 829.98 835.97 844.00 843.08 842.05 850.13 847.09 843.88 853.75 856.64 856.74 858.80 859.24 856.45 823.96 786.05 753.57 725.12 722.88 722.96 719.02
912.36 913.31 942.14 977.71 965.07 922.98 905.00 901.99 894.33 886.60 890.96 899.39 917.30 940.85 991.46 1019.29 976.43 948.32 920.68 933.15 960.75 967.36 987.78 983.14 968.71 986.55 989.33 963.44 916.55 899.38 888.53 876.53 868.08 867.67 855.62 850.53 869.99 881.29 872.46 872.47 867.89 865.13 840.62 821.11 818.91 829.46 830.78 826.75 829.26 834.43 834.91 834.45 838.22 840.30 846.00 852.31 860.59 863.30 867.45 864.06 828.98 787.94 750.55 732.82 724.74 725.19 725.70 719.58 714.77
976.27 966.34 1005.18 1014.89 992.00 949.45 923.04 916.61 923.13 906.35 903.29 906.86 926.08 948.24 978.55 1005.77 970.83 948.61 923.54 920.57 938.03 940.26 959.27 964.83 951.28 963.64 987.29 997.15 938.07 888.32 868.70 859.63 853.87 850.32 845.59 839.55 839.32 851.71 850.45 837.40 837.36 833.20 827.36 815.80 812.32 816.71 813.24 816.58 831.19 828.64 826.97 832.14 831.56 837.43 844.20 850.90 862.30 862.62 860.13 850.23 812.84 744.56 730.56 729.08 727.55 726.73 720.90 717.02 716.18
1017.10 1008.45 1009.87 1016.80 1016.47 973.45 950.04 935.46 961.64 937.35 925.16 929.10 936.68 956.79 989.82 1023.81 977.77 936.87 917.14 909.57 916.12 928.74 950.37 961.37 932.48 947.56 965.85 991.38 962.30 912.49 885.98 865.39 848.47 841.09 837.47 831.11 825.97 829.44 841.22 828.84 828.16 834.23 833.43 816.86 809.00 806.36 807.95 810.09 820.25 823.68 825.71 829.84 835.77 838.75 840.38 851.20 858.09 863.69 851.75 821.90 774.55 741.82 736.42 735.54 729.03 723.87 721.71 718.02 720.88
1005.60 1004.90 1007.80 1023.31 1030.50 1020.73 1008.56 972.74 988.81 985.06 963.99 967.60 963.15 960.63 999.74 1026.90 977.45 935.53 908.11 901.54 923.13 943.34 962.10 962.04 918.73 918.57 941.67 962.64 973.04 935.78 903.21 869.63 846.17 838.50 833.61 825.82 821.94 821.69 829.13 826.86 825.89 829.86 827.34 819.20 816.24 806.85 803.18 802.77 806.08 813.68 822.43 829.82 836.97 839.11 846.52 854.39 860.50 871.22 871.89 845.10 775.36 747.12 741.86 733.05 729.64 724.63 719.99 718.46 713.91
1020.67 1012.36 1006.59 1012.37 1021.95 1039.52 1033.90 1011.61 997.15 999.57 999.75 1013.39 1012.81 1000.68 1020.06 1021.84 983.18 950.83 918.08 895.07 904.58 931.32 957.87 953.72 917.25 901.05 935.21 948.99 946.08 956.69 914.27 877.70 856.33 839.22 832.17 825.84 821.14 817.75 823.02 829.82 824.59 826.18 821.38 823.80 823.71 813.07 811.71 809.46 800.07 801.58 815.28 824.95 834.40 840.96 849.95 857.31 860.76 869.34 866.12 833.28 775.03 754.67 750.86 745.89 735.48 726.21 723.43 720.30 710.37
1000.62 994.32 1011.07 1013.30 1020.99 1035.22 1039.94 1008.42 974.42 984.11 975.46 1002.31 1004.64 971.10 977.96 996.53 974.80 946.88 927.39 899.64 893.50 911.61 925.28 937.87 919.21 896.81 923.69 908.90 940.97 965.39 916.16 892.59 863.26 843.70 831.99 824.21 818.23 814.26 813.95 820.42 822.92 824.74 822.09 819.45 819.37 812.88 807.56 807.68 804.55 797.50 801.98 815.07 830.85 843.27 846.14 851.01 856.90 867.00 860.63 827.00 790.21 774.58 787.15 787.92 760.88 734.85 730.57 724.79 712.62
983.35 997.53 1024.09 1020.78 1015.69 1013.76 1033.97 1016.31 957.86 960.13 947.43 964.39 977.37 945.35 945.04 957.69 952.10 937.74 931.13 899.08 886.71 894.29 898.35 914.50 912.92 883.95 887.24 883.37 914.07 929.82 915.65 882.66 851.70 843.90 831.93 822.93 817.98 813.02 806.90 806.80 804.64 810.77 817.81 817.89 820.02 818.12 806.04 799.74 806.05 809.34 799.11 804.84 817.61 835.71 849.86 861.02 864.04 867.98 871.09 866.60 843.28 819.23 839.85 839.53 791.29 746.12 731.04 723.08 718.20
1016.98 1022.06 1014.39 1001.15 1005.92 1018.07 1034.15 1025.83 965.65 930.93 933.77 955.58 956.74 923.72 911.27 910.80 917.77 927.42 934.11 908.98 879.56 867.25 879.74 900.99 909.67 895.34 879.77 867.04 879.70 887.00 889.21 867.71 843.38 836.16 827.10 819.43 816.13 814.88 807.40 805.24 799.42 807.40 809.88 812.64 819.39 819.13 808.08 791.84 808.42 818.21 808.57 805.08 806.15 823.19 834.02 849.61 858.05 864.83 865.01 861.61 868.77 853.47 845.07 823.83 779.87 743.50 733.18 729.20 726.17
1010.54 1005.06 987.62 995.51 1015.38 1009.16 1014.00 1023.27 984.38 940.01 914.99 916.12 909.71 896.17 890.25 891.43 909.03 911.37 923.40 940.09 909.06 876.28 864.03 870.28 880.95 911.62 915.86 879.55 859.08 851.28 847.47 841.70 834.52 825.40 822.03 816.22 810.30 812.48 810.52 800.93 797.96 796.70 802.18 810.66 813.55 809.33 796.58 793.44 810.00 813.33 815.89 815.38 810.72 809.30 807.84 819.71 841.32 853.29 840.63 824.13 837.72 846.57 835.95 803.34 768.35 740.15 731.51 728.30 729.11
1004.28 1003.42 979.93 986.09 992.33 1004.48 1017.98 1021.90 994.02 957.09 923.22 898.28 889.34 884.07 882.30 876.92 893.28 899.04 917.96 944.24 920.11 894.10 860.58 849.46 862.70 892.87 916.86 901.47 868.05 846.99 839.49 837.58 832.15 827.70 821.05 814.51 809.45 807.99 811.12 801.94 796.38 794.31 791.57 799.19 804.93 804.85 790.90 783.25 802.65 808.89 815.58 820.29 823.36 808.72 797.16 793.83 821.21 834.70 813.16 812.66 811.92 810.82 816.09 805.13 768.44 739.47 732.71 732.89 726.46
1000.87 1013.32 977.37 978.38 988.07 1011.04 1002.33 1005.77 997.12 969.74 943.17 906.12 888.02 882.73 876.63 871.19 871.44 883.13 902.09 906.89 894.84 879.23 856.45 835.97 843.66 870.22 899.65 892.33 867.88 846.28 836.72 831.75 827.73 825.92 819.22 812.77 809.25 805.04 810.92 803.55 797.02 794.13 787.37 788.22 793.27 802.48 799.37 779.78 790.23 812.73 821.55 821.97 817.65 805.12 790.52 784.15 788.38 799.00 804.51 816.29 807.91 784.52 786.70 788.64 753.73 738.19 735.56 737.51 730.23
989.17 1000.64 983.81 967.14 974.59 992.58 982.13 994.86 989.26 959.16 941.72 907.91 889.19 879.70 876.25 870.66 866.40 865.20 871.27 870.89 867.82 857.29 847.11 838.64 834.36 847.49 878.25 882.29 850.70 835.14 825.48 826.91 824.51 818.84 815.51 810.16 805.60 801.80 803.78 801.73 796.52 796.40 791.40 785.04 781.24 790.68 790.84 773.71 778.83 810.81 823.57 821.17 813.87 806.04 787.84 782.94 784.24 772.80 792.03 814.18 815.01 785.82 755.39 753.33 745.51 743.73 739.63 738.41 737.57
977.56 980.96 982.61 962.01 967.53 965.81 976.86 971.61 946.43 952.85 946.62 911.05 896.68 888.45 884.50 878.38 874.33 866.34 861.75 859.60 858.66 854.63 850.85 842.90 836.82 837.31 854.33 850.58 832.63 824.24 815.14 821.13 820.04 815.98 814.03 811.83 805.84 798.93 795.20 798.11 794.10 788.34 791.10 787.80 783.55 790.08 780.22 769.72 772.09 783.26 793.64 795.46 787.27 790.06 778.37 769.33 776.33 761.25 771.95 806.57 819.94 791.96 750.12 746.10 743.22 746.17 745.99 745.85 743.71
969.73 967.58 964.13 964.97 953.49 965.65 984.94 977.58 949.75 928.17 916.21 905.62 900.23 897.12 892.82 890.64 889.56 885.90 877.46 884.59 880.65 868.56 849.45 843.35 839.31 834.31 832.33 832.38 829.01 827.01 820.46 822.87 823.67 819.02 813.95 815.13 810.21 804.62 797.64 798.25 792.94 786.83 788.71 790.84 793.94 784.38 782.07 782.37 775.27 771.74 772.26 774.98 775.17 771.94 776.39 775.03 777.02 763.06 760.07 793.89 816.10 785.80 746.67 742.43 735.71 738.94 739.93 742.17 748.19
966.37 962.97 959.20 960.92 952.83 955.29 975.84 981.20 978.23 951.24 930.94 930.74 931.17 919.37 908.04 899.84 919.57 921.02 907.30 923.12 914.02 889.14 860.13 851.67 845.71 843.20 834.68 831.55 830.85 824.34 824.70 818.41 813.98 815.69 812.97 813.64 810.44 811.94 809.53 804.03 794.51 786.41 784.89 785.66 785.35 777.43 782.21 781.10 777.91 774.22 772.56 768.77 766.23 763.67 764.51 769.03 773.74 763.50 748.57 774.11 792.45 763.32 743.12 736.14 738.36 744.55 744.06 748.50 749.49
965.05 952.40 954.25 950.80 946.37 948.28 969.18 965.70 958.31 954.23 972.49 974.67 970.55 955.55 939.19 926.68 955.28 957.33 949.20 932.16 891.94 880.20 863.46 858.20 850.10 843.37 836.04 829.67 827.28 820.79 818.68 815.50 812.76 811.05 812.14 808.21 808.81 809.32 812.02 808.51 801.44 797.40 790.74 785.68 783.35 781.55 782.67 782.48 778.91 777.14 774.37 769.27 765.44 763.64 761.58 761.48 762.14 763.04 748.39 751.21 763.76 754.98 749.23 749.19 751.61 751.36 749.66 750.91 750.47
987.97 975.95 960.44 948.89 934.87 944.33 954.97 952.01 940.35 956.08 985.40 996.85 977.26 969.35 961.53 953.66 950.96 936.83 923.27 904.28 878.92 875.25 878.92 880.40 856.53 844.94 839.80 831.58 825.61 822.62 817.64 816.23 819.24 815.38 812.39 809.85 811.32 812.96 809.38 807.94 802.57 798.74 797.84 789.75 781.67 779.84 782.42 782.18 780.44 777.62 769.03 763.16 760.89 754.95 758.15 760.50 760.07 758.24 754.67 754.20 757.85 755.61 753.03 751.86 750.37 750.41 754.27 753.68 748.34
982.98 974.33 969.35 952.22 934.86 927.50 928.04 938.23 940.14 951.02 967.27 994.50 986.41 958.57 951.47 956.17 929.07 906.55 894.62 892.06 882.88 880.47 891.50 900.14 869.43 857.34 850.48 840.23 836.23 831.42 829.22 829.57 826.87 822.74 815.11 812.39 816.02 818.62 813.72 813.73 804.68 794.88 793.50 793.59 791.80 794.27 783.24 785.60 773.94 766.45 767.34 765.08 761.81 756.02 756.56 757.45 755.15 756.59 753.96 754.90 751.64 752.67 748.79 747.88 748.99 749.48 750.67 754.21 748.26
971.62 960.11 959.38 960.49 951.15 938.06 923.97 927.56 929.06 939.60 970.12 981.56 988.63 971.05 948.25 955.50 938.25 922.54 934.71 911.64 896.74 909.84 901.22 904.20 881.14 871.17 860.69 848.17 847.08 840.81 840.96 833.80 832.57 831.20 820.69 819.59 822.02 821.76 819.61 812.46 806.49 797.01 799.84 798.08 798.71 801.18 789.90 786.83 775.96 774.32 770.20 767.66 761.99 758.89 756.84 756.81 755.59 755.04 753.02 751.27 751.06 749.16 746.57 750.29 753.55 751.89 750.04 748.06 744.64
958.16 960.00 938.06 951.18 953.07 942.94 920.86 915.00 918.15 940.12 950.16 960.18 970.24 964.12 944.04 943.14 954.93 953.74 958.78 932.68 945.64 958.68 930.77 911.81 910.56 898.66 867.87 852.91 849.97 847.93 843.97 838.01 831.10 832.99 832.85 831.86 830.92 822.94 819.94 813.95 811.93 808.86 803.91 804.92 797.97 797.03 795.98 790.95 785.92 780.98 778.98 773.00 764.95 759.95 759.95 759.93 757.92 755.97 751.99 751.96 751.98 751.98 755.96 756.98 754.01 750.01 746.03 743.03 741.02
945.57 957.19 949.34 933.87 942.04 949.68 947.76 928.57 904.76 921.34 945.57 950.28 950.69 952.70 941.60 932.90 949.96 967.52 974.18 962.75 953.26 961.27 938.16 934.57 951.62 925.58 881.82 862.69 852.77 853.75 847.63 832.69 818.76 834.27 845.45 842.89 836.32 832.78 831.17 820.41 817.80 818.79 814.81 811.31 803.53 796.60 794.05 793.65 787.42 778.69 773.30 767.00 770.15 767.00 764.59 767.69 769.09 760.24 754.68 757.30 754.28 751.89 752.59 753.61 752.69 749.92 745.99 742.91 740.72
952.69 937.62 939.77 939.31 933.36 949.62 961.99 937.83 908.36 933.01 927.46 933.02 958.77 946.57 935.31 926.06 941.48 969.78 968.09 942.50 941.85 945.56 932.31 933.84 937.73 925.99 883.44 866.21 862.78 861.21 855.31 847.89 840.71 852.87 855.69 849.01 854.68 855.52 840.85 824.08 827.80 823.57 816.37 810.97 806.43 803.70 797.30 789.52 781.10 777.22 771.31 772.95 783.36 779.65 771.33 772.16 777.58 766.15 763.47 759.18 756.24 751.41 748.99 749.45 749.05 748.56 746.36 741.65 737.69
952.97 939.67 928.51 926.35 917.63 934.75 946.48 927.41 894.95 912.35 908.31 923.16 954.75 952.89 927.53 924.93 936.32 952.47 975.28 945.68 946.28 935.44 920.40 914.00 919.09 931.86 896.16 876.65 872.61 868.31 869.22 871.22 869.22 869.89 866.07 870.82 890.43 885.84 855.12 839.32 841.14 830.84 815.48 811.42 807.54 804.80 801.92 794.33 785.79 780.45 787.83 787.72 793.12 799.88 786.06 780.54 785.61 790.95 777.36 767.75 757.29 752.55 747.42 747.07 746.79 745.45 745.60 741.51 739.32
950.63 957.21 946.03 928.50 931.20 924.31 913.61 901.71 884.49 890.02 903.64 931.84 944.25 946.69 919.80 912.85 917.84 944.78 967.44 949.34 933.56 944.52 916.29 900.67 911.14 931.81 920.27 902.97 891.54 889.59 909.77 920.00 908.89 890.59 893.02 925.92 929.51 892.89 872.06 857.57 837.51 836.65 818.77 812.48 807.66 807.81 806.07 798.08 788.99 787.60 803.22 804.94 798.56 804.69 799.84 797.26 794.46 804.77 798.60 795.48 782.88 759.04 751.32 753.52 747.07 739.48 740.23 740.01 740.54
960.19 958.88 959.21 942.53 952.65 941.54 931.58 910.41 887.44 878.79 902.72 923.41 920.25 924.59 913.34 902.29 908.67 929.06 937.40 937.41 916.95 934.73 905.49 895.17 909.63 919.36 924.10 935.06 939.97 945.32 940.98 941.27 943.00 929.04 928.71 940.03 910.69 871.78 849.28 841.76 824.09 824.17 812.17 807.66 804.84 803.22 809.34 805.79 795.03 788.76 794.28 800.68 804.14 804.27 804.53 816.00 819.40 813.43 822.02 815.58 805.87 771.47 755.38 752.07 745.93 740.65 739.96 740.63 739.40
