Instances/GulfOfAkaba/GMRTv3_3_20170610topo.asc
ncols 347
nrows 823
xllcorner 34.336669921875
yllcorner 27.844904818229715
cellsize 0.002197265625
nodata_value -2147483648
[rows 620 to 650 of 823, columns 0 to 68 of 347]
558.74 555.60 522.96 524.94 484.29 445.73 459.07 465.18 410.56 378.70 369.14 415.77 489.64 489.12 422.66 372.95 358.60 381.46 426.32 451.40 467.69 478.62 455.66 447.45 411.75 350.46 312.60 266.01 196.00 141.49 102.76 60.63 69.73 39.64 18.72 4.08 -7.62 -19.73 -31.89 -42.74 -54.08 -67.75 -84.20 -102.47 -122.24 -143.18 -165.35 -188.88 -213.52 -239.06 -265.54 -293.03 -321.38 -350.42 -380.35 -411.16 -442.43 -473.72 -505.29 -537.25 -568.93 -599.65 -629.50 -658.75 -686.99 -713.83 -739.89 -765.14 -788.19
700.99 676.82 628.19 646.55 615.59 564.48 537.10 512.90 494.62 449.60 459.70 531.98 548.09 537.67 499.43 501.93 478.15 475.22 497.41 516.90 519.30 463.04 403.46 367.37 305.14 255.08 225.68 209.96 204.96 199.06 181.19 94.52 68.10 40.49 19.56 4.92 -6.79 -18.93 -31.12 -42.00 -53.43 -67.28 -84.01 -102.65 -122.86 -144.33 -167.11 -191.35 -216.76 -243.07 -270.36 -298.72 -327.93 -357.77 -388.43 -419.96 -451.88 -483.74 -515.81 -548.19 -580.22 -611.21 -641.24 -670.59 -698.86 -725.64 -751.56 -776.60 -799.36
821.83 770.45 744.32 743.09 707.48 655.13 637.59 625.63 547.43 524.87 571.66 624.89 608.93 551.17 544.09 529.12 473.32 446.39 464.27 451.94 435.48 392.09 352.80 333.48 321.23 303.46 300.06 289.41 258.27 213.47 162.57 100.38 21.31 41.55 20.98 6.58 -4.98 -17.01 -29.13 -39.99 -51.48 -65.49 -82.48 -101.46 -122.13 -144.15 -167.66 -192.74 -219.07 -246.29 -274.49 -303.79 -333.92 -364.61 -396.05 -428.30 -460.90 -493.42 -526.16 -559.20 -591.81 -623.26 -653.58 -683.10 -711.47 -738.36 -764.51 -789.81 -812.69
771.35 749.71 729.08 667.73 646.80 655.54 691.14 686.58 625.64 663.19 721.42 719.16 659.54 611.03 551.26 472.02 413.50 398.39 411.41 386.13 376.70 388.60 383.11 353.18 317.98 291.59 280.19 261.69 236.21 180.80 140.25 97.98 33.77 42.60 22.74 8.81 -2.44 -14.24 -26.20 -37.02 -48.57 -62.73 -79.98 -99.31 -120.44 -143.06 -167.34 -193.36 -220.68 -248.87 -278.03 -308.30 -339.38 -370.96 -403.20 -436.17 -469.47 -502.70 -536.19 -570.01 -603.35 -635.36 -666.03 -695.74 -724.25 -751.33 -777.89 -803.72 -826.95
638.55 625.36 594.69 554.79 551.03 566.04 623.90 696.04 728.88 756.35 785.44 740.81 686.89 645.90 585.79 482.06 398.84 398.41 434.22 406.55 341.41 317.97 321.92 285.62 267.11 250.90 257.41 230.62 208.05 182.02 150.10 102.93 32.18 42.80 23.90 10.64 -0.14 -11.62 -23.40 -34.22 -45.89 -60.25 -77.75 -97.43 -119.00 -142.17 -167.16 -194.01 -222.24 -251.32 -281.35 -312.52 -344.49 -376.90 -409.89 -443.57 -477.56 -511.47 -545.69 -580.26 -614.27 -646.79 -677.74 -707.56 -736.11 -763.27 -790.06 -816.20 -839.61
552.56 527.88 506.90 478.06 475.57 518.47 604.57 657.87 680.19 670.99 690.21 662.02 622.89 567.41 543.04 458.62 374.37 370.65 439.03 406.37 317.51 271.23 265.38 268.58 256.00 231.10 207.82 193.95 172.91 146.44 116.61 101.06 43.15 41.31 23.65 11.30 1.17 -9.87 -21.49 -32.41 -44.33 -58.98 -76.76 -96.78 -118.76 -142.40 -167.94 -195.41 -224.29 -254.05 -284.78 -316.68 -349.38 -382.49 -416.16 -450.51 -485.14 -519.63 -554.43 -589.57 -624.05 -656.88 -687.93 -717.68 -746.07 -773.03 -799.59 -825.43 -848.49
488.51 459.55 450.16 431.13 439.13 486.86 558.55 557.93 554.23 542.54 559.16 545.37 523.07 467.30 436.80 376.55 324.98 359.02 438.81 374.88 302.78 258.17 226.56 235.77 241.76 229.69 201.93 187.32 159.41 150.50 129.31 88.89 40.78 38.12 22.06 10.93 1.67 -8.80 -20.24 -31.36 -43.68 -58.68 -76.78 -97.17 -119.55 -143.60 -169.55 -197.45 -226.78 -257.02 -288.28 -320.76 -354.04 -387.74 -422.01 -456.98 -492.19 -527.18 -562.42 -597.93 -632.69 -665.64 -696.63 -726.17 -754.22 -780.73 -806.63 -831.63 -853.85
436.77 405.85 415.27 412.16 423.38 458.71 451.17 433.02 438.73 431.54 432.77 462.86 442.14 393.44 350.51 310.57 302.52 369.83 394.74 337.07 305.90 269.10 225.02 192.37 208.95 213.05 188.70 182.77 177.25 169.34 152.50 129.24 59.10 34.27 19.94 10.14 1.84 -8.00 -19.27 -30.64 -43.39 -58.77 -77.17 -97.89 -120.62 -145.02 -171.29 -199.52 -229.20 -259.83 -291.55 -324.52 -358.33 -392.57 -427.41 -462.98 -498.77 -534.26 -569.91 -605.81 -640.83 -673.85 -704.70 -733.94 -761.53 -787.46 -812.53 -836.48 -857.71
386.30 379.70 400.66 403.18 431.55 473.99 425.72 377.75 352.25 344.48 360.27 395.22 373.31 330.63 322.17 277.10 284.09 335.61 354.87 290.22 257.06 249.30 215.78 164.64 159.07 190.30 176.79 153.56 164.61 139.23 113.80 98.05 46.51 30.94 18.12 9.50 2.06 -7.23 -18.34 -29.94 -43.07 -58.77 -77.37 -98.30 -121.26 -145.92 -172.48 -201.02 -231.05 -262.08 -294.25 -327.73 -362.08 -396.88 -432.32 -468.53 -504.95 -541.01 -577.24 -613.70 -649.16 -682.37 -713.08 -741.93 -768.99 -794.33 -818.66 -841.70 -862.09
377.46 382.91 388.94 421.34 452.89 447.41 415.03 395.99 366.79 304.58 285.79 309.91 295.67 276.83 280.26 237.40 227.82 256.18 296.41 264.98 224.97 210.39 205.34 161.98 133.19 152.54 165.11 141.87 142.46 103.82 56.03 53.70 21.78 28.41 16.65 9.07 2.42 -6.33 -17.29 -29.06 -42.48 -58.40 -77.08 -98.05 -121.08 -145.90 -172.74 -201.63 -232.08 -263.57 -296.25 -330.30 -365.26 -400.69 -436.81 -473.75 -510.91 -547.69 -584.75 -622.13 -658.35 -691.91 -722.44 -750.71 -777.03 -801.68 -825.31 -847.58 -867.30
374.92 408.23 395.05 392.50 362.46 352.58 347.37 335.37 351.61 302.64 256.73 239.87 223.49 232.92 260.00 232.47 193.29 188.61 218.53 195.68 169.36 161.62 169.58 160.38 129.73 112.56 116.20 99.55 88.05 53.27 30.42 22.06 14.16 20.80 15.27 8.66 2.77 -5.48 -16.29 -28.21 -41.90 -57.98 -76.64 -97.54 -120.52 -145.42 -172.49 -201.72 -232.57 -264.52 -297.71 -332.34 -367.93 -404.03 -440.86 -478.56 -516.51 -554.11 -592.15 -630.64 -667.79 -701.81 -732.11 -759.67 -785.10 -808.98 -831.92 -853.46 -872.57
369.46 378.42 363.59 338.12 318.63 288.29 275.23 273.43 293.00 261.47 242.60 225.64 205.57 203.48 221.54 206.59 178.12 149.79 149.04 137.98 133.69 124.83 115.28 114.48 112.37 101.40 87.70 67.32 52.43 62.07 64.52 34.93 24.71 6.78 14.28 8.39 3.04 -4.87 -15.62 -27.73 -41.67 -57.90 -76.53 -97.30 -120.17 -145.09 -172.31 -201.78 -232.94 -265.25 -298.86 -333.97 -370.09 -406.78 -444.25 -482.65 -521.34 -559.70 -598.65 -638.16 -676.18 -710.67 -740.85 -767.89 -792.64 -815.95 -838.42 -859.48 -878.20
352.85 342.73 324.63 288.85 278.18 258.39 230.66 225.76 220.69 208.17 202.91 196.42 191.78 183.41 185.20 172.33 154.87 149.20 145.98 142.48 123.46 111.84 103.24 102.42 96.79 88.91 81.07 72.31 84.49 108.81 81.74 42.11 30.75 10.30 13.95 8.38 3.16 -4.71 -15.55 -27.94 -42.17 -58.58 -77.19 -97.84 -120.58 -145.45 -172.71 -202.26 -233.56 -266.07 -299.93 -335.33 -371.81 -408.91 -446.86 -485.81 -525.08 -564.02 -603.62 -643.84 -682.48 -717.38 -747.67 -774.59 -799.17 -822.38 -844.83 -865.88 -884.66
334.32 301.68 276.36 258.83 247.65 242.67 234.34 231.18 234.76 240.70 246.05 253.03 263.37 228.85 185.12 172.67 182.35 212.27 219.59 203.41 161.18 150.89 132.65 147.63 139.85 130.87 127.43 119.44 110.25 92.05 53.05 26.28 12.63 6.77 14.26 8.60 3.12 -5.00 -16.11 -28.85 -43.42 -60.03 -78.63 -99.15 -121.72 -146.46 -173.66 -203.17 -234.46 -267.01 -300.96 -336.49 -373.15 -410.49 -448.78 -488.13 -527.84 -567.20 -607.20 -647.82 -686.86 -722.13 -752.72 -779.92 -804.78 -828.34 -851.23 -872.78 -892.10
311.99 284.01 272.69 287.16 290.05 289.98 304.64 307.84 303.53 315.88 346.57 365.17 332.28 271.69 210.48 211.32 236.55 271.63 313.67 266.55 221.76 215.14 178.40 164.74 155.08 153.90 144.18 135.07 105.33 61.62 35.10 19.32 8.98 5.08 15.65 8.99 3.02 -5.52 -16.98 -30.11 -45.01 -61.80 -80.38 -100.75 -123.10 -147.66 -174.71 -204.06 -235.22 -267.69 -301.62 -337.17 -373.91 -411.40 -449.94 -489.62 -529.70 -569.42 -609.72 -650.63 -689.99 -725.63 -756.66 -784.35 -809.74 -833.88 -857.42 -879.68 -899.70
298.68 296.78 360.56 417.91 402.28 399.50 439.19 429.53 385.05 390.40 423.39 387.17 322.57 304.07 263.76 290.60 301.03 295.52 328.21 295.04 273.90 256.99 207.73 166.01 140.26 131.46 131.46 118.51 80.42 51.09 33.97 18.96 8.96 4.96 4.03 9.55 2.96 -6.03 -17.83 -31.29 -46.47 -63.39 -81.94 -102.13 -124.25 -148.58 -175.40 -204.49 -235.40 -267.70 -301.52 -337.02 -373.77 -411.37 -450.16 -490.21 -530.69 -570.79 -611.45 -652.71 -692.44 -728.50 -760.04 -788.30 -814.27 -838.99 -863.06 -885.85 -906.42
343.65 389.47 477.86 547.49 523.57 504.55 545.38 519.66 472.32 451.78 402.21 365.67 378.13 353.26 318.38 328.55 319.07 316.75 305.25 267.20 232.25 218.23 201.93 163.24 134.52 117.18 105.26 92.26 70.57 52.05 36.07 22.23 12.37 8.30 14.18 7.03 3.00 -6.58 -18.75 -32.55 -47.97 -65.02 -83.55 -103.59 -125.48 -149.56 -176.06 -204.76 -235.29 -267.30 -300.92 -336.27 -372.96 -410.61 -449.60 -489.98 -530.86 -571.32 -612.24 -653.74 -693.76 -730.25 -762.43 -791.47 -818.24 -843.61 -868.11 -891.18 -912.04
459.72 460.73 559.80 635.39 621.50 598.32 629.61 567.11 493.83 426.13 402.96 428.99 417.98 400.04 382.41 342.52 323.33 322.83 299.44 266.04 231.03 202.96 178.00 152.03 129.82 112.65 95.69 82.65 68.77 51.51 36.65 25.81 17.92 12.66 12.11 9.27 3.07 -7.21 -19.79 -33.91 -49.56 -66.73 -85.22 -105.12 -126.78 -150.57 -176.66 -204.85 -234.88 -266.48 -299.80 -334.91 -371.44 -409.07 -448.23 -488.93 -530.16 -570.95 -612.10 -653.77 -694.03 -730.95 -763.88 -793.89 -821.64 -847.78 -872.67 -895.91 -916.98
597.03 579.87 636.48 700.17 705.62 687.48 673.89 598.81 514.73 465.80 471.25 476.46 474.05 440.29 385.58 334.55 308.18 279.68 250.54 231.53 213.27 194.04 179.86 145.49 124.81 106.12 89.94 77.69 63.30 51.31 42.36 35.46 27.86 21.83 19.66 11.13 3.15 -7.67 -20.51 -34.80 -50.52 -67.66 -86.02 -105.68 -127.03 -150.44 -176.07 -203.68 -233.14 -264.31 -297.29 -332.12 -368.51 -406.16 -445.56 -486.69 -528.45 -569.78 -611.47 -653.73 -694.61 -732.15 -765.76 -796.50 -824.91 -851.56 -876.68 -899.94 -921.05
646.55 680.51 699.28 681.73 684.72 683.29 648.94 621.40 586.19 557.72 539.00 511.49 478.17 425.82 366.87 308.47 265.49 240.87 222.10 209.65 191.34 169.02 153.42 133.52 115.33 99.51 84.45 72.92 62.16 54.04 47.14 37.72 30.39 23.93 20.53 13.44 3.08 -7.70 -20.49 -34.65 -50.18 -67.07 -85.11 -104.38 -125.28 -148.24 -173.35 -200.40 -229.33 -260.10 -292.81 -327.44 -363.78 -401.62 -441.50 -483.34 -525.99 -568.32 -611.28 -655.06 -697.37 -735.91 -769.93 -800.70 -828.97 -855.48 -880.43 -903.44 -924.33
593.01 616.51 616.44 586.73 559.09 569.80 571.18 582.26 554.78 531.81 518.07 463.51 414.37 383.88 327.35 292.50 261.44 247.15 229.71 214.41 200.29 166.63 137.35 118.14 105.87 91.45 79.61 68.87 58.40 49.83 44.82 38.24 28.46 20.51 14.96 10.41 5.15 -7.29 -19.73 -33.48 -48.57 -64.99 -82.52 -101.25 -121.60 -144.05 -168.64 -195.15 -223.62 -254.09 -286.62 -321.17 -357.63 -395.89 -436.53 -479.40 -523.33 -567.17 -612.22 -658.56 -703.20 -743.16 -777.30 -807.32 -834.52 -860.14 -884.46 -906.81 -927.13
517.62 475.11 482.29 493.49 447.00 471.56 509.45 515.68 471.05 437.81 484.38 429.07 345.87 304.90 276.54 279.12 259.91 227.00 203.14 208.13 202.84 164.39 127.18 107.98 95.33 83.70 72.33 63.07 54.76 44.84 37.36 31.74 25.88 20.43 11.29 7.39 6.22 -6.69 -18.58 -31.73 -46.19 -61.99 -78.88 -96.94 -116.64 -138.47 -162.44 -188.34 -216.28 -246.39 -278.68 -313.08 -349.62 -388.32 -429.78 -473.78 -519.15 -564.70 -612.15 -661.46 -708.80 -750.36 -784.54 -813.57 -839.38 -863.90 -887.47 -909.11 -928.78
487.97 426.18 386.94 388.18 382.10 426.17 446.91 444.82 387.50 400.88 438.14 401.54 365.65 292.63 227.34 221.76 215.40 199.16 186.41 178.71 179.31 143.72 115.86 96.69 84.71 72.67 64.59 57.50 49.47 40.32 32.31 24.33 19.38 13.47 10.14 4.92 3.53 -6.19 -17.42 -29.88 -43.61 -58.66 -74.78 -92.05 -110.95 -131.99 -155.14 -180.19 -207.35 -236.83 -268.57 -302.50 -338.79 -377.65 -419.72 -464.69 -511.34 -558.42 -607.98 -659.89 -709.64 -752.71 -787.11 -815.53 -840.41 -864.23 -887.45 -908.81 -928.24
419.32 421.75 367.20 324.45 320.93 339.16 370.62 349.10 315.64 371.52 370.98 359.54 304.10 270.30 213.77 182.99 170.78 163.67 185.96 162.94 139.38 118.06 102.35 88.57 74.65 65.76 55.71 48.71 41.70 35.74 27.74 21.82 15.83 8.87 6.89 10.31 2.88 -5.90 -16.32 -27.95 -40.82 -54.99 -70.22 -86.55 -104.50 -124.57 -146.67 -170.62 -196.73 -225.30 -256.21 -289.37 -325.13 -363.86 -406.28 -451.99 -499.68 -548.01 -599.33 -653.42 -705.23 -749.67 -784.46 -812.60 -837.01 -860.57 -883.89 -905.49 -925.11
347.39 375.59 381.24 358.66 305.92 283.60 309.57 287.42 256.23 301.67 316.00 339.79 258.43 227.94 214.11 179.47 164.17 145.44 146.80 134.63 114.40 104.53 90.44 79.74 70.11 62.03 52.46 45.47 37.19 30.59 22.60 17.48 12.54 7.81 5.72 8.27 2.06 -5.70 -15.14 -25.80 -37.68 -50.83 -65.02 -80.29 -97.15 -116.08 -136.95 -159.60 -184.43 -211.88 -241.74 -273.89 -308.89 -347.30 -389.92 -436.23 -484.83 -534.30 -587.20 -643.30 -697.03 -742.81 -778.06 -806.13 -830.29 -853.83 -877.56 -899.74 -919.86
314.55 323.18 340.19 375.24 345.61 304.80 269.93 254.77 239.42 239.71 259.15 294.74 254.58 205.57 199.28 175.78 153.65 131.11 116.67 107.37 98.58 90.41 82.14 72.72 64.30 55.26 48.52 41.30 33.70 29.21 20.88 15.71 10.64 6.67 6.62 6.52 1.28 -5.49 -13.99 -23.65 -34.52 -46.59 -59.64 -73.73 -89.35 -106.97 -126.40 -147.49 -170.77 -196.77 -225.16 -255.80 -289.55 -327.25 -369.83 -416.61 -466.00 -516.40 -570.48 -628.06 -683.27 -730.26 -766.31 -794.94 -819.61 -843.77 -868.40 -891.64 -912.70
296.65 283.86 288.78 333.37 364.16 340.19 309.07 298.07 274.77 247.27 216.52 224.91 237.79 200.97 174.46 150.87 132.13 115.99 104.40 97.32 88.11 80.51 72.64 65.73 59.71 49.97 42.69 33.61 29.61 25.39 16.55 13.24 9.14 5.54 8.27 5.48 0.83 -5.26 -12.97 -21.76 -31.64 -42.62 -54.47 -67.26 -81.46 -97.53 -115.24 -134.47 -155.82 -179.88 -206.12 -234.45 -266.15 -302.51 -344.72 -391.81 -441.83 -492.84 -547.36 -605.43 -661.32 -709.28 -746.76 -777.15 -803.70 -829.63 -855.97 -880.93 -903.57
342.18 284.63 260.48 300.95 342.40 360.95 351.67 347.89 350.54 311.61 233.23 189.46 191.62 188.30 164.68 140.80 126.56 111.16 100.61 91.94 79.68 72.58 64.25 58.02 53.88 47.14 37.02 28.02 21.59 18.47 12.85 9.57 6.66 4.33 4.06 5.09 0.63 -5.07 -12.14 -20.15 -29.08 -38.93 -49.48 -60.80 -73.35 -87.58 -103.24 -120.22 -139.16 -160.71 -184.04 -209.14 -237.89 -272.20 -313.63 -360.81 -411.25 -462.44 -516.52 -573.89 -629.45 -678.11 -717.76 -751.36 -781.44 -810.51 -839.53 -867.06 -892.03
329.49 286.99 253.80 291.96 318.91 340.74 310.69 312.15 366.61 347.81 276.22 229.31 193.14 168.19 152.80 137.93 123.06 108.72 98.54 92.05 82.85 75.01 62.74 52.67 47.29 39.73 30.91 24.30 18.73 15.53 13.19 8.52 5.59 3.76 4.75 5.08 0.62 -4.81 -11.34 -18.60 -26.58 -35.28 -44.47 -54.23 -65.00 -77.24 -90.67 -105.19 -121.47 -140.20 -160.19 -181.54 -206.84 -238.71 -279.14 -326.31 -377.08 -428.29 -481.54 -537.70 -592.52 -641.75 -683.90 -721.34 -755.69 -788.52 -820.69 -851.19 -878.91
272.84 257.30 235.89 255.86 271.50 291.19 265.24 252.69 287.79 301.48 321.98 280.62 225.15 182.88 149.65 128.76 119.59 107.22 96.42 91.49 83.58 72.76 61.34 49.15 41.07 37.64 30.37 27.06 23.23 19.38 17.55 14.50 10.59 6.73 5.01 5.31 0.86 -4.31 -10.30 -16.84 -23.91 -31.49 -39.35 -47.59 -56.63 -66.92 -78.19 -90.32 -104.03 -120.00 -136.71 -154.33 -176.22 -205.70 -245.22 -292.48 -343.70 -395.10 -447.85 -503.23 -557.67 -607.60 -652.00 -692.79 -730.84 -767.02 -802.05 -835.30 -865.64
286.00 239.99 225.99 236.97 217.96 221.95 212.96 216.97 224.96 241.96 283.95 269.96 219.98 170.99 155.00 129.00 111.99 103.99 91.00 82.99 73.99 65.00 58.00 51.00 48.01 44.01 41.01 39.01 30.00 25.00 20.00 14.00 10.00 7.00 5.00 5.78 1.39 -3.50 -8.96 -14.79 -20.95 -27.41 -33.93 -40.61 -47.89 -56.25 -65.40 -75.24 -86.45 -99.72 -113.09 -126.89 -145.31 -172.49 -211.36 -259.08 -311.23 -363.38 -416.41 -472.00 -526.90 -577.89 -624.15 -667.40 -708.15 -746.92 -784.36 -820.01 -852.77
