Instances/GulfOfAkaba/GMRTv3_3_20170610topo.asc
ncols 347
nrows 823
xllcorner 34.336669921875
yllcorner 27.844904818229715
cellsize 0.002197265625
nodata_value -2147483648
[rows 310 to 340 of 823, columns 207 to 275 of 347]
-719.53 -697.42 -670.23 -636.28 -596.64 -554.32 -512.35 -470.47 -427.42 -384.73 -343.95 -304.87 -266.90 -230.89 -197.74 -167.32 -139.29 -114.16 -92.48 -75.28 -62.00 -50.68 -39.39 -27.72 -17.47 5.17 8.46 10.34 9.66 14.32 19.05 24.87 29.66 34.72 44.47 55.00 64.14 71.57 83.47 93.47 101.53 110.44 122.14 133.02 143.90 160.42 175.94 191.63 205.58 226.47 254.38 275.31 293.61 305.76 334.95 381.82 419.48 457.63 477.36 458.37 473.37 525.30 540.81 537.17 542.17 545.43 544.61 599.92 642.85
-708.47 -683.92 -654.69 -619.23 -578.40 -535.06 -492.03 -448.92 -404.62 -360.84 -319.32 -279.94 -241.96 -206.23 -173.59 -143.92 -116.87 -93.01 -72.90 -57.86 -47.19 -38.48 -29.27 -19.01 1.72 6.78 10.83 9.11 11.87 16.79 22.73 28.69 36.44 42.33 49.49 56.65 69.67 79.46 87.66 97.62 107.39 117.36 128.35 140.32 151.36 160.76 173.85 189.88 206.50 232.28 273.79 323.57 351.42 354.81 364.83 422.43 497.91 519.41 553.67 559.37 562.60 589.82 607.57 553.82 490.05 486.16 505.59 542.01 547.13
-698.17 -671.37 -640.17 -603.13 -560.97 -516.43 -472.21 -427.80 -382.18 -337.26 -294.99 -255.25 -217.22 -181.76 -149.75 -121.07 -95.38 -73.17 -54.91 -42.14 -34.12 -27.98 -20.85 -11.99 5.05 9.07 12.00 7.98 12.00 18.99 25.03 32.07 41.11 48.15 54.15 62.15 70.06 82.09 92.17 103.19 115.22 124.24 135.24 146.20 156.19 167.28 181.30 194.31 215.71 262.22 321.81 359.92 330.00 332.21 350.32 391.74 433.88 450.82 506.09 558.98 569.52 526.69 565.49 539.04 459.50 459.50 463.98 470.47 464.56
-688.90 -660.25 -627.29 -588.57 -544.80 -498.71 -453.01 -407.11 -359.99 -313.78 -270.60 -230.32 -192.04 -156.73 -125.34 -97.89 -73.95 -53.81 -37.75 -27.49 -22.32 -18.94 -14.05 -6.80 6.06 11.28 10.67 8.25 12.66 17.25 25.24 33.14 42.94 51.29 58.49 65.42 73.55 85.55 97.69 108.81 120.81 132.07 143.21 153.28 163.26 177.18 191.29 207.80 245.41 295.53 315.59 320.45 298.75 312.28 328.24 352.22 377.01 396.01 447.71 502.31 476.94 449.11 456.52 436.49 397.78 395.37 390.23 396.52 403.09
-680.17 -649.86 -615.22 -574.76 -529.22 -481.40 -434.08 -386.56 -337.85 -290.25 -246.08 -205.17 -166.55 -131.32 -100.61 -74.59 -52.71 -34.98 -21.40 -13.84 -11.67 -11.17 -8.62 -3.06 6.00 11.61 8.82 10.22 17.26 20.79 27.72 35.14 42.96 52.54 60.29 67.54 76.65 88.65 100.44 112.90 124.90 136.69 148.80 159.91 170.16 181.97 197.86 214.73 239.97 258.59 265.95 281.13 291.86 299.80 314.17 327.27 338.29 367.48 402.15 411.06 371.31 357.60 354.51 359.08 365.47 372.59 392.41 418.11 426.51
-671.90 -639.67 -603.20 -561.00 -513.80 -464.42 -415.64 -366.68 -316.57 -267.80 -222.88 -181.61 -142.93 -108.11 -78.37 -54.13 -34.71 -19.69 -8.68 -3.62 -4.03 -5.91 -5.23 -0.96 6.00 8.44 9.34 13.81 18.43 22.02 29.02 39.06 47.46 55.27 62.66 71.30 79.79 91.96 101.92 113.62 125.68 136.61 148.21 158.75 170.45 183.08 197.07 207.97 213.38 228.86 246.01 260.73 263.98 265.23 273.92 280.67 293.47 308.97 315.66 317.87 323.81 333.35 353.28 367.72 391.55 418.57 448.34 488.47 500.24
-663.82 -629.02 -590.37 -546.50 -498.00 -447.53 -397.75 -347.76 -296.68 -247.20 -202.01 -160.88 -122.69 -88.81 -60.57 -38.74 -22.47 -10.69 -2.35 0.70 -1.39 -4.58 -4.82 -0.95 6.00 7.35 11.39 17.35 19.43 23.05 29.98 41.22 50.97 59.61 67.58 75.21 83.95 94.04 103.58 113.66 125.10 136.03 146.34 156.52 166.80 177.95 186.77 194.66 201.65 209.40 221.51 235.83 247.04 249.84 258.19 265.91 283.71 296.53 321.81 346.30 367.48 373.62 374.95 390.46 431.09 474.40 504.85 535.69 569.24
-655.78 -617.78 -576.62 -531.16 -481.71 -430.63 -380.29 -329.64 -277.98 -228.18 -183.14 -142.57 -105.30 -72.81 -46.59 -27.90 -15.66 -7.85 -2.45 -1.00 -3.90 -7.35 -7.58 -3.27 6.00 9.48 11.25 16.41 19.92 26.30 34.03 43.50 52.94 62.03 70.83 79.31 86.60 95.39 105.55 113.15 123.33 135.34 145.46 152.99 159.91 169.70 180.86 191.89 204.83 218.52 235.12 262.77 279.08 284.57 286.73 295.28 318.45 332.87 334.62 363.23 394.08 418.01 415.54 403.18 435.82 481.66 528.42 558.01 605.35
-648.47 -607.00 -563.18 -516.12 -465.80 -414.25 -363.50 -312.38 -260.35 -210.51 -165.89 -126.25 -90.31 -59.61 -35.69 -20.30 -12.17 -8.31 -5.71 -5.59 -8.89 -12.15 -11.95 -6.83 6.00 12.04 11.16 13.24 18.10 28.75 37.69 45.79 51.90 60.01 69.19 79.13 87.98 98.89 107.07 113.93 123.96 133.13 141.23 148.93 161.47 173.29 188.06 201.90 217.75 230.87 251.19 271.06 288.12 304.41 320.44 328.94 337.86 358.20 365.02 361.49 378.55 408.81 435.21 446.68 446.58 455.90 482.04 511.96 546.29
-642.79 -597.95 -551.48 -502.70 -451.29 -399.06 -347.81 -296.21 -243.90 -194.13 -150.14 -111.81 -77.73 -49.24 -27.65 -14.98 -9.97 -9.03 -8.55 -9.56 -13.31 -16.57 -16.09 -10.24 6.04 7.95 6.95 12.00 19.10 32.05 41.05 48.08 56.11 63.12 68.07 77.98 86.98 96.95 103.93 113.96 122.98 133.02 142.16 155.25 169.28 182.32 198.30 213.27 230.25 244.33 254.24 270.06 286.02 303.95 319.13 340.52 373.45 400.74 389.98 400.37 417.33 417.11 441.17 486.38 506.09 516.54 530.27 585.46 613.03
-639.44 -591.25 -542.06 -491.30 -438.46 -385.22 -333.27 -281.17 -228.67 -179.17 -136.10 -99.67 -68.29 -42.68 -23.54 -12.81 -9.52 -10.06 -10.81 -12.82 -17.36 -21.07 -20.60 -14.06 8.00 8.65 7.93 13.07 23.14 31.89 40.76 50.03 57.87 65.80 71.99 78.04 86.89 95.69 103.11 111.88 123.13 134.15 149.42 162.50 177.86 191.90 205.90 219.06 234.10 251.01 265.11 275.26 290.84 305.18 333.88 365.14 426.41 462.22 426.14 445.96 508.96 529.86 509.18 532.28 572.67 607.40 613.57 651.21 715.46
-637.72 -586.15 -534.18 -481.30 -426.84 -372.44 -319.73 -267.19 -214.61 -165.57 -123.68 -89.61 -61.53 -39.30 -22.75 -13.50 -11.10 -12.22 -13.57 -16.39 -21.74 -26.01 -25.61 -18.31 6.61 6.06 6.96 12.75 21.39 30.46 38.39 48.14 55.67 62.56 69.60 77.15 85.36 93.60 103.22 112.00 124.22 135.96 148.75 164.10 180.68 194.93 210.33 225.23 240.73 255.62 268.83 287.75 313.13 338.30 379.03 420.95 489.78 522.18 472.89 513.73 570.92 623.95 606.84 596.11 646.98 708.53 696.28 697.35 769.44
-636.32 -581.70 -527.19 -472.32 -416.28 -360.70 -307.22 -254.24 -201.57 -152.96 -112.18 -80.39 -55.54 -36.56 -22.40 -14.36 -12.47 -13.81 -15.42 -18.69 -24.46 -29.01 -28.61 -20.85 6.39 7.01 6.60 11.53 19.41 27.55 35.67 45.12 53.74 61.19 68.59 74.86 83.87 92.42 100.63 111.83 121.77 137.68 152.08 168.46 183.33 198.91 214.64 228.06 241.98 256.58 270.65 291.78 318.89 354.48 400.53 458.57 524.04 556.27 524.06 563.07 639.12 684.03 681.78 678.91 713.65 761.24 761.00 756.88 793.79
-634.19 -577.17 -520.63 -464.12 -406.71 -350.07 -295.90 -242.53 -189.77 -141.49 -101.59 -71.59 -49.25 -32.81 -20.51 -13.42 -11.96 -13.41 -15.07 -18.21 -23.63 -27.82 -27.29 -19.75 7.19 7.71 5.25 10.32 19.03 25.37 32.03 41.51 50.03 58.00 66.61 74.29 83.93 92.44 102.76 113.54 123.82 137.15 157.45 172.04 186.97 202.46 216.21 229.94 243.31 256.63 270.56 285.27 300.66 322.77 361.90 395.91 439.60 461.08 480.79 507.15 558.25 611.79 636.40 632.25 654.12 684.98 714.94 727.80 740.73
-631.52 -572.74 -514.66 -456.82 -398.22 -340.63 -285.86 -232.23 -179.52 -131.62 -92.44 -63.79 -43.33 -28.75 -17.75 -11.23 -9.92 -11.23 -12.58 -14.99 -19.27 -22.50 -21.74 -15.11 5.26 7.23 5.63 10.05 18.48 23.59 30.27 38.38 48.20 57.00 66.82 74.63 84.73 94.62 105.53 118.92 131.88 142.67 159.57 173.07 189.08 203.40 215.41 227.70 240.61 253.44 268.24 284.29 299.15 313.43 333.63 347.33 366.97 375.58 401.75 435.37 469.98 528.64 562.54 570.03 584.70 605.41 622.66 647.82 689.21
-629.06 -568.82 -509.43 -450.40 -390.66 -332.12 -276.69 -222.69 -169.82 -122.09 -83.47 -56.06 -37.40 -24.60 -14.79 -8.72 -7.41 -8.42 -9.27 -10.67 -13.49 -15.49 -14.42 -9.23 6.85 6.91 7.82 8.98 14.27 20.20 28.18 37.10 47.11 56.03 66.07 76.95 85.98 94.93 107.87 121.93 133.96 145.98 161.15 173.13 186.30 198.39 212.24 226.05 239.94 254.76 269.77 285.89 301.83 314.88 347.40 392.58 421.60 399.71 403.13 436.44 481.24 546.21 568.21 554.60 555.51 563.55 597.34 674.96 727.56
-627.46 -565.72 -504.96 -444.69 -383.77 -324.17 -267.86 -212.99 -159.30 -111.12 -72.77 -46.79 -30.42 -19.98 -11.80 -6.41 -5.26 -6.07 -6.53 -7.07 -8.57 -9.41 -7.95 4.25 7.02 9.05 9.06 11.11 14.06 20.04 27.00 35.98 45.98 56.98 65.96 74.95 84.96 96.97 107.98 120.94 133.92 143.91 155.90 169.95 183.97 197.00 211.03 226.02 241.06 257.08 272.05 285.00 301.00 337.74 406.54 468.53 502.61 472.74 449.76 432.29 464.64 520.14 536.99 530.40 529.29 549.47 576.53 631.42 688.65
-626.39 -562.82 -500.35 -438.52 -376.17 -315.17 -257.45 -200.72 -144.89 -95.14 -56.66 -32.84 -20.24 -13.80 -8.44 -4.32 -3.65 -4.42 -4.64 -4.55 -4.95 -4.73 -1.90 6.62 8.32 10.03 11.36 15.32 17.52 22.05 28.15 35.82 45.99 54.87 64.01 73.97 83.54 93.58 106.57 118.51 129.61 140.41 154.43 169.52 183.66 197.85 212.75 226.99 243.20 258.88 273.14 286.48 302.18 352.35 432.47 482.25 519.85 504.37 501.95 452.89 459.18 491.70 505.51 515.57 516.75 536.54 576.89 598.95 609.27
-625.89 -560.42 -496.15 -432.69 -368.80 -306.25 -246.83 -187.66 -128.90 -76.91 -38.01 -16.64 -8.51 -6.84 -4.88 -2.30 -2.22 -3.01 -3.05 -2.39 -1.72 -0.43 7.89 10.86 10.15 10.46 13.57 17.14 21.25 23.24 29.71 35.88 46.18 55.25 65.04 73.29 80.67 91.15 103.14 115.21 129.38 138.06 150.39 164.54 179.68 194.76 209.32 224.58 241.37 256.46 271.51 288.62 314.43 331.44 385.88 452.49 515.94 514.14 496.91 476.51 466.47 454.79 484.47 510.57 544.28 568.14 620.63 663.96 676.57
-627.10 -560.30 -494.72 -430.05 -365.00 -301.27 -240.52 -179.45 -118.40 -64.58 -25.17 -5.34 -0.18 -1.73 -2.06 -0.56 -0.96 -1.82 -1.71 -0.51 1.10 3.42 10.29 12.19 9.88 13.38 16.72 20.95 25.34 29.32 34.64 41.26 48.03 56.23 65.34 73.69 82.25 91.57 102.55 113.64 127.56 138.89 150.27 161.96 176.05 191.22 206.50 219.87 235.75 252.59 263.69 285.76 345.59 377.97 384.51 476.63 536.00 535.53 528.66 538.71 520.11 475.68 517.46 540.99 554.14 575.68 608.99 654.37 700.80
-630.95 -563.94 -498.12 -433.17 -367.81 -303.74 -242.62 -181.13 -119.64 -65.36 -25.49 -5.14 0.58 -0.49 -0.52 0.96 0.31 -0.79 -0.64 1.04 3.40 6.12 14.01 11.22 11.12 16.19 21.72 24.33 29.94 34.89 41.08 47.03 54.13 59.77 67.02 75.97 85.12 95.16 106.48 116.24 127.01 140.54 151.95 165.43 178.48 191.51 204.71 217.42 234.06 249.62 262.47 305.34 372.59 449.14 449.66 524.78 573.94 577.00 565.39 575.25 560.68 500.86 525.64 530.66 541.35 570.36 616.12 669.16 721.08
-637.24 -571.19 -506.20 -441.89 -377.05 -313.46 -252.88 -192.38 -132.14 -78.63 -38.28 -15.40 -5.70 -2.71 0.05 2.45 1.67 0.09 0.11 2.19 5.08 10.23 12.64 12.64 13.50 19.30 22.67 29.00 35.68 42.27 46.47 52.61 61.45 66.33 70.74 78.11 89.02 98.88 109.33 121.07 132.00 145.91 156.68 168.26 179.67 192.54 206.31 219.06 236.37 251.59 264.82 310.43 399.88 509.79 522.35 554.57 591.49 585.61 599.35 621.05 606.90 522.39 512.86 524.21 542.06 583.58 641.54 710.99 758.00
-645.38 -580.73 -516.98 -453.66 -389.67 -326.90 -267.21 -208.22 -149.90 -97.62 -56.77 -30.57 -15.55 -7.06 -0.48 3.37 2.70 0.73 0.68 3.04 6.81 11.11 9.16 12.08 15.78 21.70 28.41 33.48 42.35 49.36 56.09 60.23 69.28 75.17 78.23 82.39 92.51 104.33 114.32 124.51 136.52 148.76 162.59 174.42 185.23 196.38 210.43 223.43 236.76 251.80 276.52 348.23 435.51 517.26 576.34 566.23 571.41 557.31 590.64 602.23 582.82 537.27 539.30 578.48 585.50 598.16 652.33 711.52 777.10
-654.89 -591.27 -528.42 -465.82 -402.48 -340.34 -281.34 -223.56 -166.78 -115.48 -74.15 -45.12 -25.62 -12.48 -2.52 2.90 2.81 1.00 1.26 7.06 9.05 8.97 10.04 12.06 18.09 26.10 33.10 40.19 49.17 56.19 64.21 68.28 76.23 83.22 86.30 91.33 100.30 113.39 123.32 132.22 142.19 152.10 165.14 179.17 194.35 205.46 218.30 231.31 243.32 257.30 293.28 373.82 468.51 540.40 578.66 550.25 520.69 516.06 507.62 551.82 592.22 560.27 554.32 623.40 649.60 650.29 706.90 757.19 800.03
-666.14 -603.03 -540.65 -478.44 -415.48 -353.75 -295.18 -238.19 -182.44 -131.76 -89.97 -58.80 -35.98 -19.30 -6.58 0.56 1.68 0.78 1.85 7.12 10.20 9.26 11.02 15.26 21.39 28.60 35.58 45.64 53.72 61.77 69.74 78.12 84.13 90.32 97.43 103.89 111.41 127.76 134.05 139.41 149.54 156.34 172.74 187.39 207.35 226.31 229.74 244.18 257.32 270.79 295.08 340.20 405.82 470.90 486.05 457.41 435.98 445.38 502.47 580.55 593.82 558.97 563.20 613.92 691.36 738.99 762.58 777.66 774.06
-679.03 -616.24 -554.16 -492.20 -429.56 -368.17 -309.96 -253.65 -198.80 -148.64 -106.39 -73.30 -47.51 -27.62 -12.23 -3.13 -0.34 0.18 2.76 8.42 10.83 11.15 11.77 17.09 24.16 33.03 40.59 49.24 58.00 66.24 74.84 83.56 90.64 99.13 104.96 113.93 119.55 128.47 138.49 149.94 160.98 168.51 183.66 207.39 224.15 244.92 238.12 255.87 271.06 280.84 295.53 317.65 348.83 371.64 389.05 429.47 477.09 493.42 532.71 577.86 596.08 580.36 588.29 646.43 729.86 764.36 735.01 719.75 706.50
-692.36 -629.60 -567.55 -505.59 -443.02 -381.76 -323.70 -267.80 -213.56 -163.72 -121.05 -86.44 -58.36 -35.95 -18.34 -7.32 -2.69 -0.55 4.51 8.05 9.42 11.00 14.99 21.51 28.45 36.39 45.52 53.39 61.78 71.47 81.15 89.99 96.88 104.92 112.34 119.76 127.90 135.77 144.82 159.83 171.22 180.63 189.60 214.28 240.91 245.18 240.20 255.10 273.66 286.75 300.03 320.26 350.40 377.50 425.11 489.00 543.81 567.35 590.15 611.71 612.17 593.95 618.45 661.31 710.09 728.12 711.72 659.48 652.26
-706.01 -642.83 -580.36 -517.97 -455.01 -393.40 -335.08 -279.11 -224.95 -175.08 -132.01 -96.51 -67.21 -43.39 -24.31 -11.63 -5.14 -1.25 5.80 8.24 9.51 10.93 17.28 24.40 31.96 39.81 48.88 57.51 66.63 74.79 83.60 93.84 102.10 110.26 118.63 126.14 134.84 142.77 150.44 162.34 175.31 187.46 197.67 209.01 223.16 236.86 245.36 255.74 270.59 295.64 331.89 354.82 395.18 446.67 482.33 524.32 564.31 598.93 589.23 605.43 636.18 590.65 589.82 620.90 659.29 696.90 704.98 662.21 620.39
-720.88 -656.75 -593.35 -530.00 -466.12 -403.65 -344.58 -287.99 -233.32 -183.02 -139.54 -103.81 -74.43 -50.36 -30.59 -16.44 -7.92 -2.03 4.67 8.18 10.82 11.65 18.77 24.91 33.87 43.52 51.66 60.61 68.82 75.68 86.33 94.68 103.72 112.77 122.41 131.29 139.45 148.18 155.85 165.80 175.65 186.34 197.46 209.98 221.02 233.83 246.68 261.06 273.94 301.42 350.69 393.60 431.88 487.45 502.23 516.41 538.11 574.41 554.56 564.76 598.57 554.00 574.79 612.43 636.24 654.18 651.55 630.12 564.08
-734.96 -669.71 -605.23 -540.80 -475.88 -412.45 -352.53 -295.19 -239.84 -189.00 -145.18 -109.56 -80.63 -56.87 -36.79 -21.29 -10.74 -2.81 4.94 8.97 11.05 13.95 20.02 26.90 33.96 43.09 52.01 61.98 69.93 77.86 87.94 96.82 105.86 114.86 123.94 131.93 140.86 150.83 159.81 168.88 177.82 187.80 197.87 207.14 218.17 229.23 241.36 253.64 266.73 285.64 308.98 340.07 386.09 417.42 438.99 463.99 453.09 477.59 467.06 471.04 502.91 495.21 504.87 507.02 511.37 517.35 541.44 546.71 506.28
-745.21 -679.15 -613.91 -548.79 -483.22 -419.24 -358.84 -301.11 -245.46 -194.40 -150.42 -114.86 -86.17 -62.51 -42.04 -25.36 -13.09 -3.43 5.02 8.04 10.05 12.02 17.99 25.95 35.00 42.98 51.98 60.99 70.00 78.02 88.02 98.00 106.00 114.98 124.00 134.05 143.08 152.05 160.05 169.07 179.06 189.05 199.05 209.08 219.07 230.05 240.99 251.96 262.92 272.81 283.71 295.45 306.98 317.66 332.51 351.25 360.66 373.43 382.85 393.07 402.89 407.06 414.97 424.21 436.28 447.39 467.11 478.09 496.79
