Instances/GulfOfAkaba/GMRTv3_3_20170610topo.asc
ncols 347
nrows 823
xllcorner 34.336669921875
yllcorner 27.844904818229715
cellsize 0.002197265625
nodata_value -2147483648
[rows 217 to 247 of 823, columns 276 to 344 of 347]
160.52 155.69 156.59 170.19 179.97 190.18 201.11 212.43 225.58 240.12 254.67 268.45 287.16 300.93 314.93 325.39 337.42 348.15 355.35 356.86 357.38 354.89 359.86 370.57 374.28 379.64 365.79 349.99 348.76 344.34 343.74 351.35 350.77 351.65 345.49 347.93 348.17 354.97 370.83 386.43 396.69 406.33 413.88 422.96 432.23 442.27 452.88 462.16 473.23 483.57 493.54 503.57 514.23 525.34 535.69 546.65 557.57 569.41 581.53 593.45 605.38 618.07 631.11 643.31 657.42 670.00 683.05 697.20 712.43
176.61 173.55 167.13 167.37 184.22 198.10 206.55 219.79 230.66 240.70 253.85 268.76 285.99 302.90 324.41 331.51 337.51 350.84 365.13 368.36 369.86 368.82 367.59 378.46 378.98 384.01 377.06 365.55 363.49 353.78 353.81 358.71 360.39 361.71 357.42 359.25 361.75 357.89 365.96 379.25 394.08 405.76 415.95 425.74 435.32 444.83 454.65 464.03 475.03 485.49 496.04 505.43 515.91 526.43 536.88 548.37 560.46 571.46 582.91 594.91 606.97 618.97 631.48 644.06 657.58 669.94 684.61 699.80 712.54
202.36 200.76 190.80 176.60 184.01 196.93 210.57 221.54 232.29 238.63 248.33 265.38 285.33 305.88 327.95 342.93 350.62 355.76 365.93 380.88 376.99 376.11 378.76 384.91 383.36 388.60 386.19 378.14 376.99 364.98 364.66 368.65 369.96 374.04 375.35 372.37 375.06 371.75 367.04 375.76 390.73 402.45 412.38 425.38 434.26 443.15 454.55 465.01 475.94 487.22 497.53 507.96 518.27 528.15 539.51 551.62 563.46 573.64 585.27 597.34 608.60 620.01 631.97 644.00 656.96 670.66 684.31 697.90 711.49
214.44 220.90 220.02 202.08 196.44 194.56 202.71 214.54 227.83 238.23 249.52 262.96 276.12 293.22 311.37 330.44 353.69 365.15 372.06 378.15 382.29 384.37 384.33 387.09 385.98 392.15 398.64 389.50 386.05 376.18 375.83 379.34 380.68 381.52 385.74 387.93 383.55 386.78 386.29 379.24 384.23 399.34 409.90 424.85 434.61 444.63 455.85 465.69 477.59 489.69 500.50 509.75 520.56 531.45 542.66 553.84 563.84 575.54 587.62 598.80 610.67 620.83 632.83 643.93 657.13 671.29 684.94 698.39 712.97
204.61 215.59 228.17 230.95 222.38 208.50 208.00 213.50 220.98 234.12 248.23 265.03 280.56 290.64 313.63 331.48 341.97 353.51 372.36 378.04 384.92 390.62 389.55 393.60 394.28 398.40 406.65 402.35 388.63 384.37 386.38 384.51 393.25 391.37 394.45 393.55 390.35 394.56 397.45 393.01 388.17 398.11 413.05 427.10 437.93 444.94 455.94 467.88 478.93 489.97 500.98 511.88 522.91 532.90 543.96 554.96 566.86 577.88 588.86 599.86 610.94 620.87 632.94 644.89 655.00 667.12 683.03 701.96 720.75
199.79 207.70 218.60 231.75 242.33 236.88 230.07 230.43 231.22 236.50 244.38 260.92 285.00 301.53 317.29 341.13 357.36 355.24 363.00 375.06 385.15 396.22 397.36 398.35 406.44 409.46 410.29 408.59 398.69 395.68 394.60 395.69 402.42 399.48 401.49 403.58 403.71 401.48 405.56 406.75 407.69 396.15 406.81 420.87 435.95 447.06 458.06 468.99 479.99 490.99 501.95 512.99 522.96 534.98 544.05 555.09 567.04 579.07 592.13 603.13 613.18 625.24 635.26 647.18 658.25 669.22 685.01 698.86 718.75
198.55 206.55 216.34 225.94 236.54 240.20 242.75 254.20 257.85 252.26 260.20 266.01 281.02 304.22 322.51 339.00 355.35 361.66 371.53 380.00 390.48 398.54 401.82 405.50 409.62 413.49 415.92 420.54 411.49 407.36 405.99 406.99 408.66 407.59 410.49 412.71 413.41 411.04 415.81 417.88 411.68 404.83 407.81 421.73 435.47 446.65 458.04 468.10 478.73 489.93 500.03 511.79 521.95 532.89 544.77 556.84 568.29 580.29 592.95 603.92 616.07 628.42 640.37 650.58 662.61 673.51 684.39 697.75 712.33
205.69 213.65 222.25 231.91 239.00 249.12 251.69 255.39 269.68 274.72 279.61 292.35 287.52 298.71 322.42 349.04 362.48 372.39 378.94 385.79 399.51 402.56 406.96 412.17 413.03 416.73 420.31 424.53 421.54 418.81 416.19 417.19 419.27 417.73 419.65 421.75 421.33 421.94 424.26 426.30 419.45 422.68 416.05 419.65 433.56 445.26 457.35 469.16 478.62 489.92 501.16 510.68 521.76 532.80 542.20 554.20 568.18 580.14 591.03 602.76 614.36 628.26 639.47 651.25 663.66 680.01 697.67 711.31 712.52
214.84 223.16 231.03 241.15 247.34 259.22 264.35 269.86 274.34 281.95 292.19 307.79 312.48 320.51 325.41 351.35 370.94 381.52 385.09 391.90 403.88 409.84 414.91 418.10 421.99 425.41 426.03 426.52 425.65 426.40 427.04 427.92 428.97 430.73 432.73 432.42 432.60 431.98 431.28 432.77 434.48 435.35 431.13 421.96 433.61 445.11 455.94 468.12 479.81 490.82 499.42 508.93 520.05 530.55 540.94 553.00 564.93 577.50 587.99 600.11 612.12 623.92 636.55 647.68 663.51 696.87 750.78 769.38 742.82
220.03 231.05 239.44 248.28 257.59 266.90 272.83 279.63 288.37 291.16 296.55 307.57 318.40 328.99 336.32 349.45 368.03 378.86 384.84 393.96 404.48 413.58 418.50 423.46 431.75 435.45 438.11 434.64 434.80 435.91 437.88 440.32 439.49 441.39 443.31 444.68 442.69 443.10 441.59 442.63 443.44 444.22 445.20 430.31 431.51 443.24 455.10 465.26 476.62 494.50 505.81 507.77 517.33 527.51 540.39 551.71 562.63 575.13 585.09 596.01 608.41 620.77 632.90 646.81 679.84 745.81 810.73 799.16 761.00
223.97 236.99 249.11 258.83 266.48 274.54 282.10 288.40 298.94 300.37 305.90 313.65 323.70 332.77 340.25 350.53 361.38 370.50 378.33 387.54 398.69 409.44 415.15 426.17 434.31 441.96 446.02 445.34 444.50 444.46 448.28 450.40 450.10 449.38 452.42 454.39 454.83 450.56 450.48 450.57 453.89 457.42 454.44 445.03 435.50 442.85 457.64 468.40 479.25 490.58 499.53 509.75 519.56 526.97 539.21 550.19 561.32 571.62 581.55 592.42 604.47 616.86 630.65 663.09 720.96 797.86 813.44 802.17 790.33
231.33 242.54 259.59 271.49 276.42 282.49 292.56 296.55 302.82 312.41 319.27 321.44 330.58 340.60 349.47 355.56 365.65 374.68 383.54 392.53 401.63 411.75 419.68 432.66 441.54 448.61 452.61 452.61 451.59 454.42 456.44 459.43 461.39 460.36 460.47 463.54 465.43 461.36 460.45 461.44 465.50 469.56 462.55 461.07 447.13 444.77 455.92 467.96 481.05 493.98 500.71 508.37 518.67 526.87 538.03 549.03 558.11 568.08 579.01 591.97 602.95 611.89 637.67 710.93 790.32 832.87 870.21 899.32 875.23
249.11 255.03 264.68 277.74 287.87 293.79 298.58 305.93 306.85 321.78 332.81 334.98 339.72 347.33 358.48 366.70 372.77 380.51 393.51 402.68 410.64 417.52 425.58 438.37 450.70 457.58 461.26 460.64 460.62 465.80 469.81 471.78 472.74 472.88 472.87 471.62 476.54 473.73 470.70 470.66 472.55 474.70 472.03 480.34 467.26 451.65 462.57 471.46 478.19 489.01 508.68 537.95 535.39 533.33 538.33 548.98 558.15 569.35 581.27 593.23 606.35 621.51 641.10 694.78 776.00 881.15 982.28 998.41 961.83
261.40 269.84 277.70 289.23 297.94 304.10 310.96 324.67 324.22 332.97 342.04 346.82 350.20 351.92 363.00 374.28 384.56 388.99 397.84 409.74 418.10 425.44 434.33 443.22 458.69 485.83 483.60 470.12 468.79 475.58 478.98 481.00 482.18 484.13 484.47 481.70 481.34 481.73 480.22 480.44 480.77 486.35 488.96 496.87 482.87 462.25 469.86 478.88 485.01 494.64 540.41 602.14 578.22 559.43 547.63 550.13 561.63 575.11 585.53 597.74 612.33 625.92 641.08 681.09 789.24 932.71 1053.87 1090.44 1044.77
271.79 283.19 290.97 295.64 304.21 317.55 332.99 346.64 337.23 341.86 351.72 355.57 362.09 366.24 370.03 379.74 389.78 398.51 403.70 412.52 422.71 432.29 440.17 450.68 459.50 484.07 487.58 478.52 477.65 482.20 489.84 491.37 493.44 494.32 496.77 496.05 490.61 491.73 490.58 491.00 489.78 490.84 503.10 512.83 499.28 473.66 474.72 483.41 489.97 502.79 549.45 609.67 606.30 573.69 558.22 558.84 566.20 575.82 588.70 601.34 619.12 630.58 643.71 675.66 779.81 909.68 1029.89 1099.01 1043.21
284.76 295.32 306.59 313.44 324.28 337.09 344.99 347.37 347.53 352.47 360.09 366.80 374.38 379.97 381.33 386.91 396.71 404.59 413.22 419.97 429.45 438.53 447.05 457.13 463.88 472.80 478.87 481.63 486.22 489.32 499.03 501.67 503.61 505.00 508.72 506.08 501.14 501.69 502.10 499.94 501.77 501.00 509.02 517.46 496.98 481.38 483.49 490.65 498.75 506.88 534.41 576.00 591.39 563.36 557.87 564.14 571.02 582.20 594.07 607.19 622.69 634.03 647.89 672.12 732.30 834.15 936.11 989.55 968.10
305.29 312.51 318.02 329.49 338.35 346.14 352.76 358.60 360.08 365.93 368.94 376.35 384.31 389.90 390.39 396.87 402.62 411.10 421.83 429.31 438.28 445.57 454.54 462.84 470.91 479.11 485.31 490.49 493.84 500.45 509.64 512.27 514.97 518.34 520.83 517.56 511.79 510.75 509.07 512.42 513.06 513.72 514.27 513.84 500.23 485.29 487.18 497.10 506.77 513.76 522.40 541.87 549.83 551.04 559.88 568.36 575.91 586.58 599.43 612.10 624.22 637.58 653.68 672.14 704.40 769.01 830.27 841.41 852.97
312.70 327.68 338.18 343.07 351.69 361.94 367.97 374.11 375.03 379.58 382.26 385.22 394.33 401.14 402.64 407.95 408.39 415.95 428.14 438.85 447.66 453.73 463.52 470.52 478.40 486.20 495.31 501.48 503.11 509.54 516.09 518.92 521.93 526.82 530.38 525.62 520.33 522.37 518.64 527.27 527.36 524.97 525.42 522.66 509.65 493.96 492.98 502.33 508.43 519.28 527.99 536.32 544.30 552.23 563.11 572.33 582.12 592.09 603.52 615.68 627.79 642.49 658.78 673.99 697.48 730.13 751.96 766.29 781.62
315.03 329.09 341.97 350.69 362.69 375.69 386.66 393.51 395.25 395.33 400.26 398.38 403.61 411.63 416.51 421.53 422.44 425.50 432.73 441.79 453.75 460.75 471.70 480.58 490.55 498.57 504.65 508.66 515.55 520.58 524.61 527.59 530.57 535.65 541.60 537.43 534.42 543.39 533.48 543.48 541.20 538.11 533.51 527.53 518.55 508.57 496.80 505.90 516.71 523.75 530.81 539.78 547.76 559.65 571.27 577.58 586.77 596.82 605.85 614.95 625.04 642.90 671.29 686.25 695.09 712.57 728.67 739.86 747.93
311.31 324.77 342.68 358.87 366.85 377.76 383.88 397.10 410.35 411.76 417.95 415.92 414.30 419.80 426.83 430.79 435.04 440.26 441.78 450.53 460.66 467.00 478.91 490.85 499.67 506.69 512.74 519.07 525.42 530.15 534.97 539.08 543.19 543.96 549.75 553.29 548.41 550.96 544.75 553.53 568.51 569.26 550.56 547.70 532.11 515.15 503.84 507.18 520.97 531.35 538.66 547.66 556.70 568.51 597.53 592.90 593.81 601.53 611.56 619.58 627.69 648.73 690.54 706.77 692.29 700.13 711.97 720.96 733.11
324.88 327.67 339.45 351.46 361.25 372.52 384.20 397.88 407.64 415.76 422.56 436.68 433.25 430.47 436.03 440.08 445.85 452.55 451.25 455.73 468.09 480.71 490.83 499.19 506.50 514.39 522.12 532.92 544.82 546.13 549.25 553.97 558.85 559.12 559.03 565.87 567.40 568.37 570.35 575.55 594.22 585.86 567.94 564.44 545.44 533.53 518.46 511.94 517.83 531.90 544.42 553.57 562.22 571.45 587.09 596.21 602.48 607.77 618.09 627.16 638.55 655.60 667.53 672.09 682.33 693.07 704.68 714.73 726.97
349.34 349.53 355.13 360.92 367.50 374.25 384.52 399.57 409.97 422.99 426.95 440.13 450.49 444.50 447.94 451.22 454.71 460.20 463.52 468.31 478.15 486.89 496.88 504.36 516.75 527.74 536.13 546.20 554.13 558.48 569.09 575.68 575.19 577.92 570.58 576.34 585.46 592.49 584.56 587.53 600.71 585.71 581.17 573.92 561.79 549.34 542.16 527.62 520.73 530.43 544.28 555.07 561.02 571.26 581.13 589.70 599.83 609.73 623.29 632.29 640.20 650.27 662.18 672.19 682.64 692.62 702.48 712.84 725.10
352.17 366.39 371.48 380.58 393.09 389.05 389.77 399.09 410.07 422.18 433.42 444.25 455.52 458.01 461.23 462.85 465.79 474.19 477.73 482.16 493.99 496.13 503.89 514.03 529.51 545.16 558.92 563.03 568.14 570.84 578.03 588.14 582.63 588.17 587.90 592.19 600.40 600.02 598.80 599.83 605.96 609.33 603.33 588.56 576.08 570.74 567.20 551.50 535.50 530.70 540.75 553.20 560.05 570.97 581.01 590.44 602.42 611.81 624.12 633.12 637.69 649.94 665.47 672.52 682.01 693.71 703.57 714.50 726.60
344.29 362.16 373.92 384.20 401.27 411.89 415.69 411.99 417.45 424.96 435.06 443.85 454.56 462.27 469.17 474.12 476.82 483.81 487.77 491.24 500.42 506.93 515.65 527.36 553.27 563.00 604.24 613.04 593.03 590.71 589.49 594.03 590.74 599.70 607.03 617.06 631.40 616.70 617.41 613.01 619.13 641.35 625.19 602.07 594.03 603.97 608.60 586.33 557.98 541.17 537.05 546.20 557.79 571.63 579.40 591.49 614.92 624.14 621.05 630.79 639.43 650.07 661.06 672.19 681.51 691.75 703.26 715.18 726.74
350.49 359.49 372.61 385.56 400.90 416.58 428.05 431.91 428.19 433.48 440.82 450.75 459.86 467.82 475.88 480.94 487.48 492.57 497.32 503.13 506.74 515.68 524.57 537.57 560.02 584.85 647.35 660.96 621.59 611.55 604.13 605.65 603.65 617.77 623.18 635.95 647.95 631.87 622.05 632.02 656.35 663.14 633.12 610.23 627.75 648.65 627.11 590.98 569.89 560.42 546.10 544.70 553.43 578.00 590.37 608.49 630.94 629.02 632.05 632.05 640.03 649.13 659.47 668.31 678.02 688.24 699.46 719.06 730.72
358.91 366.81 378.83 388.83 399.91 409.99 422.03 434.99 439.81 443.69 448.73 457.79 466.80 475.80 483.82 490.77 496.80 501.76 508.74 513.75 516.71 525.75 536.72 547.72 564.83 605.83 637.63 637.56 634.35 651.76 644.03 624.47 620.56 624.63 645.39 664.06 668.12 649.48 652.21 647.34 665.67 663.94 640.41 642.58 654.00 650.00 616.15 588.92 575.75 571.71 557.64 548.79 553.95 565.30 593.26 614.24 624.48 614.25 625.24 629.10 640.03 649.01 667.64 686.37 683.59 689.89 699.93 712.11 727.13
356.97 371.42 383.69 397.43 407.40 418.23 427.22 435.06 441.07 454.38 459.66 465.81 473.83 481.57 488.28 496.49 501.51 509.42 515.54 520.68 526.96 532.80 543.83 556.85 570.54 596.34 611.01 631.79 668.19 693.20 667.01 641.07 634.61 647.73 667.22 699.98 706.90 666.96 671.31 678.68 684.95 672.87 677.48 707.08 700.23 657.72 620.65 595.75 588.26 582.21 571.26 559.12 556.61 560.95 573.74 593.15 600.25 613.64 618.35 625.54 637.40 647.84 682.15 707.09 705.33 695.92 703.37 713.27 723.76
359.27 373.89 387.15 394.27 403.93 411.48 423.27 432.87 440.18 452.75 462.86 473.52 482.89 487.20 491.78 501.24 507.73 512.23 519.95 527.14 535.57 542.46 552.57 564.29 576.99 595.47 615.13 634.39 662.12 680.25 666.28 647.53 649.71 689.26 724.36 729.77 708.46 671.05 669.13 692.13 713.51 720.06 746.42 766.01 735.04 691.56 638.78 603.54 599.63 599.63 590.48 582.36 572.82 566.40 568.83 579.12 589.19 604.63 610.24 618.94 630.32 644.98 669.11 690.87 706.75 703.67 705.31 715.78 741.62
352.72 361.92 372.89 378.79 385.46 392.62 411.22 425.24 437.15 447.51 456.61 469.65 482.40 490.53 499.57 506.82 514.87 519.98 525.69 531.94 539.87 549.50 556.97 567.90 584.43 602.77 624.64 664.23 689.06 679.50 669.27 658.21 654.20 689.08 753.54 764.55 708.95 687.25 700.70 728.92 768.69 782.73 807.82 812.70 750.06 687.22 629.48 611.06 609.07 631.70 651.50 662.11 632.83 594.99 580.14 576.79 585.07 592.51 601.35 612.71 629.69 637.90 649.79 681.44 689.19 693.18 707.52 718.09 754.08
333.66 345.27 359.56 370.52 375.37 385.43 405.27 418.22 425.86 435.83 440.56 452.73 472.22 487.35 497.60 510.19 519.44 525.78 533.18 538.07 543.90 550.40 559.58 570.51 583.79 599.70 631.81 701.47 746.59 722.52 693.58 678.44 671.65 685.52 732.08 751.32 711.09 719.61 749.45 760.11 810.02 840.69 845.06 818.33 758.56 677.90 630.64 624.73 640.15 670.56 737.74 754.08 716.72 679.03 623.79 586.85 586.70 597.95 603.95 614.43 627.00 634.45 651.14 678.78 674.57 683.52 708.33 728.24 758.38
341.61 354.38 362.35 377.03 389.21 396.50 416.75 425.52 423.91 426.06 431.91 446.18 470.65 484.18 492.06 506.09 514.69 523.29 535.39 540.17 546.09 554.95 563.15 574.80 584.83 598.45 622.22 665.37 708.65 731.99 727.13 704.60 699.62 728.00 747.15 735.16 725.50 748.83 799.48 804.66 805.62 826.59 844.21 798.40 728.17 663.97 636.92 648.86 681.79 730.69 778.43 788.64 780.83 736.49 647.08 593.53 594.10 622.70 628.05 622.41 627.87 638.84 651.45 663.23 671.11 684.29 697.07 719.29 738.91
