Instances/Storebaelt/GMRTv3_3_20170610topo.asc
ncols 437
nrows 472
xllcorner 10.57763671875
yllcorner 54.71192884840614
cellsize 0.002197265625
nodata_value -2147483648
[rows 34 to 67 of 472, columns 304 to 379 of 437]
4.99 3.59 3.99 5.82 5.70 6.42 4.72 4.30 4.99 4.81 3.96 2.91 4.07 8.46 7.35 4.85 5.27 4.24 6.82 5.51 8.39 13.71 8.10 8.62 5.61 5.37 4.54 5.81 5.71 5.35 3.92 9.65 14.38 9.75 11.02 17.65 15.95 12.50 15.66 11.68 12.15 16.91 23.23 28.84 33.55 34.29 32.10 30.06 32.65 31.78 41.03 52.38 56.33 57.13 52.41 45.18 45.95 46.87 52.46 54.78 52.43 53.79 55.76 54.62 47.93 58.18 68.77 63.57 46.88 45.13 45.33 38.91 31.67 40.09 35.49 30.18
4.40 2.68 3.30 4.60 5.72 5.73 7.94 4.37 4.05 2.83 3.95 2.90 3.30 3.88 4.16 8.01 7.36 8.26 7.12 9.81 5.49 3.38 4.88 4.54 5.51 7.14 7.27 3.93 3.25 6.02 6.40 8.73 8.56 11.80 11.71 10.77 13.20 10.12 13.30 12.10 21.19 22.96 18.45 19.16 24.76 30.82 32.84 31.16 29.32 32.61 39.27 46.02 58.12 56.84 44.28 41.08 52.62 61.00 55.13 44.76 47.36 51.75 50.39 48.00 48.83 54.85 58.96 51.80 41.71 44.07 48.53 44.59 42.25 34.65 28.15 29.15
3.10 4.11 4.09 3.07 3.02 5.68 7.44 4.89 3.04 5.49 5.54 5.75 4.38 4.65 4.98 4.75 3.77 5.68 8.36 8.99 7.66 5.30 6.36 7.40 9.94 7.29 8.62 4.38 5.18 6.93 10.64 7.15 5.95 11.46 13.48 14.02 6.86 6.00 10.06 12.22 15.29 8.76 7.37 15.30 9.35 13.50 28.69 39.21 38.47 44.38 52.50 55.49 53.08 44.29 47.92 55.62 57.92 54.83 46.51 47.94 47.38 49.41 51.94 52.95 48.92 40.79 41.17 39.87 37.38 37.54 37.50 39.96 35.85 27.98 26.89 19.78
7.88 5.99 7.93 3.95 3.01 4.99 3.95 3.01 5.94 7.98 10.99 10.15 7.03 5.83 6.89 5.87 9.77 7.86 4.86 3.81 6.91 8.02 4.15 5.15 8.25 6.10 5.97 7.03 6.00 5.97 4.98 6.02 5.01 5.98 6.92 11.01 14.76 8.87 5.91 3.96 5.07 13.84 18.55 23.81 28.74 25.40 39.36 46.82 47.05 43.23 48.82 43.16 41.30 39.16 45.09 47.05 46.55 46.65 46.34 43.30 36.33 39.34 46.33 50.45 45.39 44.96 36.01 36.08 40.00 34.11 32.15 32.27 22.26 22.06 23.06 23.02
7.98 6.28 6.90 6.75 6.32 4.44 6.75 6.32 5.09 6.67 5.06 2.01 5.06 9.09 10.87 8.52 10.65 8.11 9.33 11.99 7.12 4.13 3.30 5.78 7.40 8.29 9.39 5.90 9.52 14.26 12.23 8.78 6.97 10.39 11.84 13.75 17.48 17.36 14.12 12.34 15.49 16.12 24.66 22.80 29.40 52.92 57.61 49.24 44.28 41.47 50.56 45.99 34.55 34.89 40.49 47.44 43.90 37.42 37.71 30.03 30.96 35.67 38.40 41.80 40.34 38.73 33.70 32.86 32.45 30.27 32.42 32.52 27.24 23.96 21.47 22.62
14.64 12.94 11.98 9.22 7.12 8.95 9.35 7.37 9.15 8.10 9.53 11.51 9.94 10.04 4.97 6.80 11.15 8.08 7.09 10.74 12.86 9.78 11.42 10.68 7.96 8.57 10.16 9.69 13.42 10.01 19.59 21.15 17.43 17.06 14.63 16.90 24.51 15.10 6.44 7.08 6.05 11.05 22.58 32.44 51.25 71.52 59.58 49.42 41.62 43.75 53.61 39.80 30.14 33.59 36.88 39.33 38.12 35.12 30.32 23.99 24.58 27.53 26.45 31.75 34.49 34.07 31.56 29.18 27.71 31.33 32.78 26.30 19.99 18.54 21.18 22.42
18.98 29.96 26.03 16.83 15.44 16.27 14.57 10.23 10.56 8.44 12.76 17.40 14.08 8.68 9.28 11.28 10.54 15.66 20.44 12.11 10.42 12.48 11.63 10.81 9.66 6.47 5.66 9.43 11.31 14.51 13.94 10.84 17.84 20.34 23.94 22.36 28.02 18.03 6.78 1.09 4.46 15.07 26.98 51.65 64.79 56.61 49.48 50.61 54.57 51.01 43.02 35.31 33.95 41.61 44.03 43.79 30.48 19.18 14.46 16.52 15.03 18.64 18.41 27.65 30.15 28.87 27.60 22.58 20.84 26.08 27.84 24.68 22.38 20.66 17.08 15.12
30.18 29.92 26.02 26.28 22.19 25.12 19.20 16.17 14.06 6.95 9.84 10.98 9.00 11.15 12.20 12.05 7.83 4.86 6.82 6.92 10.02 14.86 11.90 8.98 7.95 6.05 10.26 22.16 17.84 9.88 9.98 9.04 9.96 21.05 24.03 20.85 16.82 14.00 10.36 11.41 10.33 11.16 24.00 35.81 43.74 53.01 48.17 51.22 54.06 56.98 43.99 27.86 32.91 34.73 34.62 27.55 20.68 13.04 11.19 16.18 20.13 17.05 25.13 28.03 27.82 23.85 22.01 18.01 17.98 25.90 25.91 25.94 22.95 18.01 16.97 20.02
33.78 36.58 33.30 33.26 30.57 29.00 24.33 21.84 17.74 8.40 4.21 9.92 8.11 8.01 15.13 11.83 2.61 2.94 3.96 8.52 17.20 13.03 9.81 6.49 9.71 12.19 18.88 20.04 9.95 10.09 10.25 12.93 16.83 21.79 25.90 16.91 14.88 13.80 21.43 17.71 11.03 18.82 28.29 40.44 50.36 55.43 59.92 60.54 54.18 44.74 36.87 31.98 29.38 23.89 18.26 14.11 12.60 14.47 15.93 20.90 20.75 19.03 22.45 27.63 33.91 30.00 16.63 10.99 10.31 12.90 20.45 21.34 16.81 16.26 15.36 12.39
33.98 33.23 31.51 36.82 37.89 33.95 24.45 20.13 18.78 15.78 16.05 13.18 12.75 7.55 9.28 11.15 9.46 6.68 5.74 7.36 14.99 11.21 10.11 6.72 8.83 13.69 16.00 19.07 13.35 10.59 4.98 6.55 22.85 25.95 19.13 15.76 14.91 10.66 9.86 9.23 6.30 11.00 32.80 41.92 57.50 68.62 55.44 54.38 39.15 33.15 41.55 35.45 24.03 20.23 18.01 15.31 14.92 28.07 36.12 38.06 38.00 49.61 48.54 34.55 35.08 27.87 11.09 13.16 11.44 12.46 17.96 21.38 19.33 18.98 19.66 17.11
25.70 22.23 26.62 33.45 33.18 32.99 25.12 22.70 26.24 21.90 20.06 18.09 17.30 15.97 10.19 11.15 9.68 8.96 9.00 11.11 13.78 13.47 19.60 18.98 17.87 14.65 16.62 10.10 7.92 8.01 8.58 8.61 12.71 14.38 7.24 5.20 8.26 7.46 7.89 7.45 5.45 6.78 26.24 46.70 44.14 45.57 42.91 36.12 27.71 28.44 29.18 21.12 19.97 19.63 22.70 28.53 30.58 30.96 27.28 35.01 40.48 50.88 51.03 44.39 31.95 34.22 30.75 14.25 17.95 13.90 13.98 22.80 27.25 32.41 34.07 37.45
23.67 23.76 21.03 21.67 27.11 35.24 32.01 19.02 22.41 24.45 25.25 23.25 34.58 28.03 15.71 15.41 18.97 13.34 12.27 13.21 17.20 14.14 18.30 28.77 19.74 19.72 21.38 17.13 10.66 12.89 7.85 7.89 4.13 3.28 4.59 6.62 8.65 7.28 9.14 10.40 7.69 8.39 19.35 33.95 48.64 49.06 44.99 31.99 31.77 22.34 20.12 19.49 17.15 21.26 40.09 50.70 39.08 32.76 22.67 29.78 38.44 36.12 33.66 38.26 36.29 26.28 21.46 13.15 8.10 9.85 8.53 12.36 24.31 34.63 31.66 28.68
19.10 18.96 21.99 27.69 21.81 26.11 31.94 36.78 34.64 32.76 32.31 30.24 36.91 34.36 20.92 17.17 14.63 17.84 19.57 21.42 21.53 31.82 32.93 39.12 37.96 29.43 28.09 20.64 6.98 4.31 9.96 4.20 5.14 9.01 17.93 17.14 8.62 7.33 9.03 12.07 15.01 11.03 12.20 17.73 23.38 26.88 25.85 26.87 29.97 32.34 28.22 28.08 26.47 23.71 24.55 34.39 35.60 27.38 16.29 27.25 26.43 6.48 12.67 22.81 20.39 22.14 18.16 11.66 6.85 11.56 14.55 21.55 31.13 42.98 42.90 26.87
19.51 21.22 24.15 25.41 21.64 23.78 27.58 35.33 32.80 30.80 34.42 35.63 25.19 20.98 21.78 12.75 19.44 24.86 27.32 29.41 34.56 41.59 56.37 59.05 50.72 32.68 14.09 14.44 6.51 5.49 4.92 5.74 6.83 9.29 8.54 6.33 2.37 3.67 12.39 13.85 15.65 11.69 9.27 10.72 16.01 19.17 11.79 10.53 13.32 14.95 13.11 16.11 26.40 28.71 26.61 25.67 19.23 17.53 21.80 27.63 24.06 19.32 22.54 29.52 26.33 23.45 20.77 27.93 19.15 16.03 10.69 15.18 19.28 28.17 30.26 27.35
18.32 19.03 25.56 36.86 37.39 25.59 31.06 34.35 31.29 30.58 30.94 31.67 40.73 44.48 44.35 34.28 24.48 29.68 26.42 23.61 42.28 53.15 67.21 65.91 60.62 38.15 15.51 12.27 6.44 8.09 11.53 12.59 12.17 12.65 10.14 6.43 9.52 8.01 9.58 16.61 21.86 17.15 12.70 4.41 5.46 12.76 17.73 11.36 6.54 8.00 12.41 13.57 20.90 33.39 33.73 31.47 25.97 29.19 37.21 37.16 34.06 34.86 34.93 37.94 30.51 29.53 31.14 41.96 47.60 42.78 28.61 22.06 16.86 26.10 27.45 27.93
14.31 15.95 27.02 41.19 44.90 37.28 41.85 44.94 40.95 32.11 36.64 47.79 48.08 53.01 58.26 55.80 51.96 55.42 50.47 52.74 52.73 47.69 56.95 65.76 51.36 39.30 28.78 18.51 15.41 17.66 18.11 12.17 14.86 15.02 16.86 13.04 7.11 9.99 14.45 19.94 17.47 26.44 19.99 8.19 2.64 1.38 1.12 6.51 12.06 16.09 15.20 12.65 18.70 32.66 36.04 32.56 29.34 33.42 32.96 31.10 34.60 37.43 45.65 48.06 45.25 35.17 24.22 31.50 47.65 44.65 28.45 35.56 37.30 48.30 52.16 42.50
19.99 18.01 17.05 29.10 41.08 43.01 43.99 42.02 46.02 44.96 45.98 53.03 52.99 55.99 56.96 63.94 62.97 67.97 65.91 62.86 54.90 55.01 51.02 50.12 39.07 21.04 23.01 15.95 11.96 13.98 9.04 9.98 24.97 37.98 23.97 14.94 13.93 13.88 23.88 28.99 26.02 25.09 20.06 14.98 7.97 3.95 3.95 8.99 9.97 15.02 15.01 11.99 17.99 19.05 17.06 18.99 20.97 14.03 12.06 3.09 6.12 28.12 48.05 57.99 49.00 42.93 43.86 46.97 53.05 56.84 45.67 27.96 39.01 42.04 50.07 48.99
16.63 16.03 15.41 20.02 25.06 33.62 39.72 40.14 39.47 38.89 38.89 41.87 48.50 52.03 55.68 61.62 62.98 69.70 64.85 68.26 63.89 44.15 41.94 37.85 35.61 27.42 20.05 17.96 18.93 20.15 18.76 22.37 29.02 29.15 22.60 21.20 27.25 32.83 31.62 26.74 23.81 14.89 10.18 7.90 3.97 7.57 8.76 11.66 21.81 18.13 15.70 12.01 15.94 17.38 17.55 23.12 33.64 33.41 20.17 4.69 2.17 8.06 32.42 49.53 44.87 37.38 40.15 38.07 45.66 54.44 54.04 35.73 33.45 45.85 47.27 42.75
12.66 15.41 16.16 16.64 19.00 23.07 23.55 28.46 28.06 26.17 29.96 31.36 31.72 44.68 55.89 52.89 52.34 50.05 51.11 50.89 45.11 42.61 44.05 32.23 27.33 29.91 15.58 15.09 15.89 20.43 22.93 27.03 28.91 23.64 21.45 24.65 31.99 25.74 20.96 20.61 18.02 5.04 3.10 4.30 4.35 4.80 7.29 14.72 26.21 31.40 26.58 15.04 14.17 20.74 9.59 10.51 26.31 35.39 34.59 30.07 17.28 15.52 30.76 52.07 55.99 48.90 40.58 45.81 52.84 39.23 30.65 32.56 38.58 38.97 35.44 28.13
14.19 18.15 11.66 16.44 20.12 18.63 20.11 20.97 19.93 18.44 20.29 21.32 27.11 39.71 36.24 36.42 36.02 42.48 43.04 44.50 47.21 45.05 37.46 31.80 32.03 28.74 22.04 16.98 14.28 17.87 21.70 19.20 30.28 24.69 24.72 32.77 36.26 43.48 34.54 16.85 5.91 3.19 4.33 6.69 9.61 5.07 5.85 8.07 14.53 20.19 23.15 18.49 22.71 19.30 16.89 9.34 18.85 17.48 24.63 37.66 32.79 38.88 48.06 54.58 61.01 60.45 48.89 44.95 37.51 43.63 54.32 50.72 45.60 43.74 33.10 28.67
16.91 19.99 20.19 16.08 14.05 11.82 18.97 12.75 10.77 16.03 17.81 17.95 27.92 28.62 28.74 29.77 30.55 31.46 34.46 37.85 39.33 44.05 31.48 28.84 31.34 26.32 24.98 22.01 17.36 22.31 27.15 21.99 23.74 28.03 27.30 35.28 44.41 36.91 27.65 22.62 11.05 4.26 5.03 4.91 3.85 5.08 8.00 7.88 4.90 7.79 20.97 30.10 34.10 21.13 22.17 26.62 17.04 9.96 11.56 38.59 50.36 51.14 50.00 59.61 68.52 58.58 35.24 30.40 36.66 53.69 70.92 60.57 57.95 40.50 43.56 54.55
30.73 29.52 24.18 26.04 25.17 19.81 19.39 12.04 9.77 15.63 13.41 17.23 23.59 18.71 20.34 23.09 29.05 23.81 26.75 39.88 39.23 35.86 41.39 31.37 27.67 28.68 27.60 19.87 19.10 22.04 23.04 24.99 22.23 29.59 36.83 47.97 44.81 36.79 23.82 18.88 11.21 11.17 9.63 4.89 8.11 8.74 7.11 6.81 8.73 9.05 15.87 20.80 26.58 30.49 26.76 18.57 17.68 8.10 7.06 13.00 28.09 41.31 50.41 52.94 55.33 56.18 43.84 37.17 30.56 43.60 49.69 46.26 47.76 53.21 60.84 66.67
34.67 33.39 31.18 30.30 30.81 31.44 31.48 29.67 17.69 10.91 10.38 15.64 14.98 15.53 22.49 27.36 28.89 27.16 29.27 46.03 31.97 34.33 43.08 33.98 26.71 28.46 26.31 23.95 27.02 30.87 26.52 28.21 28.09 26.67 27.45 29.72 27.88 19.29 10.75 9.34 3.30 4.10 6.02 6.80 9.32 7.62 4.92 5.82 3.14 2.49 4.79 14.52 23.32 27.12 27.78 36.55 28.70 14.49 6.27 13.22 22.61 41.55 50.30 55.73 53.04 69.87 69.69 41.65 22.80 19.58 42.20 48.39 43.75 35.21 35.01 40.58
24.58 23.50 25.65 30.19 27.78 28.06 27.07 19.97 14.17 16.75 20.60 18.63 20.45 22.06 22.13 27.32 29.18 30.36 33.93 45.69 42.78 44.01 33.35 29.48 26.23 25.38 24.87 25.35 24.97 22.54 21.78 16.98 18.55 18.42 14.13 6.18 3.74 4.03 4.87 5.16 4.83 4.79 8.56 10.26 6.64 3.81 6.64 9.43 4.37 2.99 5.20 11.02 17.85 25.53 25.48 24.56 30.18 27.49 11.06 10.34 13.02 30.79 44.68 51.22 59.20 72.31 74.18 59.76 49.19 51.27 43.57 46.88 55.84 37.98 25.74 27.03
15.95 9.92 13.70 20.04 21.72 14.91 10.10 15.70 18.33 28.20 35.02 31.52 35.51 33.29 28.20 31.10 32.36 33.54 38.49 36.27 34.96 40.71 38.98 35.66 28.19 26.30 24.38 24.76 20.87 21.94 21.75 18.03 14.16 9.03 4.81 4.23 5.36 3.18 3.00 5.18 3.05 3.89 4.77 6.49 5.91 5.06 3.84 5.61 7.72 7.40 5.85 9.00 15.50 23.81 34.40 29.29 29.15 29.13 27.27 15.30 8.73 12.65 41.39 55.39 67.18 72.47 70.55 71.06 55.49 46.05 38.89 36.51 34.59 42.86 36.30 31.67
15.07 14.92 16.98 19.18 15.21 7.05 7.90 20.60 30.50 29.10 29.35 31.20 40.94 31.19 24.28 22.07 38.12 42.14 39.67 31.93 35.26 29.61 28.44 22.58 20.14 25.91 27.75 34.04 23.95 22.09 21.97 18.94 17.99 14.91 19.45 16.43 4.91 3.92 3.94 5.11 4.96 3.00 2.93 2.93 3.05 4.97 3.04 3.96 3.93 3.29 3.11 10.16 32.98 48.10 20.19 19.82 24.93 38.68 32.77 29.81 26.37 21.52 32.46 45.87 50.56 49.36 54.43 55.43 59.74 58.94 46.14 50.72 45.19 40.19 38.60 42.48
14.93 14.26 13.23 16.77 15.82 14.40 13.92 18.16 25.87 14.87 12.44 21.46 28.12 22.35 18.99 14.60 20.47 35.17 44.43 38.88 29.78 22.74 26.90 22.73 21.74 28.25 32.18 30.55 24.60 17.42 16.45 16.04 17.41 10.48 14.65 20.00 8.37 6.72 6.14 3.68 5.07 3.59 3.29 4.77 6.26 11.97 11.31 5.92 5.99 2.56 4.79 9.96 12.84 20.70 21.61 27.96 34.74 36.43 34.43 31.20 32.16 32.20 28.67 32.65 44.07 47.43 43.36 47.69 55.10 54.15 54.60 57.88 66.78 65.08 61.20 62.08
12.03 13.18 17.24 16.11 14.18 13.11 15.28 13.74 14.79 11.24 11.63 19.98 20.40 19.94 18.66 12.20 12.02 16.72 25.88 31.72 33.91 26.73 25.19 22.24 18.40 18.13 33.40 28.50 22.87 17.70 10.53 8.42 8.29 4.82 3.41 6.39 5.33 5.40 5.28 3.42 3.93 6.13 6.86 7.99 6.60 11.22 11.58 6.77 9.10 6.35 6.86 13.93 10.52 11.34 18.74 31.91 47.81 59.36 59.58 49.25 50.70 40.10 30.80 19.08 30.29 37.66 46.50 46.51 48.85 54.18 67.85 72.61 81.68 83.97 82.91 75.47
18.18 21.40 26.02 23.93 19.84 17.98 13.28 9.82 10.19 11.95 15.02 18.58 23.04 24.90 21.59 15.32 15.12 18.27 15.96 21.92 28.52 31.02 26.44 23.95 25.17 26.81 24.98 24.06 21.63 12.45 6.47 6.26 5.61 4.66 5.33 4.86 6.04 5.78 7.77 5.79 5.01 6.39 5.73 4.23 5.32 7.52 7.88 7.52 7.60 2.04 2.94 15.44 16.15 15.51 25.41 38.15 52.03 61.16 67.08 61.31 54.55 47.05 45.97 34.69 27.18 28.61 37.92 41.44 44.07 42.67 46.44 58.11 64.71 58.46 54.84 56.14
25.03 26.97 26.99 29.01 26.02 25.05 20.03 15.03 9.02 7.96 10.95 11.96 11.98 16.99 24.02 23.02 16.01 14.99 15.00 17.01 19.01 24.00 22.99 22.99 25.97 20.94 17.97 15.93 6.94 2.98 4.99 3.98 4.00 4.01 2.99 5.00 3.99 6.00 4.99 4.98 6.96 7.98 7.97 7.02 7.05 10.03 3.98 3.99 7.01 4.04 9.05 15.04 14.98 27.05 41.12 50.12 51.05 61.04 72.95 67.94 60.97 56.04 44.99 49.01 28.00 11.91 8.90 13.94 16.94 26.95 35.92 33.86 34.83 40.90 49.91 52.88
27.57 23.45 22.73 23.13 22.89 21.37 19.24 18.31 13.89 10.41 5.96 10.16 12.51 13.10 16.67 19.38 17.73 22.49 23.45 15.47 22.13 25.47 22.57 23.40 23.73 13.82 10.54 7.96 4.64 7.22 2.90 4.76 4.90 4.07 3.19 5.07 5.79 5.81 5.90 6.54 4.52 2.07 3.79 10.19 11.33 10.39 6.49 6.49 13.13 16.11 14.90 22.76 18.26 30.09 52.51 57.09 53.30 56.29 55.98 60.04 58.33 61.89 48.02 38.19 27.87 3.45 5.37 25.24 30.22 28.47 27.80 24.84 24.99 34.16 31.80 20.46
16.79 16.25 21.01 22.85 16.44 14.29 17.31 22.17 22.46 21.71 12.00 8.69 10.25 12.14 10.29 11.32 11.92 10.03 10.18 7.03 12.56 20.98 17.93 15.67 8.98 7.94 12.66 12.07 5.48 5.32 4.12 5.63 4.58 2.88 2.73 3.67 4.82 7.06 4.81 5.38 6.62 5.80 6.74 11.49 7.05 6.54 6.50 7.09 12.41 23.02 36.17 38.74 40.34 47.78 60.68 46.16 40.25 47.19 57.17 60.81 56.21 47.84 34.58 24.98 28.23 8.46 9.80 24.95 26.28 23.55 20.39 28.34 28.17 14.22 20.50 34.91
17.78 21.19 19.68 21.43 12.61 12.21 17.19 21.01 20.78 20.35 16.50 16.91 14.65 11.54 10.82 9.54 6.64 4.89 4.10 7.90 13.11 18.38 16.98 10.86 5.65 6.85 6.16 4.91 3.10 2.86 2.89 2.82 3.61 4.29 8.15 8.37 8.72 10.32 7.89 5.68 5.79 5.21 5.71 9.57 6.47 1.81 6.56 17.69 25.27 33.21 44.63 43.97 45.50 55.88 58.04 53.71 50.49 51.31 48.52 43.91 40.80 45.72 50.53 37.33 40.88 21.92 8.93 20.89 17.40 14.82 19.50 34.03 28.25 23.27 21.44 26.48
15.02 17.01 17.97 18.11 20.66 20.18 16.34 23.25 24.95 23.87 22.11 23.28 20.29 14.19 7.00 7.02 6.12 6.08 4.13 4.00 9.71 9.35 5.71 5.82 6.90 6.83 13.91 12.94 7.16 5.01 4.03 3.96 4.32 7.63 10.02 5.94 4.93 9.63 12.88 12.94 5.19 5.93 12.10 9.35 13.81 18.03 22.92 26.86 32.68 38.27 50.87 53.82 45.59 46.98 29.17 22.30 49.86 41.36 43.08 47.91 37.10 36.17 34.76 40.09 36.24 32.72 18.88 22.17 22.10 16.33 8.09 22.33 20.38 22.50 23.56 14.75
