Instances/Storebaelt/GMRTv3_3_20170610topo.asc
ncols 437
nrows 472
xllcorner 10.57763671875
yllcorner 54.71192884840614
cellsize 0.002197265625
nodata_value -2147483648
[rows 374 to 407 of 472, columns 0 to 75 of 437]
-4.47 -4.52 -4.47 -4.24 -3.97 -3.81 -3.71 -3.70 -3.71 -3.70 -3.70 -3.70 -3.68 -3.59 -3.43 -3.20 -2.94 -2.67 -2.43 -2.28 -2.19 -2.18 -2.19 -2.19 -2.18 -2.20 -2.18 -2.07 -1.93 -1.81 -1.68 -1.53 -1.43 -1.52 -1.68 -1.79 -1.93 -2.16 -2.43 -2.68 -2.93 -3.21 -3.43 -3.48 -3.44 -3.34 -3.21 -3.10 -2.96 -2.73 -2.46 -2.21 -1.96 -1.69 3.81 3.70 3.05 3.00 2.90 4.82 5.86 4.03 5.00 4.98 5.02 3.94 3.98 3.00 4.02 4.07 5.06 4.90 3.98 5.13 6.15 7.11
-3.84 -3.88 -3.85 -3.72 -3.56 -3.42 -3.32 -3.29 -3.31 -3.40 -3.51 -3.65 -3.74 -3.65 -3.47 -3.22 -2.97 -2.82 -2.68 -2.42 -2.20 -2.16 -2.20 -2.31 -2.41 -2.45 -2.42 -2.30 -2.15 -2.03 -1.90 -1.74 -1.64 -1.72 -1.89 -2.11 -2.35 -2.60 -2.85 -3.12 -3.37 -3.56 -3.67 -3.61 -3.45 -3.23 -2.99 -2.77 -2.54 -2.27 -2.03 -1.88 2.29 1.62 0.77 2.89 2.34 4.52 4.42 4.25 4.35 4.43 5.15 3.21 2.92 3.32 3.64 3.00 3.28 3.88 4.25 5.36 4.32 5.64 4.74 5.13
-3.19 -3.15 -3.02 -2.90 -2.78 -2.62 -2.51 -2.55 -2.69 -2.90 -3.13 -3.28 -3.37 -3.38 -3.30 -3.05 -2.78 -2.66 -2.56 -2.37 -2.21 -2.17 -2.21 -2.34 -2.47 -2.49 -2.46 -2.44 -2.39 -2.25 -2.12 -2.05 -2.05 -2.14 -2.30 -2.54 -2.81 -3.07 -3.31 -3.50 -3.63 -3.70 -3.71 -3.63 -3.46 -3.16 -2.79 -2.41 -1.77 0.77 0.23 0.66 1.81 1.88 1.91 4.39 7.83 14.68 11.58 6.06 2.88 2.93 3.21 3.67 3.00 3.00 3.64 3.00 3.64 5.35 5.07 5.31 5.36 7.00 8.62 7.77
-2.40 -2.30 -2.12 -1.98 -1.87 -1.78 -1.76 -1.85 -2.02 -2.27 -2.54 -2.77 -2.93 -2.99 -2.95 -2.79 -2.57 -2.35 -2.16 -2.10 -2.09 -2.06 -2.07 -2.19 -2.32 -2.41 -2.46 -2.48 -2.46 -2.40 -2.34 -2.31 -2.34 -2.43 -2.59 -2.82 -3.09 -3.36 -3.60 -3.77 -3.85 -3.82 -3.71 -3.57 -3.34 -2.89 -2.41 -2.08 -0.65 -0.24 4.70 5.79 3.13 3.13 4.09 6.25 13.25 13.76 11.36 9.59 3.96 3.01 3.92 3.96 3.00 2.99 3.00 3.08 2.99 4.09 5.10 6.97 5.92 6.84 7.88 10.93
-1.48 -1.44 -1.34 -1.21 -1.09 -1.06 -1.09 -1.19 -1.34 -1.57 -1.84 -2.14 -2.37 -2.41 -2.37 -2.33 -2.25 -2.04 -1.84 -1.75 -1.73 -1.76 -1.84 -1.95 -2.09 -2.22 -2.34 -2.39 -2.43 -2.49 -2.55 -2.60 -2.66 -2.76 -2.91 -3.15 -3.41 -3.64 -3.82 -3.95 -3.98 -3.84 -3.60 -3.33 -2.98 -2.53 -2.09 -1.75 -0.09 0.49 0.92 3.03 5.02 4.06 4.96 4.48 5.88 8.65 4.19 4.00 2.99 2.04 2.99 2.99 3.00 3.96 2.95 4.01 3.86 4.00 4.14 5.08 4.03 4.08 5.18 8.23
-0.75 -0.77 -0.77 -0.63 -0.51 -0.52 -0.59 -0.69 -0.84 -1.08 -1.34 -1.59 -1.78 -1.80 -1.78 -1.80 -1.79 -1.69 -1.55 -1.42 -1.35 -1.46 -1.62 -1.74 -1.86 -2.01 -2.18 -2.35 -2.52 -2.65 -2.77 -2.90 -3.03 -3.14 -3.28 -3.54 -3.79 -3.91 -3.95 -3.96 -3.88 -3.66 -3.36 -3.00 -2.60 -2.20 -1.80 -1.42 0.07 0.68 3.09 1.95 2.20 3.37 5.63 3.73 1.79 1.72 2.95 2.25 2.30 2.97 3.00 3.00 3.00 3.66 3.97 4.63 5.75 5.54 5.12 5.07 4.34 4.56 4.44 4.30
-0.39 -0.38 -0.39 -0.27 -0.18 -0.26 -0.40 -0.51 -0.70 -1.09 -1.31 -1.40 -1.55 -1.56 -1.54 -1.60 -1.54 -1.40 -1.25 -1.31 -1.22 -1.31 -1.40 -1.53 -1.68 -1.92 -2.19 -2.46 -2.71 -2.86 -2.99 -3.13 -3.27 -3.39 -3.52 -3.77 -3.99 -4.03 -3.98 -3.86 -3.68 -3.47 -3.19 -2.83 -2.40 -1.88 -1.38 -1.09 4.05 2.85 2.69 2.35 3.73 7.65 10.92 6.42 3.03 2.27 3.00 3.70 3.35 3.76 3.35 3.31 3.00 2.93 4.80 4.73 4.93 4.16 3.85 3.97 5.11 6.11 3.51 3.55
-0.19 -0.18 -0.19 -0.19 -0.19 -0.18 -0.19 -0.28 0.95 4.23 3.35 2.32 4.29 4.30 4.18 5.23 4.13 3.12 2.11 4.06 0.81 0.30 -1.19 -1.43 -1.70 -1.95 -2.20 -2.45 -2.70 -2.95 -3.21 -3.48 -3.71 -3.85 -3.96 -4.10 -4.21 -4.25 -4.20 -3.98 -3.70 -3.47 -3.19 -2.72 -2.19 -1.66 -1.19 -0.90 1.10 2.00 2.00 1.96 3.86 4.74 9.62 5.81 4.10 4.15 3.11 4.95 4.87 3.00 3.02 3.95 3.00 3.00 3.01 3.02 4.95 7.02 6.18 3.07 4.02 5.02 6.03 5.00
-0.19 -0.21 -0.21 -0.00 -0.90 -0.06 -0.19 -0.19 3.36 5.01 7.98 6.98 5.15 4.16 3.94 3.20 2.99 2.85 2.50 1.96 1.36 0.70 -0.96 -1.30 -1.70 -2.08 -2.43 -2.69 -2.91 -3.16 -3.42 -3.69 -3.93 -4.07 -4.18 -4.33 -4.42 -4.35 -4.19 -3.97 -3.69 -3.36 -2.96 -2.46 -1.96 -1.55 -1.19 -0.91 2.01 2.00 2.00 1.88 1.92 0.97 1.25 2.09 3.35 5.38 3.40 3.93 3.89 2.94 4.01 2.99 3.00 3.81 4.88 4.07 3.12 6.05 7.21 5.96 4.20 5.20 6.99 5.00
-0.20 -0.09 -0.69 -1.24 -1.25 -0.06 -0.20 -0.17 -0.51 2.11 4.81 6.02 5.00 6.18 5.05 4.63 3.44 4.06 2.98 2.50 1.73 0.92 -0.92 -1.28 -1.68 -2.05 -2.44 -2.91 -3.35 -3.64 -3.85 -4.00 -4.13 -4.26 -4.39 -4.56 -4.66 -4.57 -4.38 -4.18 -3.90 -3.45 -2.94 -2.42 -1.92 -1.53 -1.20 -0.90 1.72 1.86 3.30 6.71 4.28 3.04 2.10 1.83 1.41 0.95 0.82 2.66 0.72 2.28 4.21 3.72 3.65 5.12 5.58 4.11 3.00 3.79 4.79 5.02 4.11 4.53 5.40 5.37
-0.20 -0.15 -0.02 -0.01 -0.02 -0.14 -0.18 -0.27 -0.79 -0.36 0.03 4.18 4.74 4.63 4.44 5.00 6.18 4.26 3.00 2.75 1.89 0.97 -1.10 -1.46 -1.85 -2.20 -2.58 -3.12 -3.62 -3.90 -4.11 -4.34 -4.53 -4.59 -4.61 -4.66 -4.69 -4.71 -4.63 -4.35 -3.96 -3.46 -2.95 -2.52 -2.11 -1.62 -1.18 -0.95 6.85 4.64 2.20 3.24 3.46 3.26 1.19 1.14 1.03 0.91 0.85 1.49 0.90 0.96 1.86 2.44 2.93 3.93 5.21 4.44 3.00 3.00 3.74 3.63 4.71 5.26 6.55 8.70
-0.18 -0.18 -0.20 -0.19 -0.20 -0.25 -0.31 -0.37 -1.09 -0.73 -0.20 0.64 3.94 5.00 3.99 4.97 4.96 4.98 3.05 2.81 1.83 0.84 -1.33 -1.69 -2.08 -2.51 -2.96 -3.40 -3.81 -4.16 -4.46 -4.69 -4.84 -4.86 -4.83 -4.82 -4.81 -4.81 -4.71 -4.39 -3.95 -3.44 -2.95 -2.57 -2.21 -1.73 -1.31 -1.11 6.91 6.95 0.26 0.24 0.16 0.13 0.23 0.24 0.39 0.56 0.71 0.80 0.91 0.99 3.91 1.96 2.97 4.00 3.00 4.00 3.02 3.02 3.03 4.02 5.00 5.98 4.98 6.93
-0.26 -0.25 -0.26 -0.25 -0.26 -0.39 -0.53 -0.58 -1.16 -0.84 -0.35 0.45 1.45 3.15 5.54 4.81 3.91 3.08 5.10 4.33 2.65 3.31 -1.53 -1.88 -2.28 -2.78 -3.30 -3.74 -4.14 -4.52 -4.82 -4.98 -5.06 -5.07 -5.06 -5.08 -5.06 -4.92 -4.70 -4.36 -3.95 -3.45 -2.95 -2.54 -2.18 -1.82 -1.53 -1.38 0.43 0.13 -0.76 -0.93 -1.11 1.87 3.41 -0.91 -0.47 -0.00 0.37 0.86 3.69 0.96 1.01 2.96 2.94 4.00 3.70 2.91 3.95 4.92 3.12 3.10 3.15 4.98 3.91 5.54
-0.55 -0.54 -0.56 -0.55 -0.56 -0.67 -0.81 -0.93 -0.95 -0.62 -0.19 0.44 1.74 3.69 4.35 4.93 5.06 5.18 3.12 1.87 5.41 2.95 -1.81 -2.15 -2.56 -3.05 -3.57 -4.09 -4.53 -4.78 -4.95 -5.11 -5.21 -5.23 -5.21 -5.25 -5.22 -5.01 -4.70 -4.36 -3.96 -3.45 -2.95 -2.57 -2.26 -1.99 -1.82 -1.77 -1.90 -2.10 -2.34 -2.46 -2.58 -3.04 -3.12 -2.39 -1.63 -0.82 -0.18 1.36 0.44 0.91 1.09 1.02 0.95 3.61 5.13 4.06 4.60 3.41 3.53 3.53 2.41 4.47 6.11 6.47
-1.03 -1.01 -1.01 -0.99 -1.01 -1.14 -1.26 -1.27 -0.88 -0.54 -0.16 0.32 0.84 1.30 5.41 5.95 6.06 4.79 1.80 1.22 0.10 -0.51 -2.26 -2.61 -3.01 -3.50 -3.99 -4.41 -4.73 -4.88 -4.97 -5.10 -5.20 -5.21 -5.20 -5.21 -5.17 -4.98 -4.70 -4.34 -3.92 -3.42 -2.95 -2.65 -2.46 -2.32 -2.25 -2.21 -2.24 -2.35 -2.48 -2.60 -2.71 -2.83 -4.08 -3.47 -2.52 -1.52 -0.71 -0.27 0.34 0.72 0.98 1.08 1.04 0.81 2.69 4.03 2.90 3.03 2.79 3.21 3.50 4.45 7.19 7.88
-1.70 -1.57 -1.45 -1.42 -1.45 -1.57 -1.70 -1.71 -1.09 -0.74 -0.41 -0.05 0.37 0.74 0.98 1.09 1.11 1.00 0.73 0.20 -0.52 -1.31 -2.70 -3.06 -3.45 -3.82 -4.20 -4.60 -4.95 -5.12 -5.20 -5.21 -5.20 -5.21 -5.20 -5.09 -4.95 -4.87 -4.70 -4.23 -3.70 -3.29 -2.95 -2.65 -2.45 -2.42 -2.45 -2.43 -2.45 -2.57 -2.70 -2.71 -2.70 -2.68 -2.70 -2.84 -2.90 -1.98 -1.20 -0.62 -0.11 0.31 0.65 0.84 0.92 0.96 3.00 3.00 4.00 2.00 2.00 4.00 5.00 5.00 9.00 13.00
-2.35 -2.21 -2.09 -2.08 -2.09 -2.11 -2.12 -2.12 -1.98 -1.91 -1.85 -1.80 -1.72 -1.56 -1.42 -1.39 -1.43 -1.54 -1.24 -2.00 -2.35 -2.68 -3.13 -3.50 -3.88 -4.16 -4.41 -4.70 -4.95 -5.11 -5.20 -5.21 -5.20 -5.22 -5.21 -5.10 -4.94 -4.74 -4.48 -4.11 -3.71 -3.30 -2.96 -2.79 -2.68 -2.54 -2.45 -2.55 -2.67 -2.71 -2.71 -2.71 -2.71 -2.70 -2.70 -2.73 -2.77 -2.51 -2.25 -2.07 -0.57 -0.13 0.24 0.52 2.70 3.45 4.95 3.71 2.66 2.88 2.64 3.93 3.90 4.69 6.09 8.36
-3.00 -2.86 -2.75 -2.74 -2.75 -2.75 -2.74 -2.75 -2.74 -2.66 -2.55 -2.45 -2.38 -2.35 -2.32 -2.18 -2.11 -2.29 -2.57 -2.81 -3.07 -3.30 -3.57 -3.96 -4.33 -4.51 -4.63 -4.78 -4.93 -5.08 -5.20 -5.22 -5.20 -5.10 -5.01 -5.02 -4.96 -4.65 -4.25 -3.88 -3.50 -3.10 -2.75 -2.59 -2.51 -2.45 -2.44 -2.59 -2.72 -2.64 -2.52 -2.51 -2.52 -2.52 -2.52 -2.53 -2.51 -2.40 -2.26 -2.19 -0.92 -0.52 -0.15 0.16 0.28 0.55 3.81 5.12 4.60 5.66 5.60 6.07 6.07 7.07 7.01 7.94
-3.67 -3.53 -3.40 -3.39 -3.40 -3.40 -3.40 -3.43 -3.42 -3.31 -3.15 -2.92 -2.72 -2.72 -2.75 -2.68 -2.64 -2.78 -3.00 -3.24 -3.50 -3.74 -4.00 -4.32 -4.61 -4.75 -4.85 -4.98 -5.10 -5.16 -5.20 -5.23 -5.21 -5.08 -4.93 -4.88 -4.79 -4.53 -4.20 -3.83 -3.45 -3.04 -2.70 -2.52 -2.45 -2.44 -2.48 -2.55 -2.57 -2.45 -2.31 -2.29 -2.31 -2.31 -2.31 -2.33 -2.31 -2.20 -2.04 -1.86 -1.19 -0.88 -0.51 0.17 0.04 0.33 5.10 3.97 3.60 4.43 5.48 5.93 6.10 6.73 8.57 9.42
-4.22 -4.15 -4.09 -4.08 -4.09 -4.09 -4.07 -4.03 -3.95 -3.83 -3.69 -3.49 -3.30 -3.21 -3.17 -3.16 -3.20 -3.29 -3.44 -3.67 -3.94 -4.20 -4.45 -4.65 -4.82 -4.96 -5.08 -5.16 -5.21 -5.22 -5.20 -5.14 -5.08 -5.02 -4.95 -4.84 -4.68 -4.41 -4.08 -3.72 -3.34 -2.94 -2.59 -2.44 -2.36 -2.28 -2.22 -2.23 -2.22 -2.10 -1.97 -1.96 -1.97 -1.97 -1.97 -1.97 -1.96 -1.93 -1.84 -1.60 -1.31 -1.05 -0.64 2.06 -0.55 -0.46 -0.06 2.10 2.03 1.98 3.97 6.00 7.02 7.95 11.07 10.05
-4.55 -4.56 -4.57 -4.55 -4.55 -4.62 -4.65 -4.53 -4.37 -4.29 -4.20 -4.04 -3.87 -3.77 -3.70 -3.63 -3.61 -3.69 -3.86 -4.10 -4.37 -4.60 -4.80 -4.94 -5.05 -5.15 -5.21 -5.21 -5.20 -5.21 -5.20 -5.06 -4.93 -4.94 -4.95 -4.88 -4.71 -4.36 -3.93 -3.51 -3.10 -2.70 -2.36 -2.15 -2.01 -1.91 -1.84 -1.81 -1.77 -1.64 -1.52 -1.51 -1.52 -1.51 -1.51 -1.56 -1.59 -1.59 -1.53 -1.34 -1.11 -0.89 -0.54 -0.99 -1.36 -1.70 -1.60 -0.97 0.13 1.90 4.66 5.19 5.23 7.27 7.98 7.57
-4.75 -4.75 -4.75 -4.76 -4.80 -4.93 -5.02 -4.93 -4.81 -4.84 -4.83 -4.59 -4.35 -4.32 -4.32 -4.19 -4.10 -4.18 -4.35 -4.59 -4.81 -4.92 -5.00 -5.11 -5.20 -5.21 -5.19 -5.19 -5.19 -5.21 -5.20 -5.07 -4.95 -4.95 -4.95 -4.85 -4.65 -4.34 -3.95 -3.45 -2.93 -2.50 -2.14 -1.86 -1.67 -1.65 -1.64 -1.50 -1.33 -1.19 -1.08 -1.06 -1.07 -1.08 -1.13 -1.28 -1.39 -1.29 -1.13 -1.01 -0.89 -0.77 -0.66 -0.51 -1.65 -2.22 -2.20 -1.38 -0.00 1.63 5.60 6.84 5.31 6.53 7.40 7.28
-4.97 -4.96 -4.97 -5.09 -5.21 -5.22 -5.20 -5.21 -5.23 -5.24 -5.23 -5.13 -5.00 -4.86 -4.74 -4.71 -4.75 -4.86 -5.00 -5.13 -5.23 -5.24 -5.22 -5.21 -5.21 -5.21 -5.21 -5.21 -5.21 -5.22 -5.20 -5.07 -4.95 -4.95 -4.93 -4.71 -4.44 -4.22 -3.95 -3.48 -2.95 -2.40 -2.04 -1.78 -1.77 -1.67 -1.51 -1.24 -0.93 -0.77 -0.66 -0.64 -0.68 -0.79 -0.92 -1.08 -1.18 -1.08 -0.93 -0.80 -0.68 -0.54 -0.45 -0.43 -1.23 -1.76 -1.71 -0.84 0.58 3.95 5.86 8.69 8.26 7.32 7.20 7.01
-5.19 -5.20 -5.19 -5.19 -5.20 -5.18 -5.19 -5.32 -5.44 -5.46 -5.44 -5.45 -5.43 -5.31 -5.18 -5.15 -5.18 -5.31 -5.43 -5.45 -5.44 -5.44 -5.44 -5.44 -5.44 -5.44 -5.44 -5.45 -5.44 -5.33 -5.20 -5.07 -4.95 -4.83 -4.70 -4.59 -4.45 -4.25 -3.95 -3.48 -2.93 -2.17 6.48 -0.84 5.60 6.55 5.57 4.57 0.68 0.22 -0.45 -0.56 -0.69 -0.70 -0.70 -0.85 -0.96 -0.86 -0.71 -0.57 -0.46 -0.44 0.44 0.12 -0.39 -0.72 -0.56 0.36 1.72 3.20 2.01 6.03 7.04 8.07 8.14 8.04
-5.22 -5.23 -5.20 -5.18 -5.20 -5.30 -5.41 -5.44 -5.45 -5.45 -5.45 -5.46 -5.46 -5.44 -5.42 -5.42 -5.42 -5.44 -5.46 -5.46 -5.45 -5.45 -5.45 -5.45 -5.45 -5.45 -5.45 -5.47 -5.45 -5.34 -5.20 -5.07 -4.95 -4.82 -4.69 -4.60 -4.45 -4.12 -3.73 -3.36 -2.56 -2.13 5.49 3.79 4.96 5.96 6.15 7.23 6.31 0.25 -0.44 -0.56 -0.71 -0.72 -0.71 -0.74 -0.74 -0.64 -0.49 -0.33 -0.23 -0.33 0.87 1.39 3.52 4.57 4.18 2.95 4.48 8.01 6.48 5.64 8.55 8.22 5.92 8.39
-5.03 -5.14 -5.21 -5.20 -5.20 -5.34 -5.47 -5.48 -5.45 -5.44 -5.45 -5.45 -5.45 -5.45 -5.46 -5.46 -5.46 -5.45 -5.45 -5.45 -5.45 -5.45 -5.45 -5.45 -5.45 -5.45 -5.45 -5.46 -5.45 -5.34 -5.20 -5.07 -4.95 -4.82 -4.70 -4.60 -4.45 -4.09 -3.68 -3.34 -2.17 4.09 7.05 4.78 5.45 6.05 4.07 5.21 4.54 5.72 0.01 -0.03 -0.52 -0.52 -0.09 -0.14 -0.07 0.03 0.84 1.68 1.79 1.76 4.25 4.91 3.15 3.93 4.76 5.90 4.19 5.69 7.27 5.86 5.85 4.78 5.60 7.53
-4.84 -4.99 -5.09 -5.17 -5.23 -5.27 -5.32 -5.40 -5.46 -5.47 -5.46 -5.45 -5.45 -5.45 -5.45 -5.45 -5.45 -5.45 -5.45 -5.45 -5.46 -5.46 -5.46 -5.46 -5.46 -5.45 -5.45 -5.47 -5.46 -5.36 -5.21 -5.08 -4.95 -4.82 -4.70 -4.61 -4.46 -4.13 -3.71 -3.27 -1.88 -0.68 0.22 5.84 3.89 4.94 7.90 5.93 2.95 2.95 1.15 1.23 -0.43 -0.43 1.05 2.21 0.82 1.14 3.97 3.79 1.86 1.85 2.95 3.03 7.15 4.08 5.03 6.11 7.25 8.17 9.74 8.87 6.06 5.13 6.43 8.36
-4.42 -4.63 -4.76 -4.91 -5.03 -5.07 -5.12 -5.25 -5.37 -5.37 -5.36 -5.41 -5.46 -5.47 -5.46 -5.46 -5.46 -5.47 -5.46 -5.40 -5.34 -5.33 -5.34 -5.33 -5.34 -5.41 -5.46 -5.42 -5.34 -5.22 -5.09 -5.02 -4.95 -4.83 -4.70 -4.56 -4.36 -4.03 -3.62 -3.12 -1.67 -0.51 5.84 3.98 5.81 6.81 4.97 4.14 3.95 2.95 2.97 3.12 -0.61 -0.57 2.01 5.08 3.79 3.28 2.09 1.98 2.00 2.95 3.95 4.01 5.19 5.01 6.96 9.02 9.97 8.90 9.52 9.53 9.61 11.53 13.65 12.78
-3.65 -3.98 -4.25 -4.39 -4.50 -4.62 -4.76 -4.93 -5.07 -5.11 -5.13 -5.26 -5.39 -5.40 -5.38 -5.38 -5.38 -5.39 -5.38 -5.28 -5.18 -5.17 -5.18 -5.17 -5.18 -5.29 -5.38 -5.31 -5.19 -5.05 -4.93 -4.94 -4.96 -4.87 -4.70 -4.44 -4.11 -3.73 -3.30 -2.81 -1.53 -0.40 5.71 4.62 6.00 7.14 4.38 2.95 4.26 5.43 4.05 2.86 2.88 3.36 2.62 1.78 1.83 1.74 2.48 1.93 1.86 1.81 2.95 4.14 5.00 5.40 5.04 6.21 8.12 13.03 11.67 11.60 12.57 13.10 16.17 16.84
-2.81 -3.19 -3.54 -3.69 -3.79 -3.92 -4.07 -4.33 -4.58 -4.74 -4.88 -5.03 -5.16 -5.19 -5.19 -5.19 -5.19 -5.19 -5.19 -5.20 -5.20 -5.20 -5.20 -5.20 -5.20 -5.20 -5.19 -5.19 -5.16 -5.06 -4.95 -4.93 -4.91 -4.85 -4.70 -4.37 -3.94 -3.43 -2.89 -2.36 -1.45 -0.36 0.10 3.65 5.44 4.55 4.59 3.86 3.55 3.48 3.55 5.45 7.30 4.59 3.52 4.23 4.26 6.82 5.85 3.37 4.48 4.41 3.33 2.15 5.93 11.34 10.75 7.67 11.45 12.89 12.26 13.30 15.67 17.37 17.42 17.15
-2.17 -2.43 -2.66 -2.78 -2.91 -3.15 -3.41 -3.67 -3.92 -4.17 -4.43 -4.70 -4.93 -5.09 -5.19 -5.21 -5.19 -5.19 -5.19 -5.19 -5.19 -5.19 -5.19 -5.19 -5.19 -5.21 -5.19 -5.07 -4.94 -4.94 -4.94 -4.82 -4.69 -4.72 -4.69 -4.39 -3.94 -3.33 -2.69 -2.16 -1.42 -0.33 0.48 4.10 3.06 4.04 6.00 7.03 5.11 5.07 7.13 6.00 7.04 6.08 7.15 7.99 6.96 6.86 3.95 4.13 4.05 6.03 3.00 3.08 6.96 14.93 15.17 18.39 14.15 14.06 14.06 16.10 19.14 28.09 28.86 28.09
-1.51 -1.65 -1.79 -1.90 -2.03 -2.25 -2.54 -2.89 -3.28 -3.66 -4.00 -4.27 -4.50 -4.77 -4.97 -5.00 -4.97 -4.97 -4.97 -4.97 -4.97 -4.97 -4.97 -4.97 -4.96 -4.96 -4.96 -4.97 -4.94 -4.83 -4.71 -4.70 -4.69 -4.62 -4.46 -4.14 -3.72 -3.23 -3.58 -2.70 -1.52 -0.28 0.63 4.92 5.09 5.01 5.81 6.94 5.95 3.16 4.37 6.73 8.81 8.89 9.15 6.13 5.92 6.78 5.56 6.98 7.74 6.54 7.19 8.08 9.13 11.96 14.68 16.15 15.97 18.44 18.57 19.84 24.83 25.08 19.08 22.38
-1.01 -1.01 -1.07 -1.18 -1.35 -1.59 -1.86 -2.10 -2.40 -2.88 -3.38 -3.73 -4.06 -4.46 -4.77 -4.80 -4.75 -4.75 -4.75 -4.76 -4.77 -4.76 -4.77 -4.87 -4.97 -4.97 -4.95 -4.97 -4.96 -4.82 -4.69 -4.70 -4.71 -4.65 -4.47 -4.03 -3.50 -3.01 -3.93 -2.94 -2.07 -0.47 2.44 3.81 2.62 4.31 7.49 7.01 7.19 5.81 5.06 8.69 9.63 7.46 6.33 6.56 7.68 8.82 10.23 8.48 11.42 18.55 18.23 15.62 17.19 17.21 13.50 12.31 17.19 16.90 15.28 14.79 18.24 19.96 22.60 20.95
-1.04 -0.94 -0.88 -0.81 -0.81 -0.95 -1.18 -1.49 -1.85 -2.26 -2.70 -3.17 -3.63 -4.05 -4.39 -4.52 -4.55 -4.57 -4.55 -4.47 -4.39 -4.36 -4.39 -4.51 -4.65 -4.74 -4.80 -4.81 -4.80 -4.77 -4.71 -4.65 -4.55 -4.38 -4.14 -3.76 -3.30 -2.80 -3.66 -2.70 6.48 4.14 5.43 5.79 5.88 6.84 6.27 4.66 4.61 3.88 4.70 5.32 6.37 3.85 5.55 6.85 6.21 5.75 8.38 11.12 12.21 18.57 23.43 20.70 20.52 18.19 13.82 15.69 14.59 12.64 12.90 12.46 16.57 21.28 23.46 19.89
