Instances/Storebaelt/GMRTv3_3_20170610topo.asc
ncols 437
nrows 472
xllcorner 10.57763671875
yllcorner 54.71192884840614
cellsize 0.002197265625
nodata_value -2147483648
[rows 170 to 203 of 472, columns 152 to 227 of 437]
-20.53 -20.10 -19.80 -19.71 -19.82 -20.17 -20.64 -21.11 -21.63 -22.26 -22.89 -23.41 -23.78 -23.92 -23.89 -23.72 -23.52 -23.42 -23.38 -23.36 -23.38 -23.42 -23.49 -23.60 -23.72 -23.84 -23.97 -24.13 -24.36 -24.74 -25.25 -26.03 -26.80 -27.26 -27.56 -27.76 -27.88 -27.98 -28.10 -28.39 -28.67 -28.77 -28.81 -28.80 -28.78 -28.77 -28.89 -29.25 -29.77 -30.40 -31.15 -32.05 -33.04 -34.08 -35.10 -36.06 -36.77 -37.05 -36.82 -35.84 -34.35 -32.41 -30.28 -28.20 -26.21 -24.42 -22.84 -21.57 -20.46 -19.42 -18.36 -17.14 -15.86 -14.61 -13.35 -12.04
-20.77 -20.17 -19.66 -19.40 -19.32 -19.37 -19.58 -20.03 -20.61 -21.24 -21.87 -22.39 -22.79 -23.01 -23.05 -22.84 -22.61 -22.59 -22.64 -22.66 -22.71 -22.83 -22.98 -23.15 -23.31 -23.39 -23.47 -23.56 -23.70 -23.96 -24.36 -25.03 -25.73 -26.17 -26.57 -27.05 -27.52 -27.90 -28.22 -28.51 -28.73 -28.80 -28.83 -28.93 -29.01 -28.97 -28.98 -29.19 -29.55 -30.06 -30.72 -31.52 -32.50 -33.78 -35.16 -36.61 -37.81 -38.52 -38.54 -37.46 -35.68 -33.43 -30.95 -28.55 -26.28 -24.36 -22.69 -21.31 -20.09 -18.92 -17.76 -16.48 -15.18 -13.92 -12.68 -11.42
-21.03 -20.38 -19.78 -19.42 -19.18 -18.89 -18.80 -19.17 -19.74 -20.35 -20.95 -21.39 -21.72 -21.93 -22.02 -21.92 -21.78 -21.73 -21.74 -21.86 -22.01 -22.12 -22.26 -22.53 -22.77 -22.80 -22.79 -22.89 -23.05 -23.25 -23.54 -23.94 -24.42 -24.89 -25.40 -26.04 -26.68 -27.23 -27.68 -27.99 -28.15 -28.03 -27.91 -28.12 -28.36 -28.39 -28.40 -28.48 -28.66 -29.02 -29.60 -30.50 -31.69 -33.18 -34.87 -36.84 -38.59 -39.74 -40.04 -38.96 -37.02 -34.42 -31.56 -28.89 -26.43 -24.39 -22.66 -21.23 -19.94 -18.66 -17.38 -15.99 -14.61 -13.32 -12.11 -10.96
-21.49 -20.86 -20.23 -19.69 -19.21 -18.73 -18.43 -18.54 -18.87 -19.32 -19.85 -20.39 -20.88 -21.20 -21.37 -21.30 -21.14 -20.97 -20.86 -20.95 -21.11 -21.22 -21.36 -21.61 -21.86 -22.01 -22.14 -22.24 -22.37 -22.61 -22.87 -23.10 -23.35 -23.66 -24.06 -24.69 -25.32 -25.74 -26.03 -26.19 -26.25 -26.27 -26.26 -26.23 -26.22 -26.33 -26.50 -26.72 -27.01 -27.25 -27.76 -28.83 -30.31 -32.22 -34.38 -36.78 -38.97 -40.60 -41.29 -40.34 -38.30 -35.33 -31.99 -28.93 -26.18 -24.09 -22.42 -21.12 -19.93 -18.57 -17.18 -15.79 -14.44 -13.14 -11.94 -10.90
-21.93 -21.17 -20.43 -19.90 -19.44 -18.89 -18.45 -18.22 -18.21 -18.50 -18.97 -19.63 -20.23 -20.43 -20.48 -20.53 -20.48 -20.21 -19.98 -20.06 -20.23 -20.34 -20.48 -20.71 -20.98 -21.26 -21.48 -21.48 -21.48 -21.70 -21.98 -22.25 -22.48 -22.56 -22.74 -23.37 -24.00 -24.23 -24.28 -24.18 -24.05 -24.05 -24.05 -23.89 -23.80 -24.00 -24.29 -24.50 -24.78 -25.12 -25.77 -27.04 -28.76 -30.97 -33.49 -36.33 -38.96 -40.96 -41.93 -41.16 -39.17 -36.04 -32.44 -29.01 -25.96 -23.83 -22.21 -20.89 -19.71 -18.33 -16.96 -15.69 -14.45 -13.14 -11.94 -11.01
-22.35 -21.61 -20.86 -20.24 -19.66 -19.00 -18.43 -18.10 -17.98 -18.17 -18.52 -18.93 -19.33 -19.64 -19.81 -19.74 -19.58 -19.41 -19.30 -19.40 -19.56 -19.67 -19.81 -20.08 -20.32 -20.37 -20.39 -20.48 -20.62 -20.85 -21.11 -21.37 -21.61 -21.86 -22.09 -22.34 -22.49 -22.35 -22.09 -21.72 -21.40 -21.37 -21.42 -21.34 -21.35 -21.67 -22.09 -22.41 -22.79 -23.26 -24.00 -25.24 -27.00 -29.50 -32.40 -35.57 -38.52 -40.90 -42.17 -41.48 -39.43 -36.10 -32.26 -28.67 -25.53 -23.50 -22.00 -20.70 -19.50 -18.10 -16.74 -15.55 -14.45 -13.40 -12.38 -11.38
-23.00 -22.18 -21.31 -20.56 -19.86 -19.20 -18.62 -18.08 -17.75 -17.82 -18.09 -18.46 -18.83 -19.04 -19.14 -19.14 -19.07 -18.93 -18.81 -18.82 -18.89 -19.00 -19.14 -19.32 -19.47 -19.48 -19.46 -19.46 -19.53 -19.77 -20.07 -20.34 -20.58 -20.80 -20.92 -20.90 -20.74 -20.43 -20.03 -19.51 -19.05 -18.88 -18.88 -19.04 -19.28 -19.54 -19.86 -20.28 -20.80 -21.38 -22.23 -23.54 -25.41 -28.10 -31.28 -34.87 -38.24 -40.92 -42.36 -41.64 -39.45 -35.89 -31.84 -28.21 -25.10 -23.09 -21.61 -20.29 -19.09 -17.77 -16.51 -15.45 -14.46 -13.45 -12.46 -11.54
-23.51 -22.65 -21.73 -20.96 -20.23 -19.52 -18.85 -18.18 -17.68 -17.54 -17.63 -17.91 -18.24 -18.48 -18.63 -18.66 -18.63 -18.60 -18.55 -18.43 -18.36 -18.49 -18.65 -18.72 -18.75 -18.68 -18.61 -18.59 -18.61 -18.69 -18.82 -19.01 -19.18 -19.26 -19.28 -19.29 -19.17 -18.83 -18.38 -17.91 -17.48 -17.19 -17.05 -17.19 -17.44 -17.64 -17.91 -18.35 -18.93 -19.61 -20.59 -22.01 -24.00 -26.87 -30.30 -34.35 -38.18 -41.18 -42.78 -41.92 -39.48 -35.68 -31.43 -27.69 -24.52 -22.51 -21.06 -19.80 -18.69 -17.50 -16.34 -15.31 -14.34 -13.39 -12.48 -11.60
-23.92 -23.13 -22.31 -21.50 -20.69 -19.86 -19.07 -18.30 -17.68 -17.39 -17.31 -17.44 -17.67 -17.95 -18.19 -18.29 -18.31 -18.27 -18.21 -18.13 -18.08 -18.09 -18.10 -18.07 -17.99 -17.81 -17.62 -17.56 -17.52 -17.44 -17.40 -17.46 -17.53 -17.47 -17.39 -17.36 -17.29 -17.05 -16.76 -16.49 -16.24 -15.98 -15.80 -15.78 -15.89 -16.15 -16.51 -16.95 -17.53 -18.24 -19.28 -20.78 -22.90 -25.96 -29.64 -34.04 -38.18 -41.28 -42.87 -41.90 -39.28 -35.24 -30.76 -26.95 -23.74 -21.58 -20.03 -18.88 -17.92 -16.84 -15.79 -14.82 -13.91 -13.09 -12.28 -11.39
-24.47 -23.70 -22.89 -22.03 -21.13 -20.18 -19.27 -18.45 -17.77 -17.32 -17.08 -17.14 -17.34 -17.59 -17.84 -18.03 -18.12 -18.01 -17.85 -17.83 -17.80 -17.64 -17.44 -17.24 -17.01 -16.71 -16.42 -16.24 -16.09 -15.86 -15.66 -15.60 -15.56 -15.44 -15.29 -15.14 -15.01 -14.93 -14.87 -14.83 -14.82 -14.82 -14.83 -14.81 -14.89 -15.23 -15.67 -16.05 -16.56 -17.28 -18.38 -19.96 -22.21 -25.46 -29.35 -33.96 -38.23 -41.23 -42.60 -41.39 -38.53 -34.33 -29.77 -26.00 -22.80 -20.39 -18.60 -17.47 -16.62 -15.65 -14.71 -13.80 -12.95 -12.23 -11.54 -10.76
-25.08 -24.23 -23.31 -22.45 -21.56 -20.54 -19.55 -18.71 -18.00 -17.38 -16.98 -16.95 -17.12 -17.37 -17.64 -17.79 -17.84 -17.75 -17.60 -17.47 -17.30 -17.05 -16.74 -16.34 -15.91 -15.49 -15.09 -14.79 -14.49 -14.04 -13.64 -13.48 -13.38 -13.25 -13.13 -13.01 -12.92 -12.92 -12.98 -13.11 -13.31 -13.61 -13.91 -14.07 -14.23 -14.54 -14.92 -15.25 -15.76 -16.58 -17.80 -19.49 -21.88 -25.45 -29.64 -34.39 -38.63 -41.39 -42.40 -40.72 -37.45 -33.17 -28.61 -24.80 -21.52 -18.91 -16.94 -15.76 -14.93 -14.06 -13.23 -12.37 -11.58 -10.96 -10.40 -9.80
-25.51 -24.67 -23.78 -22.92 -22.03 -21.02 -20.01 -19.06 -18.25 -17.64 -17.23 -17.00 -16.96 -17.18 -17.42 -17.45 -17.40 -17.29 -17.13 -16.88 -16.57 -16.21 -15.79 -15.29 -14.76 -14.26 -13.75 -13.21 -12.68 -12.14 -11.69 -11.51 -11.42 -11.28 -11.19 -11.17 -11.22 -11.33 -11.50 -11.74 -12.03 -12.41 -12.79 -13.06 -13.30 -13.51 -13.82 -14.34 -15.08 -16.03 -17.40 -19.29 -22.00 -26.21 -30.93 -35.66 -39.60 -41.76 -42.13 -40.08 -36.55 -32.01 -27.22 -23.17 -19.68 -16.94 -14.90 -13.70 -12.92 -12.14 -11.47 -10.84 -10.26 -9.77 -9.27 -8.67
-25.95 -25.23 -24.45 -23.62 -22.70 -21.57 -20.45 -19.51 -18.70 -17.98 -17.45 -17.24 -17.20 -17.20 -17.20 -17.10 -16.95 -16.74 -16.45 -15.98 -15.45 -14.96 -14.44 -13.82 -13.19 -12.71 -12.19 -11.43 -10.69 -10.26 -9.94 -9.65 -9.44 -9.40 -9.44 -9.54 -9.70 -9.91 -10.20 -10.55 -10.95 -11.34 -11.70 -11.95 -12.20 -12.52 -12.95 -13.43 -14.20 -15.41 -17.20 -19.64 -22.95 -27.82 -32.95 -37.40 -40.70 -41.95 -41.45 -38.98 -35.19 -30.41 -25.44 -21.27 -17.69 -14.82 -12.69 -11.57 -10.94 -10.40 -9.95 -9.45 -8.95 -8.45 -7.95 -7.45
-26.37 -25.79 -25.12 -24.30 -23.36 -22.24 -21.10 -20.07 -19.12 -18.31 -17.65 -17.25 -16.98 -16.76 -16.54 -16.21 -15.85 -15.53 -15.14 -14.57 -13.92 -13.31 -12.69 -12.05 -11.44 -10.96 -10.44 -9.67 -8.92 -8.47 -8.18 -7.98 -7.90 -7.96 -8.11 -8.31 -8.58 -8.92 -9.29 -9.66 -10.04 -10.45 -10.80 -10.95 -11.09 -11.38 -11.84 -12.48 -13.53 -15.18 -17.59 -21.10 -25.33 -30.33 -35.14 -38.94 -41.38 -41.71 -40.37 -37.34 -33.24 -28.52 -23.69 -19.41 -15.70 -12.78 -10.67 -9.64 -9.16 -8.83 -8.61 -8.24 -7.84 -7.46 -7.05 -6.55
-27.04 -26.35 -25.57 -24.84 -24.02 -22.92 -21.77 -20.73 -19.77 -18.89 -18.10 -17.39 -16.79 -16.34 -15.92 -15.38 -14.79 -14.25 -13.66 -12.93 -12.19 -11.54 -10.93 -10.28 -9.66 -9.17 -8.66 -7.99 -7.34 -6.90 -6.60 -6.38 -6.34 -6.61 -6.99 -7.29 -7.65 -8.21 -8.78 -9.20 -9.54 -9.86 -10.09 -10.10 -10.13 -10.38 -10.88 -11.63 -13.00 -15.45 -18.77 -23.13 -27.95 -32.97 -37.37 -40.29 -41.68 -41.06 -38.91 -35.39 -31.06 -26.48 -21.90 -17.68 -14.03 -11.31 -9.39 -8.36 -7.88 -7.70 -7.61 -7.26 -6.87 -6.61 -6.34 -5.93
-27.37 -26.82 -26.18 -25.50 -24.69 -23.61 -22.44 -21.36 -20.31 -19.27 -18.25 -17.23 -16.28 -15.51 -14.79 -13.99 -13.19 -12.46 -11.77 -11.08 -10.42 -9.77 -9.15 -8.58 -8.05 -7.55 -7.05 -6.49 -5.96 -5.51 -5.19 -5.04 -5.09 -5.39 -5.87 -6.44 -7.10 -7.85 -8.52 -8.94 -9.24 -9.54 -9.75 -9.72 -9.72 -9.92 -10.47 -11.41 -13.17 -16.31 -20.42 -25.52 -30.79 -35.55 -39.30 -41.26 -41.59 -39.97 -37.03 -33.17 -28.83 -24.57 -20.43 -16.59 -13.26 -10.80 -9.07 -8.16 -7.73 -7.50 -7.35 -7.00 -6.61 -6.28 -5.96 -5.65
-27.72 -27.28 -26.74 -26.07 -25.24 -24.18 -23.00 -21.77 -20.51 -19.26 -18.00 -16.64 -15.35 -14.27 -13.31 -12.40 -11.54 -10.68 -9.88 -9.23 -8.64 -8.05 -7.51 -7.07 -6.64 -6.13 -5.62 -5.16 -4.75 -4.38 -4.13 -4.12 -4.28 -4.54 -5.00 -5.78 -6.67 -7.53 -8.30 -8.89 -9.31 -9.54 -9.65 -9.69 -9.78 -9.93 -10.50 -11.78 -14.03 -17.79 -22.48 -28.04 -33.45 -37.73 -40.69 -41.75 -41.15 -38.65 -35.05 -30.97 -26.73 -22.90 -19.33 -16.04 -13.22 -11.10 -9.59 -8.78 -8.34 -8.02 -7.74 -7.31 -6.86 -6.45 -6.11 -5.89
-27.98 -27.59 -27.08 -26.42 -25.59 -24.52 -23.27 -21.84 -20.32 -18.86 -17.36 -15.71 -14.13 -12.86 -11.75 -10.77 -9.88 -9.00 -8.21 -7.53 -6.94 -6.45 -6.04 -5.73 -5.41 -4.95 -4.49 -4.14 -3.85 -3.55 -3.35 -3.39 -3.61 -3.98 -4.54 -5.36 -6.30 -7.27 -8.17 -8.89 -9.43 -9.71 -9.86 -9.96 -10.12 -10.32 -11.03 -12.63 -15.28 -19.54 -24.64 -30.32 -35.57 -39.30 -41.49 -41.59 -40.06 -36.92 -32.96 -28.88 -24.94 -21.72 -18.87 -16.17 -13.87 -12.15 -10.91 -10.23 -9.78 -9.24 -8.72 -8.21 -7.73 -7.26 -6.88 -6.71
-27.96 -27.67 -27.24 -26.58 -25.69 -24.49 -23.06 -21.41 -19.67 -18.01 -16.32 -14.47 -12.72 -11.35 -10.19 -9.18 -8.29 -7.50 -6.80 -6.15 -5.60 -5.22 -4.93 -4.69 -4.44 -4.10 -3.76 -3.50 -3.26 -3.00 -2.83 -2.87 -3.13 -3.71 -4.48 -5.30 -6.21 -7.25 -8.24 -8.97 -9.55 -10.00 -10.33 -10.43 -10.62 -11.06 -12.03 -13.79 -16.61 -21.16 -26.47 -32.16 -37.18 -40.30 -41.68 -40.84 -38.47 -34.89 -30.80 -26.98 -23.55 -21.06 -18.99 -16.90 -15.09 -13.77 -12.81 -12.24 -11.76 -11.00 -10.22 -9.62 -9.10 -8.54 -8.09 -7.90
-27.90 -27.61 -27.12 -26.37 -25.33 -23.93 -22.28 -20.39 -18.44 -16.68 -14.93 -13.00 -11.19 -9.81 -8.72 -7.93 -7.27 -6.50 -5.80 -5.26 -4.84 -4.56 -4.35 -4.11 -3.87 -3.64 -3.42 -3.17 -2.94 -2.76 -2.70 -2.86 -3.24 -3.92 -4.75 -5.62 -6.54 -7.54 -8.51 -9.34 -10.03 -10.47 -10.80 -11.02 -11.37 -11.99 -13.14 -15.03 -17.94 -22.60 -27.96 -33.58 -38.33 -40.79 -41.38 -39.83 -36.88 -32.99 -28.86 -25.41 -22.55 -20.69 -19.27 -17.77 -16.47 -15.54 -14.81 -14.16 -13.54 -12.79 -12.01 -11.22 -10.49 -9.90 -9.46 -9.26
-27.42 -27.03 -26.42 -25.56 -24.41 -22.92 -21.14 -19.03 -16.89 -15.09 -13.38 -11.56 -9.90 -8.64 -7.66 -6.98 -6.42 -5.77 -5.18 -4.76 -4.44 -4.16 -3.94 -3.81 -3.70 -3.58 -3.45 -3.33 -3.21 -3.03 -2.96 -3.23 -3.72 -4.40 -5.22 -6.21 -7.22 -8.13 -8.97 -9.76 -10.46 -11.00 -11.47 -11.93 -12.49 -13.12 -14.24 -16.22 -19.24 -23.95 -29.23 -34.45 -38.70 -40.77 -40.92 -38.67 -35.14 -31.10 -27.13 -24.17 -21.93 -20.60 -19.71 -18.79 -17.99 -17.35 -16.77 -16.18 -15.52 -14.66 -13.76 -12.98 -12.26 -11.57 -11.01 -10.67
-26.54 -26.14 -25.55 -24.74 -23.56 -21.70 -19.59 -17.57 -15.58 -13.64 -11.83 -10.19 -8.79 -7.76 -6.99 -6.44 -5.98 -5.43 -4.95 -4.64 -4.43 -4.26 -4.15 -4.16 -4.14 -3.90 -3.66 -3.62 -3.64 -3.56 -3.61 -4.01 -4.60 -5.30 -6.11 -6.98 -7.88 -8.79 -9.64 -10.30 -10.90 -11.52 -12.14 -12.71 -13.38 -14.16 -15.36 -17.14 -19.90 -24.52 -29.69 -34.72 -38.72 -40.43 -40.25 -37.75 -34.04 -29.80 -25.79 -23.22 -21.48 -20.50 -19.93 -19.34 -18.87 -18.59 -18.31 -17.89 -17.29 -16.34 -15.30 -14.39 -13.58 -12.90 -12.35 -11.93
-25.68 -25.07 -24.27 -23.32 -22.07 -20.26 -18.24 -16.22 -14.23 -12.36 -10.66 -9.22 -8.06 -7.29 -6.72 -6.16 -5.70 -5.35 -5.10 -4.91 -4.80 -4.76 -4.76 -4.80 -4.77 -4.51 -4.25 -4.20 -4.27 -4.42 -4.69 -5.14 -5.70 -6.31 -6.99 -7.75 -8.54 -9.34 -10.10 -10.75 -11.36 -11.98 -12.61 -13.20 -13.89 -14.71 -15.91 -17.61 -20.20 -24.49 -29.37 -34.33 -38.34 -40.14 -39.97 -37.21 -33.24 -29.04 -25.19 -22.76 -21.20 -20.47 -20.16 -19.80 -19.56 -19.54 -19.50 -19.22 -18.69 -17.75 -16.67 -15.67 -14.72 -13.82 -13.06 -12.65
-24.45 -23.77 -22.94 -21.94 -20.68 -18.98 -17.08 -15.14 -13.24 -11.47 -9.90 -8.67 -7.72 -7.10 -6.67 -6.29 -6.00 -5.81 -5.69 -5.63 -5.61 -5.60 -5.60 -5.63 -5.60 -5.44 -5.26 -5.12 -5.09 -5.29 -5.63 -6.08 -6.63 -7.23 -7.88 -8.54 -9.22 -9.90 -10.55 -11.09 -11.63 -12.27 -12.91 -13.41 -13.99 -14.72 -15.83 -17.46 -19.91 -23.83 -28.39 -33.36 -37.57 -39.71 -39.94 -37.49 -33.75 -29.62 -25.73 -23.17 -21.45 -20.56 -20.18 -20.03 -20.04 -20.08 -20.07 -19.90 -19.50 -18.69 -17.67 -16.57 -15.47 -14.52 -13.70 -13.13
-23.24 -22.48 -21.62 -20.58 -19.34 -17.81 -16.12 -14.29 -12.47 -10.78 -9.36 -8.45 -7.80 -7.23 -6.80 -6.60 -6.49 -6.33 -6.24 -6.29 -6.39 -6.47 -6.53 -6.54 -6.53 -6.50 -6.43 -6.27 -6.17 -6.27 -6.53 -6.99 -7.54 -8.10 -8.66 -9.20 -9.75 -10.31 -10.87 -11.37 -11.87 -12.36 -12.86 -13.32 -13.86 -14.48 -15.45 -16.99 -19.32 -22.95 -27.26 -32.17 -36.51 -39.10 -39.92 -38.13 -34.94 -31.07 -27.20 -24.38 -22.28 -21.01 -20.38 -20.30 -20.46 -20.50 -20.47 -20.36 -20.02 -19.25 -18.27 -17.20 -16.13 -15.21 -14.38 -13.57
-22.16 -21.24 -20.30 -19.34 -18.24 -16.85 -15.33 -13.73 -12.13 -10.56 -9.24 -8.51 -8.02 -7.52 -7.13 -6.91 -6.79 -6.68 -6.65 -6.76 -6.93 -7.08 -7.21 -7.22 -7.21 -7.23 -7.22 -7.09 -6.97 -7.02 -7.21 -7.61 -8.10 -8.59 -9.09 -9.59 -10.08 -10.52 -10.95 -11.42 -11.86 -12.16 -12.47 -12.86 -13.36 -13.93 -14.85 -16.27 -18.47 -21.94 -26.13 -31.00 -35.50 -38.64 -40.16 -39.16 -36.64 -33.04 -29.19 -26.19 -23.80 -22.20 -21.23 -20.93 -20.94 -20.94 -20.88 -20.63 -20.18 -19.44 -18.54 -17.60 -16.65 -15.77 -14.90 -13.98
-21.06 -19.99 -18.97 -18.21 -17.39 -16.17 -14.82 -13.53 -12.24 -10.81 -9.56 -8.86 -8.40 -7.98 -7.64 -7.33 -7.12 -7.09 -7.15 -7.24 -7.35 -7.46 -7.54 -7.56 -7.55 -7.57 -7.56 -7.41 -7.30 -7.36 -7.55 -7.87 -8.28 -8.77 -9.28 -9.75 -10.19 -10.60 -10.97 -11.32 -11.62 -11.87 -12.12 -12.42 -12.85 -13.43 -14.35 -15.74 -17.86 -21.13 -25.15 -29.98 -34.63 -38.28 -40.50 -40.32 -38.54 -35.32 -31.65 -28.61 -26.03 -24.11 -22.79 -22.16 -21.89 -21.68 -21.44 -20.96 -20.34 -19.64 -18.86 -18.05 -17.20 -16.33 -15.44 -14.52
-19.97 -18.77 -17.70 -17.07 -16.50 -15.67 -14.72 -13.69 -12.57 -11.26 -10.11 -9.49 -9.09 -8.72 -8.41 -8.12 -7.91 -7.87 -7.88 -7.83 -7.78 -7.76 -7.74 -7.73 -7.71 -7.70 -7.66 -7.54 -7.45 -7.52 -7.70 -8.02 -8.44 -8.94 -9.44 -9.83 -10.24 -10.81 -11.34 -11.64 -11.86 -12.07 -12.32 -12.62 -13.06 -13.65 -14.57 -15.96 -18.00 -20.97 -24.65 -29.22 -33.79 -37.69 -40.39 -40.93 -39.97 -37.61 -34.59 -31.66 -28.91 -26.71 -25.04 -24.16 -23.63 -23.05 -22.49 -21.86 -21.19 -20.45 -19.68 -18.95 -18.19 -17.34 -16.48 -15.59
-18.85 -17.64 -16.61 -16.03 -15.64 -15.35 -14.96 -14.19 -13.24 -12.10 -11.01 -10.25 -9.74 -9.58 -9.51 -9.27 -9.02 -8.89 -8.75 -8.50 -8.24 -8.09 -7.96 -7.83 -7.69 -7.55 -7.45 -7.42 -7.45 -7.54 -7.71 -8.04 -8.47 -8.94 -9.48 -10.09 -10.76 -11.55 -12.27 -12.73 -13.03 -13.15 -13.28 -13.58 -14.04 -14.65 -15.53 -16.72 -18.50 -21.26 -24.71 -28.89 -33.15 -36.98 -39.90 -41.10 -41.01 -39.57 -37.37 -34.94 -32.43 -30.14 -28.17 -26.86 -25.85 -24.90 -24.05 -23.28 -22.55 -21.80 -21.06 -20.31 -19.56 -18.80 -18.07 -17.43
-17.52 -16.38 -15.51 -15.13 -14.99 -15.02 -14.95 -14.42 -13.67 -12.79 -11.89 -11.05 -10.40 -10.20 -10.16 -10.05 -9.90 -9.67 -9.41 -9.17 -8.91 -8.54 -8.18 -7.89 -7.69 -7.65 -7.68 -7.65 -7.68 -7.86 -8.16 -8.60 -9.14 -9.72 -10.37 -11.10 -11.86 -12.66 -13.36 -13.80 -14.11 -14.34 -14.60 -15.05 -15.59 -16.13 -16.85 -17.85 -19.37 -21.83 -24.92 -28.64 -32.48 -36.07 -39.01 -40.79 -41.46 -40.69 -39.12 -37.19 -35.05 -32.99 -31.02 -29.32 -27.82 -26.48 -25.36 -24.53 -23.86 -23.21 -22.60 -21.98 -21.33 -20.56 -19.83 -19.27
-16.62 -15.46 -14.59 -14.30 -14.32 -14.55 -14.75 -14.55 -14.14 -13.54 -12.82 -12.02 -11.29 -10.86 -10.61 -10.59 -10.58 -10.37 -10.06 -9.72 -9.35 -8.96 -8.59 -8.30 -8.07 -7.92 -7.85 -7.88 -8.05 -8.44 -8.95 -9.50 -10.15 -10.97 -11.83 -12.60 -13.35 -14.15 -14.86 -15.28 -15.61 -15.97 -16.34 -16.71 -17.13 -17.67 -18.39 -19.31 -20.68 -22.86 -25.57 -28.73 -32.01 -35.20 -37.92 -39.71 -40.67 -40.64 -39.89 -38.56 -36.90 -35.26 -33.54 -31.66 -29.84 -28.23 -26.89 -26.04 -25.39 -24.74 -24.15 -23.64 -23.12 -22.44 -21.80 -21.38
-15.70 -14.73 -14.04 -13.78 -13.80 -14.16 -14.51 -14.48 -14.22 -13.66 -12.99 -12.39 -11.84 -11.37 -11.05 -11.02 -11.06 -10.94 -10.72 -10.36 -9.95 -9.53 -9.16 -8.96 -8.84 -8.75 -8.75 -8.86 -9.16 -9.77 -10.52 -11.29 -12.11 -13.03 -13.91 -14.60 -15.23 -15.94 -16.58 -17.02 -17.35 -17.64 -17.93 -18.29 -18.70 -19.17 -19.79 -20.62 -21.85 -23.72 -26.06 -28.86 -31.78 -34.49 -36.84 -38.53 -39.61 -40.02 -39.86 -39.23 -38.18 -36.77 -35.08 -33.18 -31.29 -29.63 -28.26 -27.40 -26.77 -26.13 -25.54 -25.01 -24.53 -24.09 -23.66 -23.17
-15.24 -14.45 -13.90 -13.64 -13.64 -14.03 -14.42 -14.42 -14.17 -13.57 -12.90 -12.45 -12.09 -11.74 -11.49 -11.45 -11.49 -11.48 -11.40 -11.10 -10.74 -10.48 -10.27 -10.10 -10.00 -10.01 -10.15 -10.46 -10.96 -11.71 -12.61 -13.67 -14.70 -15.49 -16.18 -16.84 -17.44 -17.97 -18.42 -18.76 -19.04 -19.30 -19.54 -19.74 -19.98 -20.30 -20.82 -21.64 -22.82 -24.49 -26.52 -28.95 -31.44 -33.65 -35.58 -37.09 -38.20 -38.88 -39.16 -39.06 -38.54 -37.51 -36.10 -34.31 -32.47 -30.92 -29.63 -28.72 -27.98 -27.23 -26.57 -26.10 -25.72 -25.36 -25.00 -24.53
-15.15 -14.47 -14.00 -13.82 -13.86 -14.19 -14.51 -14.55 -14.36 -13.83 -13.21 -12.75 -12.38 -12.09 -11.91 -11.88 -11.91 -11.92 -11.91 -11.85 -11.77 -11.69 -11.62 -11.56 -11.56 -11.69 -11.94 -12.36 -12.96 -13.83 -14.84 -15.99 -17.04 -17.68 -18.17 -18.74 -19.23 -19.53 -19.75 -19.95 -20.13 -20.33 -20.52 -20.67 -20.87 -21.14 -21.60 -22.39 -23.49 -24.97 -26.74 -28.80 -30.88 -32.74 -34.37 -35.68 -36.74 -37.64 -38.25 -38.52 -38.38 -37.71 -36.62 -35.05 -33.34 -31.81 -30.47 -29.51 -28.72 -27.96 -27.32 -26.92 -26.60 -26.21 -25.84 -25.49
