Instances/Storebaelt/GMRTv3_3_20170610topo.asc
ncols 437
nrows 472
xllcorner 10.57763671875
yllcorner 54.71192884840614
cellsize 0.002197265625
nodata_value -2147483648
[rows 68 to 101 of 472, columns 76 to 151 of 437]
-25.87 -25.43 -24.88 -24.17 -23.49 -23.05 -22.77 -22.64 -22.67 -22.93 -23.29 -23.66 -23.93 -23.93 -23.79 -23.56 -23.29 -22.96 -22.76 -22.91 -23.26 -23.68 -24.29 -25.20 -26.33 -27.67 -29.16 -30.82 -32.31 -33.28 -33.74 -33.59 -32.88 -31.49 -29.83 -28.23 -26.74 -25.56 -24.67 -24.14 -23.86 -23.76 -23.79 -23.87 -24.03 -24.28 -24.53 -24.70 -24.80 -24.81 -24.78 -24.79 -24.83 -24.99 -25.14 -25.17 -25.12 -25.04 -24.87 -24.58 -24.21 -23.74 -23.27 -22.90 -22.50 -21.95 -21.27 -20.47 -19.55 -18.49 -17.38 -16.34 -15.33 -14.30 -13.44 -13.02
-27.03 -26.48 -25.77 -24.96 -24.16 -23.54 -23.08 -22.80 -22.75 -23.04 -23.45 -23.78 -24.02 -24.09 -24.03 -23.80 -23.51 -23.24 -23.09 -23.27 -23.59 -23.84 -24.23 -24.93 -25.82 -26.86 -28.10 -29.71 -31.32 -32.64 -33.58 -33.98 -33.74 -32.52 -30.83 -28.96 -27.12 -25.61 -24.38 -23.53 -22.97 -22.67 -22.57 -22.61 -22.75 -23.00 -23.26 -23.42 -23.52 -23.54 -23.52 -23.48 -23.46 -23.52 -23.63 -23.83 -24.01 -24.09 -24.11 -24.10 -24.05 -23.95 -23.82 -23.66 -23.46 -23.25 -22.95 -22.54 -21.93 -20.96 -19.85 -18.87 -17.77 -16.18 -14.68 -13.90
-27.46 -27.16 -26.63 -25.81 -24.93 -24.19 -23.58 -23.20 -23.04 -23.18 -23.49 -23.88 -24.22 -24.31 -24.26 -24.04 -23.79 -23.61 -23.55 -23.76 -24.06 -24.26 -24.54 -25.05 -25.69 -26.37 -27.28 -28.65 -30.19 -31.74 -33.07 -33.98 -34.25 -33.42 -31.96 -30.03 -27.96 -26.12 -24.55 -23.45 -22.66 -22.12 -21.81 -21.72 -21.80 -22.01 -22.25 -22.39 -22.46 -22.50 -22.47 -22.31 -22.16 -22.11 -22.16 -22.36 -22.59 -22.76 -22.91 -23.04 -23.18 -23.36 -23.51 -23.60 -23.66 -23.77 -23.82 -23.76 -23.51 -22.96 -22.16 -21.18 -19.93 -18.17 -16.42 -15.16
-27.15 -27.31 -27.24 -26.76 -26.04 -25.12 -24.26 -23.74 -23.48 -23.51 -23.71 -23.95 -24.18 -24.36 -24.44 -24.37 -24.23 -24.07 -23.99 -24.19 -24.48 -24.71 -24.98 -25.30 -25.68 -26.06 -26.65 -27.72 -29.09 -30.76 -32.36 -33.55 -34.19 -33.96 -33.05 -31.37 -29.33 -27.23 -25.27 -23.82 -22.70 -21.91 -21.43 -21.33 -21.41 -21.53 -21.66 -21.67 -21.65 -21.67 -21.63 -21.38 -21.12 -21.08 -21.09 -21.05 -21.06 -21.29 -21.56 -21.68 -21.81 -22.04 -22.34 -22.71 -23.13 -23.54 -23.93 -24.31 -24.51 -24.33 -23.83 -23.01 -21.87 -20.33 -18.66 -17.04
-26.48 -27.11 -27.45 -27.24 -26.69 -25.83 -24.92 -24.19 -23.69 -23.60 -23.70 -23.82 -23.96 -24.08 -24.20 -24.34 -24.44 -24.44 -24.44 -24.53 -24.69 -24.94 -25.19 -25.31 -25.45 -25.74 -26.21 -26.94 -27.98 -29.55 -31.24 -32.81 -33.96 -34.32 -33.93 -32.57 -30.66 -28.41 -26.16 -24.36 -22.93 -22.00 -21.44 -21.21 -21.20 -21.31 -21.45 -21.48 -21.45 -21.36 -21.20 -20.97 -20.70 -20.44 -20.21 -20.04 -19.97 -20.07 -20.23 -20.33 -20.49 -20.82 -21.24 -21.70 -22.23 -22.84 -23.47 -24.15 -24.70 -24.98 -24.92 -24.35 -23.40 -22.16 -20.64 -18.77
-25.18 -26.13 -26.82 -26.94 -26.71 -26.24 -25.60 -24.83 -24.12 -23.70 -23.48 -23.41 -23.51 -23.85 -24.22 -24.36 -24.45 -24.56 -24.68 -24.80 -24.92 -25.06 -25.20 -25.33 -25.45 -25.55 -25.76 -26.13 -26.85 -28.25 -29.91 -31.63 -33.10 -34.00 -34.20 -33.33 -31.78 -29.71 -27.47 -25.47 -23.77 -22.60 -21.84 -21.48 -21.39 -21.49 -21.65 -21.70 -21.65 -21.44 -21.16 -20.92 -20.68 -20.43 -20.18 -19.93 -19.72 -19.61 -19.53 -19.39 -19.35 -19.55 -19.89 -20.34 -20.91 -21.61 -22.39 -23.24 -24.08 -24.91 -25.42 -25.21 -24.53 -23.53 -22.20 -20.48
-23.84 -25.10 -26.16 -26.61 -26.69 -26.52 -26.09 -25.37 -24.58 -23.92 -23.42 -23.22 -23.24 -23.48 -23.83 -24.18 -24.48 -24.62 -24.72 -24.84 -24.97 -25.11 -25.23 -25.25 -25.27 -25.35 -25.50 -25.65 -26.09 -27.23 -28.73 -30.53 -32.22 -33.45 -34.06 -33.74 -32.69 -30.88 -28.77 -26.80 -25.02 -23.66 -22.65 -22.06 -21.78 -21.77 -21.87 -21.89 -21.87 -21.75 -21.55 -21.23 -20.86 -20.51 -20.16 -19.81 -19.48 -19.25 -19.05 -18.78 -18.59 -18.67 -18.91 -19.24 -19.73 -20.43 -21.27 -22.23 -23.25 -24.41 -25.34 -25.65 -25.49 -24.84 -23.77 -22.35
-22.46 -23.94 -25.30 -26.22 -26.73 -26.74 -26.38 -25.67 -24.83 -24.12 -23.56 -23.25 -23.15 -23.27 -23.51 -23.82 -24.15 -24.38 -24.57 -24.72 -24.82 -24.86 -24.89 -24.96 -25.04 -25.14 -25.27 -25.40 -25.76 -26.69 -27.95 -29.56 -31.18 -32.54 -33.50 -33.91 -33.62 -32.29 -30.45 -28.46 -26.51 -24.93 -23.70 -22.97 -22.56 -22.33 -22.25 -22.25 -22.26 -22.18 -22.01 -21.66 -21.25 -20.88 -20.50 -20.04 -19.58 -19.13 -18.74 -18.44 -18.25 -18.23 -18.34 -18.57 -18.93 -19.45 -20.13 -20.98 -22.00 -23.35 -24.63 -25.51 -25.94 -25.74 -25.04 -23.89
-21.47 -23.09 -24.66 -25.76 -26.46 -26.64 -26.46 -25.97 -25.31 -24.64 -24.03 -23.64 -23.40 -23.34 -23.40 -23.57 -23.79 -24.01 -24.21 -24.36 -24.47 -24.53 -24.58 -24.69 -24.83 -25.01 -25.20 -25.29 -25.55 -26.28 -27.30 -28.61 -30.04 -31.53 -32.85 -33.81 -34.15 -33.40 -32.01 -30.18 -28.20 -26.43 -24.93 -23.96 -23.33 -22.92 -22.70 -22.61 -22.57 -22.56 -22.47 -22.13 -21.70 -21.28 -20.82 -20.32 -19.81 -19.28 -18.79 -18.43 -18.18 -18.06 -18.05 -18.18 -18.43 -18.77 -19.27 -19.96 -20.89 -22.19 -23.56 -24.82 -25.77 -26.12 -25.92 -25.09
-21.15 -22.70 -24.26 -25.37 -26.12 -26.44 -26.46 -26.28 -25.92 -25.40 -24.84 -24.35 -23.95 -23.71 -23.60 -23.61 -23.68 -23.71 -23.75 -23.82 -23.92 -24.03 -24.17 -24.32 -24.52 -24.82 -25.13 -25.24 -25.44 -25.96 -26.73 -27.78 -29.04 -30.52 -31.99 -33.31 -34.16 -34.03 -33.23 -31.79 -30.00 -28.12 -26.36 -25.03 -24.05 -23.46 -23.13 -22.95 -22.88 -22.86 -22.80 -22.53 -22.14 -21.65 -21.11 -20.62 -20.13 -19.58 -19.05 -18.57 -18.18 -17.95 -17.83 -17.83 -17.97 -18.27 -18.73 -19.33 -20.12 -21.25 -22.52 -23.88 -25.07 -25.85 -26.16 -25.82
-21.21 -22.44 -23.75 -24.85 -25.72 -26.19 -26.41 -26.43 -26.29 -26.03 -25.67 -25.23 -24.77 -24.43 -24.13 -23.88 -23.67 -23.45 -23.28 -23.20 -23.22 -23.35 -23.55 -23.78 -24.07 -24.44 -24.82 -25.10 -25.39 -25.77 -26.31 -27.13 -28.17 -29.44 -30.85 -32.46 -33.79 -34.34 -34.22 -33.22 -31.71 -29.88 -27.99 -26.40 -25.08 -24.19 -23.63 -23.41 -23.34 -23.22 -23.07 -22.87 -22.59 -22.15 -21.65 -21.15 -20.60 -19.92 -19.26 -18.71 -18.25 -17.90 -17.67 -17.59 -17.66 -17.90 -18.30 -18.82 -19.54 -20.55 -21.72 -23.01 -24.23 -25.23 -25.88 -26.03
-21.18 -22.09 -23.08 -23.97 -24.78 -25.53 -26.10 -26.38 -26.47 -26.46 -26.34 -26.17 -25.88 -25.40 -24.84 -24.30 -23.77 -23.31 -22.94 -22.70 -22.62 -22.80 -23.08 -23.31 -23.59 -23.96 -24.37 -24.77 -25.16 -25.48 -25.86 -26.46 -27.27 -28.39 -29.74 -31.42 -33.01 -34.18 -34.74 -34.31 -33.22 -31.61 -29.77 -28.02 -26.43 -25.21 -24.34 -23.94 -23.77 -23.64 -23.53 -23.31 -23.03 -22.71 -22.30 -21.69 -21.00 -20.24 -19.52 -18.96 -18.49 -18.04 -17.73 -17.65 -17.69 -17.71 -17.89 -18.39 -19.11 -20.01 -21.07 -22.30 -23.54 -24.71 -25.63 -26.06
-20.92 -21.61 -22.40 -23.14 -23.89 -24.68 -25.40 -25.98 -26.43 -26.77 -26.96 -26.94 -26.74 -26.31 -25.75 -25.14 -24.49 -23.82 -23.21 -22.75 -22.45 -22.36 -22.42 -22.60 -22.91 -23.38 -23.92 -24.45 -24.92 -25.17 -25.42 -25.81 -26.41 -27.39 -28.64 -30.23 -31.89 -33.50 -34.68 -34.95 -34.50 -33.25 -31.54 -29.64 -27.78 -26.35 -25.26 -24.60 -24.23 -24.07 -23.97 -23.75 -23.47 -23.15 -22.71 -21.99 -21.22 -20.58 -19.96 -19.30 -18.71 -18.27 -17.96 -17.78 -17.70 -17.62 -17.69 -18.08 -18.68 -19.47 -20.42 -21.49 -22.66 -23.99 -25.17 -25.93
-20.03 -20.61 -21.28 -22.00 -22.78 -23.67 -24.52 -25.19 -25.77 -26.28 -26.72 -27.16 -27.42 -27.28 -26.87 -26.19 -25.37 -24.47 -23.64 -23.07 -22.66 -22.37 -22.21 -22.13 -22.24 -22.69 -23.26 -23.78 -24.26 -24.62 -24.99 -25.42 -25.98 -26.73 -27.76 -29.30 -31.03 -32.78 -34.25 -35.02 -35.16 -34.54 -33.32 -31.51 -29.55 -27.92 -26.59 -25.72 -25.13 -24.71 -24.40 -24.18 -23.91 -23.46 -22.92 -22.33 -21.67 -20.92 -20.18 -19.51 -18.92 -18.48 -18.17 -18.02 -17.93 -17.74 -17.69 -17.97 -18.46 -19.13 -19.98 -21.05 -22.24 -23.50 -24.73 -25.89
-18.92 -19.49 -20.18 -20.89 -21.66 -22.56 -23.43 -24.07 -24.69 -25.52 -26.34 -27.02 -27.50 -27.70 -27.61 -27.16 -26.47 -25.60 -24.68 -23.93 -23.27 -22.65 -22.15 -21.84 -21.76 -21.98 -22.37 -22.86 -23.39 -23.87 -24.36 -24.82 -25.35 -26.01 -26.89 -28.18 -29.73 -31.63 -33.42 -34.71 -35.45 -35.41 -34.71 -33.29 -31.54 -29.76 -28.10 -26.90 -26.00 -25.45 -25.07 -24.72 -24.37 -23.92 -23.38 -22.68 -21.92 -21.14 -20.41 -19.84 -19.36 -18.95 -18.61 -18.34 -18.14 -17.97 -17.90 -17.97 -18.23 -18.77 -19.52 -20.46 -21.58 -22.91 -24.29 -25.65
-17.98 -18.46 -19.06 -19.87 -20.75 -21.56 -22.32 -22.93 -23.57 -24.44 -25.35 -26.23 -26.98 -27.49 -27.76 -27.74 -27.45 -26.82 -26.02 -25.17 -24.30 -23.44 -22.67 -22.06 -21.64 -21.52 -21.63 -21.99 -22.48 -22.98 -23.49 -23.98 -24.51 -25.07 -25.83 -26.95 -28.38 -30.24 -32.15 -33.85 -35.14 -35.76 -35.72 -34.82 -33.41 -31.66 -29.85 -28.33 -27.06 -26.18 -25.54 -25.06 -24.63 -24.09 -23.47 -22.73 -21.96 -21.16 -20.46 -20.01 -19.65 -19.23 -18.87 -18.69 -18.55 -18.31 -18.11 -18.04 -18.17 -18.61 -19.26 -20.07 -21.09 -22.41 -23.86 -25.40
-17.11 -17.53 -18.08 -18.87 -19.71 -20.48 -21.20 -21.81 -22.47 -23.32 -24.23 -25.14 -26.01 -26.84 -27.50 -27.86 -27.93 -27.64 -27.08 -26.32 -25.43 -24.46 -23.50 -22.65 -21.94 -21.47 -21.24 -21.37 -21.71 -22.20 -22.74 -23.17 -23.60 -24.04 -24.68 -25.77 -27.19 -29.00 -30.95 -32.89 -34.55 -35.69 -36.18 -35.77 -34.74 -33.23 -31.48 -29.75 -28.18 -27.04 -26.15 -25.47 -24.86 -24.17 -23.45 -22.70 -21.95 -21.15 -20.45 -20.01 -19.71 -19.46 -19.26 -19.04 -18.84 -18.65 -18.49 -18.34 -18.33 -18.58 -19.05 -19.73 -20.65 -21.86 -23.27 -24.99
-16.20 -16.70 -17.33 -17.99 -18.70 -19.48 -20.23 -20.79 -21.36 -22.14 -23.01 -23.88 -24.77 -25.71 -26.57 -27.29 -27.81 -28.01 -27.89 -27.37 -26.58 -25.60 -24.53 -23.48 -22.52 -21.77 -21.27 -21.14 -21.27 -21.61 -22.05 -22.41 -22.80 -23.18 -23.77 -24.80 -26.17 -27.91 -29.83 -31.81 -33.63 -35.08 -36.02 -36.19 -35.73 -34.61 -33.06 -31.18 -29.28 -27.79 -26.56 -25.70 -24.98 -24.21 -23.46 -22.71 -21.96 -21.16 -20.45 -19.99 -19.70 -19.56 -19.48 -19.35 -19.20 -19.01 -18.83 -18.67 -18.58 -18.60 -18.83 -19.40 -20.23 -21.29 -22.61 -24.38
-15.49 -16.02 -16.67 -17.29 -17.93 -18.61 -19.26 -19.75 -20.25 -20.92 -21.67 -22.49 -23.36 -24.21 -25.11 -26.15 -27.10 -27.80 -28.15 -27.99 -27.46 -26.63 -25.59 -24.43 -23.30 -22.32 -21.60 -21.30 -21.25 -21.38 -21.62 -21.90 -22.27 -22.73 -23.37 -24.32 -25.55 -27.13 -28.90 -30.77 -32.59 -34.20 -35.46 -36.21 -36.36 -35.66 -34.36 -32.47 -30.39 -28.54 -26.93 -25.77 -24.86 -24.08 -23.37 -22.61 -21.86 -21.11 -20.46 -20.01 -19.71 -19.54 -19.46 -19.49 -19.49 -19.30 -19.06 -18.87 -18.73 -18.58 -18.62 -19.02 -19.71 -20.64 -21.87 -23.59
-15.08 -15.54 -16.07 -16.65 -17.22 -17.71 -18.18 -18.64 -19.13 -19.70 -20.33 -20.99 -21.73 -22.56 -23.50 -24.62 -25.73 -26.69 -27.41 -27.75 -27.71 -27.20 -26.37 -25.30 -24.14 -23.02 -22.10 -21.65 -21.48 -21.56 -21.77 -21.98 -22.31 -22.83 -23.52 -24.37 -25.42 -26.74 -28.25 -29.93 -31.65 -33.29 -34.72 -35.85 -36.42 -36.12 -35.15 -33.49 -31.50 -29.53 -27.64 -26.01 -24.68 -23.81 -23.14 -22.40 -21.69 -21.00 -20.39 -19.96 -19.65 -19.48 -19.40 -19.41 -19.41 -19.32 -19.17 -18.91 -18.65 -18.43 -18.34 -18.52 -18.97 -19.77 -20.92 -22.54
-14.64 -15.13 -15.62 -15.98 -16.34 -16.85 -17.35 -17.72 -18.09 -18.55 -19.03 -19.45 -19.97 -20.75 -21.66 -22.61 -23.65 -24.85 -25.97 -26.84 -27.34 -27.22 -26.70 -25.83 -24.79 -23.75 -22.81 -22.14 -21.78 -21.92 -22.29 -22.64 -23.05 -23.51 -24.04 -24.69 -25.48 -26.48 -27.66 -29.05 -30.58 -32.24 -33.82 -35.21 -36.14 -36.30 -35.77 -34.42 -32.58 -30.45 -28.27 -26.32 -24.69 -23.66 -22.92 -22.28 -21.68 -20.90 -20.19 -19.72 -19.41 -19.24 -19.17 -19.15 -19.15 -19.06 -18.92 -18.69 -18.42 -18.11 -17.88 -17.84 -18.07 -18.75 -19.77 -21.10
-14.19 -14.57 -14.94 -15.30 -15.69 -16.19 -16.69 -17.10 -17.44 -17.71 -17.94 -18.16 -18.44 -18.84 -19.43 -20.32 -21.43 -22.81 -24.18 -25.34 -26.19 -26.50 -26.44 -26.07 -25.45 -24.58 -23.70 -23.06 -22.70 -22.84 -23.20 -23.55 -23.95 -24.44 -24.95 -25.40 -25.95 -26.75 -27.70 -28.74 -29.94 -31.41 -32.94 -34.47 -35.69 -36.29 -36.20 -35.15 -33.45 -31.15 -28.70 -26.53 -24.70 -23.52 -22.70 -22.02 -21.45 -20.80 -20.20 -19.63 -19.20 -19.02 -18.95 -18.80 -18.69 -18.71 -18.69 -18.49 -18.19 -17.80 -17.44 -17.19 -17.19 -17.64 -18.44 -19.48
-13.53 -13.91 -14.28 -14.65 -15.02 -15.40 -15.79 -16.18 -16.54 -16.83 -17.04 -17.08 -17.10 -17.14 -17.42 -18.28 -19.43 -20.77 -22.19 -23.64 -24.89 -25.64 -26.02 -26.00 -25.69 -25.16 -24.59 -24.21 -24.03 -24.19 -24.51 -24.86 -25.25 -25.66 -26.05 -26.31 -26.60 -27.06 -27.68 -28.47 -29.49 -30.82 -32.29 -33.88 -35.26 -36.18 -36.43 -35.65 -34.12 -31.87 -29.35 -26.99 -24.92 -23.50 -22.49 -21.79 -21.24 -20.57 -19.97 -19.54 -19.22 -18.96 -18.74 -18.48 -18.25 -18.13 -18.03 -17.92 -17.75 -17.38 -16.99 -16.67 -16.52 -16.66 -17.09 -17.78
-12.85 -13.21 -13.62 -14.09 -14.57 -14.95 -15.31 -15.70 -16.04 -16.27 -16.36 -16.18 -15.94 -15.72 -15.79 -16.52 -17.62 -18.93 -20.36 -21.79 -23.14 -24.33 -25.22 -25.52 -25.53 -25.46 -25.33 -25.20 -25.20 -25.57 -26.07 -26.57 -27.01 -27.23 -27.35 -27.38 -27.45 -27.69 -28.07 -28.55 -29.23 -30.19 -31.40 -33.03 -34.62 -35.85 -36.45 -36.01 -34.78 -32.71 -30.21 -27.57 -25.11 -23.34 -22.04 -21.28 -20.79 -20.37 -19.96 -19.35 -18.80 -18.51 -18.30 -18.04 -17.80 -17.63 -17.52 -17.53 -17.48 -17.15 -16.73 -16.32 -16.02 -15.98 -16.14 -16.44
-12.36 -12.60 -12.94 -13.44 -13.97 -14.34 -14.70 -15.20 -15.62 -15.73 -15.67 -15.44 -15.15 -14.80 -14.70 -15.21 -16.12 -17.44 -18.92 -20.33 -21.69 -22.93 -23.99 -24.70 -25.16 -25.37 -25.50 -25.68 -25.98 -26.60 -27.31 -27.96 -28.47 -28.67 -28.70 -28.62 -28.52 -28.46 -28.51 -28.74 -29.18 -29.86 -30.84 -32.35 -33.95 -35.47 -36.46 -36.38 -35.44 -33.53 -31.07 -28.30 -25.60 -23.45 -21.84 -21.08 -20.67 -20.22 -19.78 -19.21 -18.67 -18.29 -17.99 -17.70 -17.49 -17.42 -17.41 -17.46 -17.42 -17.08 -16.65 -16.26 -15.91 -15.60 -15.41 -15.39
-11.89 -12.10 -12.41 -12.82 -13.28 -13.72 -14.18 -14.73 -15.19 -15.33 -15.28 -15.06 -14.76 -14.41 -14.25 -14.62 -15.35 -16.44 -17.72 -19.06 -20.39 -21.57 -22.65 -23.64 -24.47 -24.96 -25.37 -25.91 -26.55 -27.42 -28.32 -29.10 -29.69 -29.91 -29.92 -29.75 -29.50 -29.26 -29.09 -29.03 -29.18 -29.63 -30.43 -31.74 -33.29 -35.02 -36.36 -36.68 -36.13 -34.51 -32.24 -29.56 -26.83 -24.46 -22.53 -21.38 -20.65 -20.10 -19.67 -19.14 -18.67 -18.33 -18.05 -17.75 -17.52 -17.49 -17.54 -17.58 -17.55 -17.30 -16.94 -16.52 -16.05 -15.50 -15.00 -14.71
-11.68 -11.78 -11.97 -12.30 -12.72 -13.17 -13.64 -14.17 -14.63 -14.95 -15.09 -14.95 -14.68 -14.34 -14.17 -14.48 -15.08 -15.88 -16.85 -17.93 -19.06 -20.15 -21.23 -22.35 -23.37 -24.14 -24.85 -25.66 -26.56 -27.67 -28.77 -29.76 -30.50 -30.80 -30.83 -30.67 -30.40 -30.09 -29.78 -29.45 -29.29 -29.43 -29.97 -31.15 -32.66 -34.42 -35.92 -36.66 -36.60 -35.41 -33.49 -31.06 -28.43 -25.97 -23.79 -22.15 -20.94 -20.23 -19.77 -19.29 -18.88 -18.53 -18.26 -18.08 -17.98 -17.97 -17.98 -17.96 -17.88 -17.69 -17.39 -16.94 -16.38 -15.69 -14.99 -14.40
-11.63 -11.56 -11.59 -11.90 -12.29 -12.59 -12.94 -13.47 -14.03 -14.53 -14.88 -14.88 -14.72 -14.45 -14.28 -14.46 -14.87 -15.49 -16.22 -16.94 -17.72 -18.61 -19.58 -20.72 -21.86 -22.82 -23.78 -24.85 -26.01 -27.35 -28.67 -29.80 -30.68 -31.14 -31.33 -31.32 -31.14 -30.80 -30.37 -29.89 -29.51 -29.36 -29.59 -30.50 -31.82 -33.53 -35.16 -36.30 -36.75 -36.06 -34.60 -32.49 -30.05 -27.59 -25.27 -23.33 -21.78 -20.74 -20.05 -19.62 -19.33 -18.98 -18.71 -18.64 -18.66 -18.68 -18.67 -18.57 -18.41 -18.21 -17.92 -17.49 -16.92 -16.20 -15.40 -14.59
-11.44 -11.42 -11.44 -11.61 -11.84 -12.06 -12.38 -12.96 -13.61 -14.19 -14.63 -14.71 -14.64 -14.52 -14.43 -14.48 -14.66 -15.07 -15.56 -15.97 -16.44 -17.06 -17.84 -18.89 -20.06 -21.18 -22.38 -23.74 -25.21 -26.81 -28.31 -29.47 -30.37 -31.03 -31.44 -31.59 -31.51 -31.22 -30.79 -30.26 -29.78 -29.46 -29.43 -29.86 -30.77 -32.43 -34.22 -35.69 -36.60 -36.51 -35.64 -33.98 -31.84 -29.50 -27.12 -24.91 -23.00 -21.61 -20.64 -20.11 -19.85 -19.71 -19.64 -19.51 -19.41 -19.40 -19.38 -19.27 -19.10 -18.88 -18.56 -18.12 -17.56 -16.87 -16.09 -15.27
-11.43 -11.45 -11.44 -11.38 -11.42 -11.73 -12.17 -12.64 -13.15 -13.70 -14.14 -14.20 -14.15 -14.14 -14.17 -14.26 -14.41 -14.63 -14.88 -15.09 -15.35 -15.75 -16.33 -17.22 -18.30 -19.48 -20.80 -22.25 -23.82 -25.61 -27.35 -28.76 -29.89 -30.65 -31.16 -31.54 -31.71 -31.57 -31.24 -30.76 -30.24 -29.74 -29.45 -29.57 -30.15 -31.50 -33.10 -34.65 -35.88 -36.39 -36.22 -35.20 -33.58 -31.46 -29.11 -26.75 -24.59 -22.98 -21.80 -21.14 -20.79 -20.59 -20.53 -20.54 -20.54 -20.44 -20.26 -20.03 -19.74 -19.39 -18.97 -18.51 -17.99 -17.41 -16.77 -16.10
-10.97 -11.11 -11.21 -11.19 -11.21 -11.41 -11.71 -12.08 -12.48 -12.89 -13.24 -13.39 -13.48 -13.62 -13.73 -13.73 -13.74 -13.85 -13.99 -14.09 -14.25 -14.55 -15.01 -15.66 -16.53 -17.67 -19.02 -20.57 -22.26 -24.15 -26.01 -27.65 -29.00 -29.85 -30.48 -31.19 -31.71 -31.83 -31.68 -31.26 -30.68 -29.98 -29.45 -29.36 -29.72 -30.68 -31.99 -33.56 -34.99 -35.87 -36.21 -35.88 -34.90 -33.09 -30.87 -28.57 -26.37 -24.55 -23.13 -22.33 -21.90 -21.69 -21.64 -21.68 -21.65 -21.33 -20.92 -20.57 -20.18 -19.69 -19.19 -18.80 -18.43 -18.06 -17.66 -17.23
-10.52 -10.65 -10.78 -10.87 -11.00 -11.24 -11.49 -11.65 -11.81 -12.09 -12.37 -12.53 -12.63 -12.67 -12.67 -12.65 -12.65 -12.78 -12.92 -12.92 -12.95 -13.14 -13.49 -13.98 -14.75 -15.97 -17.47 -19.14 -20.94 -22.86 -24.69 -26.19 -27.49 -28.63 -29.63 -30.57 -31.31 -31.79 -31.94 -31.56 -30.92 -30.14 -29.46 -29.17 -29.29 -30.02 -31.11 -32.51 -33.91 -35.06 -35.81 -35.93 -35.41 -34.07 -32.23 -30.08 -27.93 -26.13 -24.67 -23.64 -22.99 -22.78 -22.76 -22.71 -22.56 -22.13 -21.58 -21.01 -20.41 -19.77 -19.20 -18.88 -18.68 -18.51 -18.33 -18.11
-10.10 -10.22 -10.35 -10.46 -10.61 -10.88 -11.13 -11.17 -11.17 -11.23 -11.30 -11.35 -11.38 -11.36 -11.37 -11.48 -11.59 -11.54 -11.46 -11.43 -11.45 -11.51 -11.74 -12.30 -13.17 -14.42 -15.93 -17.62 -19.44 -21.37 -23.20 -24.65 -25.94 -27.21 -28.39 -29.52 -30.51 -31.35 -31.82 -31.58 -30.97 -30.11 -29.27 -28.77 -28.65 -29.14 -30.03 -31.25 -32.60 -33.93 -35.01 -35.52 -35.48 -34.71 -33.39 -31.51 -29.48 -27.73 -26.23 -25.10 -24.29 -23.88 -23.66 -23.48 -23.25 -22.83 -22.26 -21.47 -20.63 -19.84 -19.20 -18.84 -18.71 -18.84 -19.04 -19.15
-9.50 -9.63 -9.77 -9.88 -10.00 -10.19 -10.35 -10.38 -10.35 -10.28 -10.19 -10.10 -10.03 -10.03 -10.05 -10.04 -10.00 -9.86 -9.73 -9.68 -9.73 -9.83 -10.12 -10.73 -11.63 -12.88 -14.38 -16.08 -17.88 -19.73 -21.49 -22.93 -24.24 -25.58 -26.89 -28.23 -29.45 -30.54 -31.25 -31.25 -30.81 -29.96 -29.06 -28.43 -28.14 -28.40 -29.07 -30.16 -31.44 -32.75 -33.95 -34.87 -35.34 -35.07 -34.21 -32.69 -30.91 -29.20 -27.64 -26.40 -25.47 -25.02 -24.73 -24.34 -23.90 -23.40 -22.77 -21.84 -20.85 -19.93 -19.20 -18.82 -18.71 -18.90 -19.24 -19.66
