Instances/GulfOfSirte/GMRTv3_3_20170610topo.asc
ncols 648
nrows 356
xllcorner 15.169921875
yllcorner 30.05388030248483
cellsize 0.0087890625
nodata_value -2147483648
[rows 150 to 179 of 356, columns 476 to 543 of 648]
-420.43 -389.45 -359.16 -332.60 -308.96 -288.85 -269.05 -250.26 -233.59 -218.23 -205.65 -195.36 -189.82 -185.27 -181.15 -174.44 -167.99 -163.41 -160.80 -159.01 -158.45 -157.69 -157.74 -156.72 -153.91 -150.89 -147.93 -142.93 -138.83 -132.97 -127.78 -121.76 -116.76 -111.76 -107.85 -103.09 -98.07 -92.43 -87.68 -83.55 -76.61 -70.43 -64.24 -58.17 -53.17 -49.36 -47.22 -46.22 -46.22 -46.24 -46.03 -45.05 -42.98 -40.19 -36.98 -35.12 -33.19 -28.50 -24.29 -19.48 -14.41 -10.43 -7.43 -5.24 -3.24 -1.17 -1.07 0.74
-398.21 -367.21 -339.19 -313.17 -294.82 -278.57 -263.32 -249.09 -234.97 -222.80 -211.74 -203.64 -198.62 -197.54 -192.55 -183.59 -176.59 -170.65 -166.71 -163.77 -161.84 -159.87 -158.94 -157.96 -154.93 -151.93 -148.96 -143.93 -138.97 -133.93 -128.94 -122.91 -117.94 -112.96 -108.03 -102.07 -97.09 -91.09 -85.13 -80.19 -75.12 -69.06 -63.04 -58.00 -53.00 -49.02 -46.04 -45.04 -45.04 -45.04 -45.01 -44.01 -43.00 -40.00 -37.03 -33.10 -30.17 -26.13 -22.13 -17.10 -13.06 -9.06 -6.06 -4.06 -2.04 -1.00 -0.04 1.96
-375.87 -344.95 -314.62 -289.42 -278.34 -268.02 -257.42 -246.69 -234.93 -225.16 -215.35 -208.40 -204.44 -202.33 -198.45 -190.64 -183.56 -176.51 -171.40 -167.28 -164.16 -162.16 -160.20 -158.07 -156.11 -153.19 -149.14 -145.11 -140.04 -135.12 -130.13 -125.10 -119.06 -112.94 -106.90 -100.82 -94.79 -88.71 -82.71 -76.74 -71.73 -67.81 -63.01 -57.99 -52.92 -47.88 -45.93 -44.93 -44.93 -45.01 -46.05 -45.12 -43.07 -40.08 -36.04 -31.97 -27.85 -23.77 -19.77 -15.88 -11.96 -7.95 -4.96 -2.88 -1.93 -1.01 -0.01 1.99
-355.92 -325.99 -293.15 -265.55 -264.29 -259.51 -251.92 -243.53 -233.90 -226.04 -218.47 -211.47 -207.50 -204.15 -201.22 -195.64 -187.82 -180.79 -174.44 -169.39 -165.32 -163.10 -161.93 -159.10 -157.35 -155.42 -151.36 -146.32 -140.25 -136.10 -130.86 -124.84 -118.59 -111.55 -105.30 -98.26 -91.76 -84.97 -78.97 -74.01 -69.48 -65.70 -62.78 -58.25 -52.17 -46.90 -44.65 -43.68 -43.68 -44.78 -45.78 -46.10 -44.10 -40.86 -36.61 -31.56 -26.46 -21.64 -17.64 -14.96 -12.00 -8.25 -4.94 -1.87 -0.90 -0.75 0.25 2.25
-344.28 -314.22 -285.02 -262.00 -262.00 -255.35 -249.22 -242.88 -234.46 -226.46 -219.07 -212.07 -207.61 -204.06 -201.06 -195.66 -188.67 -182.07 -175.47 -170.07 -166.12 -162.60 -160.59 -158.60 -157.66 -155.66 -152.64 -147.12 -141.12 -135.66 -129.65 -122.73 -115.66 -108.26 -101.25 -93.79 -85.66 -79.27 -73.27 -68.67 -66.20 -63.67 -61.53 -59.12 -53.07 -47.46 -44.34 -42.88 -42.93 -43.47 -44.47 -45.60 -43.66 -39.59 -34.47 -29.01 -24.41 -20.47 -16.47 -14.54 -12.00 -9.01 -5.92 -2.86 -1.46 0.07 1.07 3.01
-337.62 -308.08 -283.05 -262.52 -259.19 -253.36 -249.87 -243.53 -234.97 -227.04 -219.00 -212.00 -206.96 -203.40 -200.40 -194.28 -187.89 -182.68 -176.79 -170.07 -165.47 -161.50 -158.75 -157.43 -156.50 -154.50 -151.91 -146.54 -140.54 -133.90 -127.22 -119.14 -112.21 -103.42 -95.89 -87.78 -79.78 -72.59 -66.59 -63.38 -62.02 -60.74 -60.43 -58.54 -53.15 -48.04 -45.64 -43.53 -42.85 -42.89 -43.96 -44.36 -41.68 -37.68 -33.43 -27.24 -23.96 -20.03 -15.96 -13.96 -12.00 -9.75 -7.08 -4.76 -2.04 0.00 1.00 3.68
-332.64 -306.14 -284.60 -268.84 -263.08 -259.84 -256.06 -245.69 -235.93 -227.06 -219.06 -212.06 -207.00 -202.06 -199.18 -193.99 -188.81 -182.95 -176.08 -169.07 -163.25 -158.44 -156.24 -155.31 -153.44 -151.50 -148.55 -143.56 -137.62 -129.74 -122.79 -114.73 -106.86 -98.71 -88.90 -81.77 -73.71 -68.45 -62.39 -58.59 -58.47 -57.49 -58.37 -55.44 -51.32 -47.94 -46.70 -45.69 -44.68 -43.75 -44.00 -43.18 -40.17 -36.17 -31.25 -26.99 -24.00 -19.13 -16.00 -14.00 -12.00 -9.14 -7.06 -5.07 -2.00 0.06 1.06 4.01
-329.00 -305.00 -287.00 -274.00 -268.00 -265.00 -260.00 -247.00 -235.00 -226.00 -218.00 -211.00 -207.00 -203.00 -198.00 -194.00 -190.00 -184.00 -177.00 -170.00 -163.00 -157.00 -156.00 -154.00 -152.00 -149.00 -145.00 -140.01 -133.01 -125.01 -117.01 -110.01 -102.00 -94.00 -85.00 -78.00 -71.00 -66.00 -61.00 -56.00 -56.00 -55.00 -56.00 -54.00 -50.00 -49.00 -50.00 -47.00 -46.00 -46.00 -44.00 -42.00 -39.00 -35.00 -31.00 -27.00 -24.00 -19.00 -16.00 -14.00 -12.00 -9.00 -6.00 -4.00 -2.00 -1.00 0.00 4.00
-328.95 -307.21 -290.27 -276.08 -267.73 -261.32 -253.03 -243.35 -232.65 -224.82 -217.86 -212.16 -209.34 -205.35 -200.21 -196.36 -192.36 -186.49 -180.41 -172.59 -165.72 -159.58 -157.28 -155.18 -150.95 -146.51 -141.35 -134.11 -126.98 -119.14 -111.11 -105.15 -100.82 -95.30 -88.41 -80.50 -73.36 -67.19 -62.05 -57.19 -56.00 -55.01 -53.77 -51.77 -49.90 -49.96 -51.23 -50.20 -48.26 -46.12 -44.13 -40.94 -37.94 -33.94 -30.87 -27.00 -24.01 -20.18 -17.19 -13.86 -10.81 -7.81 -6.01 -4.01 -2.00 -1.01 -0.01 2.82
-330.11 -308.87 -291.95 -276.91 -266.17 -257.39 -247.99 -238.75 -230.30 -223.65 -217.24 -213.67 -212.02 -207.70 -201.99 -198.39 -194.39 -189.46 -182.70 -177.17 -171.24 -164.45 -160.02 -156.35 -150.68 -143.50 -136.87 -128.48 -120.49 -112.92 -105.52 -100.12 -99.69 -97.55 -90.82 -83.22 -75.47 -68.07 -62.36 -58.11 -56.04 -54.68 -52.65 -50.69 -48.41 -48.41 -51.24 -49.40 -48.80 -47.43 -45.07 -41.00 -38.00 -34.00 -29.93 -27.04 -23.72 -21.43 -18.03 -13.24 -9.93 -6.93 -5.68 -3.64 -2.00 -0.68 0.32 1.61
-334.91 -312.86 -294.85 -279.38 -266.86 -256.81 -246.82 -236.76 -227.75 -222.41 -218.12 -215.72 -215.38 -210.25 -204.71 -200.13 -196.19 -191.13 -185.12 -180.25 -174.18 -168.77 -163.25 -157.59 -149.94 -142.47 -133.28 -124.29 -115.29 -106.10 -100.76 -97.28 -97.94 -97.12 -91.71 -83.00 -76.12 -68.00 -62.59 -57.47 -55.47 -54.01 -51.47 -49.00 -45.34 -45.41 -47.35 -47.41 -47.41 -47.52 -44.93 -40.87 -37.93 -33.93 -30.00 -26.47 -22.41 -21.59 -18.67 -14.12 -10.00 -7.00 -4.94 -3.54 -2.00 0.06 1.06 0.94
-341.69 -319.76 -299.96 -283.32 -268.87 -258.35 -247.60 -237.67 -227.69 -222.04 -217.40 -215.50 -214.86 -210.53 -205.18 -201.21 -196.39 -192.13 -186.88 -181.06 -175.88 -170.91 -164.06 -158.03 -150.00 -141.22 -131.16 -121.56 -110.75 -102.57 -97.46 -95.76 -96.12 -94.44 -89.48 -83.07 -75.33 -68.07 -61.22 -56.97 -54.97 -53.33 -50.30 -46.44 -43.23 -42.49 -44.49 -46.30 -46.97 -46.97 -45.67 -42.35 -38.60 -34.67 -29.85 -25.90 -21.90 -20.30 -17.61 -13.33 -10.15 -7.07 -5.07 -3.36 -2.00 0.00 1.00 0.93
-351.86 -328.94 -308.98 -290.23 -274.39 -260.71 -249.85 -238.93 -228.01 -221.08 -215.20 -212.37 -210.40 -207.33 -203.25 -199.25 -195.17 -191.22 -186.22 -181.14 -175.18 -170.13 -164.00 -158.00 -150.00 -140.95 -130.95 -119.19 -108.23 -99.27 -96.07 -97.79 -96.91 -94.08 -89.08 -82.13 -74.12 -67.13 -60.99 -57.00 -55.00 -52.07 -49.03 -45.94 -42.07 -41.07 -43.11 -45.07 -47.00 -46.95 -46.93 -44.81 -40.75 -35.88 -31.79 -26.92 -22.92 -19.07 -16.07 -12.07 -8.11 -6.03 -4.08 -2.07 -2.00 0.00 1.00 1.87
-363.69 -340.66 -319.57 -298.45 -280.34 -264.23 -250.09 -239.06 -228.06 -221.03 -213.97 -208.92 -207.89 -204.89 -200.89 -196.85 -192.86 -187.80 -182.77 -177.74 -172.79 -168.85 -163.91 -157.97 -150.00 -142.06 -132.06 -118.01 -105.98 -98.04 -96.07 -98.99 -96.97 -91.92 -86.89 -80.91 -72.94 -65.97 -61.00 -57.03 -55.03 -52.06 -50.09 -47.09 -42.06 -41.00 -41.97 -44.97 -46.97 -47.99 -47.00 -46.03 -43.05 -37.06 -33.03 -27.00 -23.03 -19.03 -16.03 -12.03 -9.06 -7.06 -4.03 -2.00 -1.97 0.00 1.00 3.02
-380.42 -356.21 -332.90 -309.60 -289.16 -270.49 -254.02 -241.44 -230.28 -222.23 -214.16 -209.21 -205.68 -202.51 -198.56 -193.49 -189.12 -183.07 -176.65 -170.63 -166.67 -163.93 -160.34 -156.42 -149.86 -143.09 -133.27 -119.09 -107.27 -100.30 -98.12 -97.77 -95.58 -90.58 -84.70 -78.70 -71.77 -66.02 -61.00 -58.09 -56.07 -54.32 -52.51 -49.51 -44.49 -41.35 -42.00 -43.75 -45.75 -46.75 -47.02 -46.02 -43.02 -38.05 -32.98 -27.16 -24.05 -20.25 -17.07 -13.23 -10.23 -8.23 -5.23 -2.16 -1.12 0.00 1.00 3.18
-398.17 -372.38 -348.07 -323.66 -300.41 -278.96 -260.09 -244.15 -231.74 -223.46 -215.51 -209.73 -204.98 -200.52 -195.75 -190.80 -184.65 -178.37 -169.79 -163.02 -159.45 -157.47 -156.00 -153.16 -148.26 -142.71 -133.78 -118.56 -107.64 -101.46 -98.44 -96.54 -93.52 -88.47 -83.59 -77.59 -70.54 -65.66 -61.05 -57.61 -56.05 -55.12 -54.24 -51.24 -46.58 -43.53 -41.95 -42.93 -44.98 -45.98 -46.71 -45.71 -42.66 -38.44 -33.39 -28.41 -24.29 -20.97 -16.90 -14.36 -11.36 -9.41 -6.46 -3.46 -2.02 0.05 1.05 4.17
-415.22 -387.66 -360.94 -335.43 -309.88 -286.09 -265.53 -247.82 -234.31 -223.98 -215.45 -208.42 -204.47 -199.49 -193.32 -187.71 -181.78 -173.45 -165.08 -156.98 -153.42 -152.10 -151.08 -150.23 -145.83 -140.81 -131.81 -118.55 -107.48 -102.05 -98.45 -95.95 -92.27 -87.95 -82.27 -76.35 -70.02 -64.35 -60.40 -57.02 -55.47 -54.54 -53.00 -49.93 -46.45 -44.05 -42.60 -43.00 -44.40 -45.47 -44.81 -43.81 -41.42 -38.52 -33.98 -29.51 -26.12 -22.07 -18.07 -16.19 -13.19 -10.58 -6.98 -3.98 -2.60 -0.53 0.40 2.86
-431.77 -402.27 -372.80 -345.38 -317.00 -291.20 -268.56 -250.61 -234.91 -224.74 -214.91 -207.10 -203.24 -197.43 -192.24 -186.22 -179.41 -171.17 -162.32 -154.25 -150.23 -148.44 -148.32 -147.39 -143.34 -139.15 -130.08 -118.95 -108.76 -102.00 -98.05 -96.07 -92.85 -87.93 -82.72 -75.84 -69.12 -63.84 -59.84 -56.12 -54.17 -52.43 -49.60 -47.41 -45.98 -43.93 -43.02 -43.00 -44.05 -44.24 -43.15 -42.15 -40.17 -37.10 -34.81 -31.57 -28.52 -24.52 -20.45 -17.64 -14.64 -11.69 -7.74 -4.74 -2.95 -1.83 0.05 1.22
-446.25 -414.41 -381.61 -350.80 -320.87 -293.93 -270.93 -251.97 -236.89 -225.91 -215.93 -207.96 -202.07 -196.03 -191.04 -185.04 -178.03 -170.04 -162.00 -154.96 -150.93 -148.96 -148.00 -146.03 -142.97 -138.97 -130.87 -119.88 -109.91 -102.00 -97.07 -95.10 -92.07 -88.93 -83.88 -77.87 -69.90 -65.89 -61.89 -56.90 -53.97 -51.03 -48.06 -46.06 -46.03 -44.99 -43.00 -43.00 -43.04 -43.01 -43.00 -42.00 -39.97 -37.96 -34.97 -32.94 -30.90 -26.87 -23.80 -20.80 -17.80 -13.84 -8.88 -5.93 -3.93 -1.97 -0.93 0.04
-458.95 -423.62 -387.30 -352.97 -321.94 -293.95 -270.94 -252.08 -238.18 -228.15 -217.12 -208.07 -201.03 -196.00 -191.00 -185.00 -177.99 -170.07 -162.14 -155.13 -152.10 -149.13 -148.07 -146.07 -144.04 -140.12 -134.20 -123.27 -112.23 -102.06 -95.95 -92.91 -90.96 -90.10 -87.33 -80.34 -72.34 -67.31 -63.24 -59.22 -55.18 -51.06 -47.02 -45.02 -44.88 -43.96 -43.07 -43.07 -43.07 -44.11 -43.07 -42.07 -41.04 -38.07 -36.11 -34.11 -32.11 -29.23 -27.20 -24.20 -21.28 -17.35 -12.28 -7.18 -5.18 -3.10 -2.04 -0.07
-466.84 -427.99 -387.86 -349.73 -318.25 -292.08 -269.26 -252.86 -240.42 -229.56 -218.04 -209.04 -202.04 -195.94 -190.97 -184.97 -178.21 -171.29 -164.36 -157.57 -153.53 -151.63 -149.29 -147.07 -144.00 -141.07 -135.34 -125.39 -114.36 -103.50 -96.18 -93.00 -90.97 -91.50 -91.10 -85.63 -77.63 -72.20 -66.89 -61.57 -57.33 -52.53 -48.50 -46.29 -43.87 -43.73 -44.04 -44.29 -44.29 -45.31 -44.29 -43.26 -41.21 -39.31 -37.31 -35.31 -33.29 -31.15 -28.10 -25.07 -23.17 -19.98 -14.15 -9.60 -7.60 -4.53 -2.21 -1.04
-473.09 -430.71 -386.54 -344.31 -311.29 -287.04 -265.95 -251.54 -240.67 -231.19 -218.34 -209.28 -202.28 -196.84 -191.34 -185.34 -179.46 -172.46 -165.40 -159.92 -155.47 -153.13 -150.52 -146.94 -143.94 -141.00 -135.62 -126.01 -115.40 -105.92 -97.85 -92.83 -91.28 -93.98 -95.62 -92.15 -84.09 -76.06 -70.10 -63.98 -58.91 -54.47 -50.92 -47.35 -44.79 -43.27 -44.39 -45.52 -45.52 -46.01 -45.46 -44.97 -42.46 -40.01 -38.07 -36.07 -34.58 -31.00 -27.55 -25.06 -22.55 -18.88 -13.83 -11.47 -9.53 -6.53 -3.46 -1.45
-476.28 -430.45 -385.44 -343.09 -308.91 -283.86 -264.47 -250.44 -239.29 -230.26 -220.30 -211.97 -204.90 -198.53 -193.23 -187.30 -180.64 -173.64 -167.23 -162.35 -157.30 -152.85 -150.97 -147.59 -144.67 -141.00 -134.96 -126.59 -117.23 -108.27 -100.27 -94.93 -93.97 -95.75 -97.20 -94.98 -87.58 -78.42 -71.08 -65.83 -60.75 -56.30 -53.35 -49.97 -47.35 -45.30 -45.71 -46.12 -46.12 -46.67 -46.71 -46.01 -43.71 -40.67 -38.00 -36.00 -34.45 -31.07 -27.03 -24.33 -21.96 -19.67 -15.93 -13.23 -10.56 -7.56 -4.56 -1.97
-479.42 -429.31 -383.46 -340.67 -303.99 -278.99 -261.53 -248.21 -238.92 -230.72 -221.76 -213.78 -207.64 -201.47 -195.56 -188.70 -181.75 -174.81 -169.68 -163.76 -158.76 -154.59 -151.73 -148.75 -144.89 -140.88 -134.88 -127.75 -119.68 -110.68 -102.68 -96.84 -95.90 -95.95 -96.08 -93.30 -87.23 -79.03 -71.00 -65.22 -61.01 -57.89 -54.89 -51.84 -48.83 -46.83 -46.01 -45.20 -45.27 -47.14 -47.01 -46.86 -44.01 -41.01 -38.00 -36.06 -33.19 -30.20 -26.20 -24.05 -22.06 -20.01 -17.90 -15.75 -12.73 -9.73 -6.73 -2.80
-483.03 -426.02 -380.01 -336.00 -297.99 -272.98 -258.97 -248.95 -239.96 -232.95 -223.95 -215.95 -209.96 -203.95 -198.95 -191.96 -183.97 -175.97 -170.98 -165.97 -160.96 -156.96 -153.96 -150.96 -146.96 -142.96 -136.96 -129.96 -120.97 -111.98 -103.99 -97.99 -96.00 -97.00 -97.01 -93.01 -86.01 -79.01 -71.00 -64.01 -61.01 -58.01 -55.00 -52.99 -49.99 -48.00 -46.01 -44.01 -43.02 -45.03 -47.02 -47.02 -44.01 -41.01 -38.00 -35.01 -32.01 -29.01 -25.01 -23.01 -21.01 -20.01 -18.01 -16.01 -13.00 -10.01 -7.01 -4.00
-475.16 -425.97 -382.16 -340.47 -306.09 -282.25 -266.02 -255.92 -245.86 -238.87 -229.88 -221.76 -214.72 -209.55 -203.52 -195.47 -186.42 -179.37 -173.30 -168.30 -164.46 -161.63 -158.64 -154.71 -151.65 -147.65 -141.64 -133.47 -124.47 -114.29 -105.12 -97.85 -95.86 -95.81 -94.76 -91.94 -86.00 -77.94 -70.89 -63.89 -59.84 -56.85 -54.90 -52.89 -50.01 -46.94 -44.82 -42.71 -41.60 -42.45 -43.39 -43.63 -42.74 -39.84 -37.89 -34.89 -31.76 -27.93 -24.86 -22.99 -20.99 -19.05 -16.92 -14.93 -12.87 -8.94 -5.94 -2.82
-471.33 -426.74 -384.60 -345.61 -315.09 -292.42 -275.39 -264.01 -254.01 -246.75 -237.42 -228.72 -221.12 -214.05 -207.49 -199.23 -189.97 -181.89 -176.23 -171.19 -168.53 -166.56 -163.30 -160.12 -156.04 -152.08 -146.38 -137.23 -128.23 -117.41 -107.34 -97.52 -95.30 -95.37 -94.11 -91.93 -85.93 -77.96 -69.93 -63.00 -58.70 -55.37 -53.63 -51.93 -49.70 -47.00 -44.22 -40.85 -38.78 -38.11 -39.18 -41.07 -40.33 -38.67 -36.89 -33.89 -30.08 -28.22 -24.45 -23.22 -21.22 -20.30 -17.52 -15.19 -12.15 -8.93 -6.00 -2.22
-471.64 -430.72 -392.31 -355.88 -327.41 -305.92 -288.35 -276.35 -266.35 -257.84 -248.35 -239.39 -230.27 -222.37 -213.87 -204.42 -193.85 -185.91 -180.53 -176.04 -174.67 -173.19 -168.61 -164.04 -160.04 -155.46 -150.59 -142.55 -133.49 -123.99 -113.93 -103.77 -99.75 -98.85 -96.41 -92.83 -86.90 -78.38 -69.94 -61.98 -56.98 -53.49 -53.07 -52.13 -49.00 -47.00 -45.06 -40.94 -38.94 -36.81 -36.79 -37.28 -37.92 -37.43 -37.51 -34.32 -31.83 -29.89 -26.95 -24.96 -22.96 -22.02 -20.08 -17.60 -14.02 -10.02 -6.00 -3.00
-476.02 -438.26 -402.66 -367.99 -341.75 -321.43 -304.04 -291.32 -281.39 -271.71 -262.02 -251.95 -243.10 -232.66 -222.40 -210.92 -199.96 -191.31 -184.63 -180.81 -179.19 -178.38 -173.19 -168.09 -164.09 -159.77 -153.90 -147.77 -139.42 -131.18 -121.75 -113.47 -107.68 -104.31 -99.90 -96.02 -89.29 -80.33 -70.65 -60.86 -55.21 -51.67 -51.77 -50.70 -48.35 -47.07 -45.00 -41.65 -39.65 -37.58 -36.58 -35.82 -36.13 -36.89 -37.96 -36.98 -35.67 -33.09 -30.16 -27.37 -25.37 -23.79 -21.87 -19.10 -15.79 -11.07 -6.00 -3.72
-485.58 -448.56 -415.32 -383.04 -357.95 -338.81 -322.72 -309.66 -298.81 -287.90 -277.94 -267.99 -257.24 -245.43 -231.81 -219.85 -208.00 -198.19 -190.28 -184.58 -181.72 -178.92 -175.78 -171.63 -167.63 -163.58 -159.38 -152.43 -145.34 -137.30 -130.16 -123.02 -117.01 -111.24 -105.38 -99.57 -92.62 -82.77 -71.86 -61.85 -54.99 -49.23 -48.33 -48.28 -47.19 -46.20 -45.05 -42.91 -40.91 -39.81 -37.86 -36.85 -36.84 -37.85 -38.85 -40.73 -40.64 -35.83 -31.93 -29.82 -27.87 -24.06 -21.11 -19.00 -16.01 -10.95 -5.90 -3.96
