Instances/GulfOfSirte/GMRTv3_3_20170610topo.asc
ncols 648
nrows 356
xllcorner 15.169921875
yllcorner 30.05388030248483
cellsize 0.0087890625
nodata_value -2147483648
[rows 90 to 119 of 356, columns 136 to 203 of 648]
-799.82 -807.91 -814.89 -821.95 -828.89 -833.82 -838.75 -844.73 -848.76 -850.86 -853.96 -856.95 -861.99 -868.01 -877.99 -888.03 -898.09 -908.13 -918.14 -927.08 -935.01 -942.87 -947.76 -950.66 -955.54 -958.40 -959.23 -961.03 -961.80 -962.67 -964.55 -967.36 -972.27 -979.06 -985.97 -993.80 -1005.84 -1016.76 -1029.72 -1046.75 -1065.90 -1089.02 -1114.22 -1142.31 -1172.45 -1206.63 -1239.82 -1274.00 -1305.09 -1337.24 -1367.36 -1395.54 -1420.73 -1442.82 -1465.91 -1488.01 -1510.11 -1531.14 -1551.24 -1569.24 -1585.22 -1599.22 -1610.17 -1618.13 -1622.16 -1626.10 -1630.08 -1629.01
-803.28 -810.18 -816.14 -823.15 -830.14 -837.27 -844.46 -849.42 -852.33 -853.30 -855.14 -858.03 -862.00 -869.04 -878.00 -886.97 -896.86 -905.77 -915.71 -924.77 -934.85 -943.94 -949.00 -953.15 -960.28 -964.43 -968.65 -971.80 -975.96 -979.15 -983.34 -988.52 -994.67 -1002.82 -1010.96 -1022.13 -1033.20 -1046.27 -1060.36 -1076.32 -1094.28 -1115.15 -1139.11 -1165.96 -1194.81 -1226.74 -1257.61 -1289.42 -1319.33 -1350.12 -1376.89 -1402.71 -1425.52 -1446.44 -1468.29 -1489.20 -1510.05 -1529.96 -1548.87 -1566.81 -1581.78 -1595.72 -1606.72 -1615.77 -1620.81 -1624.81 -1627.82 -1628.90
-807.04 -812.76 -818.81 -825.55 -832.79 -841.27 -850.56 -855.77 -857.52 -858.08 -857.81 -858.29 -862.03 -868.80 -877.82 -886.82 -894.27 -901.79 -910.51 -920.61 -930.61 -940.65 -947.16 -953.51 -961.79 -968.35 -974.93 -980.48 -985.91 -991.72 -998.02 -1005.60 -1014.15 -1024.71 -1035.47 -1047.92 -1061.27 -1074.91 -1090.16 -1106.16 -1124.39 -1144.32 -1167.88 -1192.51 -1219.36 -1250.92 -1280.65 -1310.30 -1338.76 -1366.39 -1390.81 -1414.05 -1434.53 -1454.04 -1473.49 -1493.04 -1511.45 -1529.94 -1547.70 -1564.42 -1579.47 -1592.17 -1603.22 -1611.73 -1616.73 -1620.73 -1625.06 -1626.04
-811.79 -816.38 -821.48 -827.92 -835.93 -847.03 -858.45 -864.85 -864.94 -863.47 -860.65 -858.28 -861.72 -867.65 -876.20 -885.37 -890.39 -895.36 -902.90 -912.44 -922.44 -932.95 -941.54 -949.00 -958.46 -967.44 -975.91 -983.78 -992.54 -1001.14 -1009.45 -1018.92 -1029.90 -1042.76 -1057.15 -1072.52 -1086.87 -1103.85 -1120.71 -1136.60 -1155.66 -1175.72 -1197.19 -1221.24 -1248.18 -1277.60 -1306.08 -1334.56 -1361.48 -1387.06 -1409.65 -1429.32 -1446.89 -1464.03 -1481.10 -1497.73 -1514.20 -1530.73 -1546.88 -1562.47 -1576.63 -1588.67 -1598.83 -1606.20 -1611.20 -1615.20 -1619.82 -1621.21
-817.33 -820.01 -824.00 -830.36 -839.04 -850.37 -863.49 -872.11 -870.35 -866.88 -861.11 -855.64 -859.15 -865.15 -873.18 -880.37 -883.75 -887.75 -893.95 -902.91 -913.06 -923.50 -932.46 -941.18 -951.75 -962.44 -972.76 -983.66 -996.56 -1006.28 -1017.68 -1028.86 -1041.62 -1057.44 -1075.37 -1093.56 -1110.56 -1129.70 -1148.99 -1166.27 -1185.35 -1204.67 -1225.02 -1247.89 -1275.35 -1304.30 -1332.26 -1360.30 -1386.40 -1410.42 -1430.42 -1445.96 -1461.45 -1475.34 -1490.19 -1503.79 -1519.22 -1533.89 -1547.60 -1561.35 -1573.74 -1584.46 -1592.70 -1600.21 -1605.21 -1609.29 -1613.24 -1615.89
-821.69 -822.73 -825.79 -831.84 -840.91 -852.83 -866.01 -872.53 -870.46 -867.31 -860.36 -854.34 -855.63 -861.81 -869.11 -872.56 -873.74 -876.87 -883.85 -892.85 -901.10 -910.21 -920.14 -929.10 -941.92 -953.81 -965.65 -980.25 -997.85 -1007.62 -1020.41 -1035.00 -1047.72 -1068.20 -1089.51 -1111.80 -1130.59 -1154.00 -1175.72 -1194.67 -1212.68 -1231.55 -1250.66 -1270.01 -1300.59 -1329.59 -1357.65 -1384.78 -1413.45 -1435.70 -1454.02 -1463.77 -1475.32 -1488.34 -1498.81 -1510.97 -1524.33 -1537.49 -1548.77 -1560.11 -1570.47 -1579.68 -1587.79 -1593.03 -1598.03 -1601.15 -1605.21 -1609.04
-821.97 -824.00 -828.02 -833.01 -840.99 -851.98 -861.94 -865.93 -864.93 -861.94 -855.94 -849.94 -849.93 -852.89 -856.84 -857.83 -859.83 -862.84 -867.82 -876.81 -884.82 -893.81 -902.81 -912.81 -924.80 -936.80 -949.80 -965.81 -982.81 -996.84 -1011.87 -1027.88 -1045.94 -1067.96 -1096.01 -1123.05 -1144.09 -1170.13 -1193.16 -1211.17 -1231.19 -1252.20 -1271.21 -1290.22 -1322.22 -1351.21 -1378.20 -1405.19 -1433.17 -1455.16 -1469.13 -1475.11 -1485.10 -1497.08 -1507.08 -1518.07 -1529.06 -1541.04 -1551.03 -1560.01 -1567.98 -1574.96 -1580.93 -1585.93 -1590.92 -1593.93 -1596.92 -1601.93
-816.88 -822.20 -828.31 -832.55 -839.32 -847.91 -855.65 -858.44 -857.43 -855.64 -849.77 -843.90 -842.56 -841.03 -840.62 -840.44 -842.31 -846.24 -850.05 -857.85 -866.80 -873.67 -883.60 -893.60 -904.42 -915.36 -928.21 -944.22 -962.30 -978.41 -995.84 -1013.17 -1035.67 -1061.43 -1091.68 -1122.13 -1147.92 -1178.57 -1206.22 -1227.04 -1248.35 -1270.55 -1290.88 -1311.35 -1341.85 -1369.53 -1395.34 -1421.01 -1446.62 -1466.06 -1479.00 -1484.23 -1494.08 -1503.94 -1513.81 -1523.75 -1534.45 -1544.34 -1554.22 -1560.80 -1566.52 -1571.40 -1575.27 -1579.06 -1583.00 -1587.07 -1590.07 -1595.09
-807.25 -813.63 -819.94 -826.04 -832.36 -838.82 -845.40 -847.32 -846.63 -845.66 -841.04 -836.42 -832.88 -829.42 -828.35 -826.58 -827.24 -829.86 -832.44 -839.10 -846.37 -853.42 -861.99 -871.99 -881.26 -892.31 -904.32 -920.02 -937.71 -954.02 -973.16 -992.92 -1018.12 -1047.72 -1079.41 -1112.21 -1142.82 -1177.00 -1208.18 -1234.46 -1258.57 -1281.91 -1304.67 -1328.54 -1356.37 -1381.22 -1405.84 -1429.03 -1452.23 -1468.70 -1481.70 -1488.81 -1497.69 -1508.04 -1516.57 -1526.66 -1535.47 -1545.16 -1553.39 -1558.24 -1563.17 -1568.17 -1572.17 -1575.05 -1579.10 -1582.74 -1585.74 -1590.44
-792.42 -800.06 -807.62 -814.20 -820.53 -827.06 -833.00 -834.93 -835.43 -834.94 -831.43 -827.99 -824.45 -819.68 -818.82 -815.64 -814.43 -815.80 -817.88 -822.74 -828.12 -834.62 -842.56 -852.70 -860.02 -870.58 -881.35 -895.86 -912.29 -930.00 -949.06 -971.26 -998.42 -1029.12 -1063.39 -1098.00 -1132.30 -1169.62 -1203.80 -1233.56 -1260.74 -1285.81 -1311.00 -1336.62 -1364.11 -1386.30 -1409.67 -1431.05 -1452.51 -1467.80 -1480.74 -1488.17 -1497.68 -1508.81 -1517.33 -1526.11 -1535.75 -1544.12 -1551.01 -1555.94 -1560.94 -1565.87 -1569.87 -1573.38 -1576.81 -1579.75 -1582.75 -1586.12
-774.19 -782.14 -790.96 -797.91 -805.40 -812.42 -818.35 -821.00 -823.54 -824.29 -822.76 -820.50 -818.25 -814.74 -812.15 -809.94 -807.90 -808.94 -809.29 -812.52 -816.84 -822.10 -830.17 -838.65 -845.70 -854.16 -865.05 -877.44 -892.76 -910.00 -928.27 -952.26 -979.19 -1009.42 -1044.46 -1080.28 -1115.98 -1153.96 -1190.52 -1223.04 -1252.53 -1280.02 -1306.79 -1333.61 -1359.72 -1382.49 -1405.53 -1425.72 -1445.11 -1460.88 -1474.67 -1484.21 -1494.95 -1505.09 -1514.04 -1522.79 -1532.09 -1540.07 -1547.07 -1552.79 -1557.72 -1563.51 -1567.44 -1572.32 -1575.30 -1578.23 -1581.23 -1584.21
-754.18 -763.11 -772.11 -780.04 -789.00 -795.94 -802.89 -807.75 -811.68 -813.58 -814.47 -813.37 -812.29 -810.26 -807.19 -805.25 -803.22 -803.27 -804.28 -806.35 -808.43 -812.51 -819.61 -826.62 -832.72 -839.76 -848.91 -860.94 -874.08 -891.14 -908.21 -930.33 -958.29 -988.31 -1023.31 -1059.29 -1097.17 -1136.07 -1174.00 -1208.86 -1240.74 -1270.63 -1298.56 -1325.56 -1352.52 -1375.52 -1397.56 -1417.56 -1436.53 -1452.53 -1466.50 -1477.43 -1489.39 -1500.32 -1510.27 -1519.27 -1527.28 -1535.28 -1542.25 -1549.18 -1555.14 -1561.14 -1566.10 -1570.11 -1573.11 -1577.07 -1580.07 -1583.10
-735.20 -745.32 -754.32 -763.44 -772.50 -781.59 -788.72 -795.88 -801.06 -805.21 -807.39 -808.61 -808.79 -806.93 -806.01 -802.06 -801.11 -801.03 -800.02 -800.98 -802.91 -805.80 -810.64 -818.53 -822.38 -829.32 -836.24 -847.05 -857.90 -872.67 -888.49 -909.39 -937.25 -966.15 -1001.01 -1037.99 -1076.96 -1117.99 -1157.03 -1194.19 -1227.37 -1258.49 -1287.53 -1314.60 -1341.53 -1364.60 -1386.59 -1406.59 -1426.63 -1442.78 -1457.89 -1469.92 -1482.06 -1494.18 -1504.24 -1513.39 -1522.42 -1530.49 -1538.53 -1546.64 -1552.71 -1558.71 -1563.78 -1568.82 -1571.90 -1575.83 -1578.83 -1580.78
-716.64 -727.71 -736.71 -746.78 -757.11 -766.33 -775.95 -784.21 -791.83 -797.07 -801.94 -805.53 -807.87 -808.45 -807.65 -806.27 -804.95 -804.13 -803.95 -804.95 -805.63 -807.33 -811.29 -817.20 -819.60 -825.33 -831.80 -840.74 -850.17 -862.86 -876.24 -895.44 -921.17 -948.40 -981.09 -1016.32 -1054.56 -1094.08 -1132.86 -1171.21 -1206.86 -1238.94 -1267.91 -1295.98 -1322.19 -1345.95 -1368.48 -1388.45 -1408.70 -1426.82 -1443.08 -1455.56 -1469.92 -1483.22 -1494.48 -1505.60 -1515.07 -1524.37 -1532.56 -1541.91 -1548.93 -1555.18 -1561.22 -1566.47 -1570.29 -1573.22 -1576.22 -1578.50
-701.38 -712.49 -721.49 -731.43 -742.50 -752.98 -764.52 -774.41 -783.89 -791.31 -798.86 -804.82 -808.71 -811.72 -812.55 -813.09 -811.91 -811.98 -810.85 -811.85 -811.85 -812.25 -815.84 -820.95 -822.35 -826.35 -831.81 -839.39 -847.38 -857.90 -869.48 -885.93 -909.09 -933.13 -963.89 -995.87 -1034.17 -1070.81 -1108.45 -1146.98 -1184.17 -1216.11 -1245.58 -1273.64 -1300.24 -1324.12 -1347.77 -1368.19 -1389.19 -1407.66 -1425.67 -1440.16 -1455.57 -1469.99 -1483.00 -1494.35 -1505.89 -1516.31 -1526.32 -1535.79 -1543.80 -1550.74 -1557.22 -1563.22 -1566.22 -1569.22 -1572.16 -1574.81
-690.46 -700.07 -709.07 -719.76 -730.76 -742.42 -755.16 -767.55 -778.83 -788.49 -797.78 -806.17 -812.49 -817.11 -821.20 -822.79 -823.49 -823.41 -823.11 -824.11 -823.34 -824.07 -826.41 -829.64 -830.98 -833.90 -838.63 -844.58 -851.19 -860.23 -869.18 -883.89 -903.57 -924.56 -950.88 -980.71 -1015.69 -1048.71 -1083.81 -1122.69 -1159.07 -1191.76 -1221.80 -1249.11 -1275.07 -1300.14 -1323.11 -1344.84 -1366.61 -1385.50 -1404.50 -1420.86 -1438.21 -1454.57 -1468.50 -1481.85 -1494.51 -1506.94 -1517.95 -1528.22 -1536.53 -1544.92 -1551.89 -1558.66 -1560.89 -1563.96 -1567.58 -1568.85
-682.76 -691.79 -700.85 -711.86 -722.75 -735.64 -748.60 -762.45 -776.25 -787.98 -799.66 -809.46 -818.15 -824.88 -830.74 -834.41 -836.20 -837.09 -837.04 -838.04 -837.86 -837.99 -839.09 -842.13 -843.07 -846.12 -849.21 -854.38 -860.42 -867.64 -874.78 -887.09 -903.52 -921.88 -944.34 -969.94 -1002.30 -1031.83 -1063.25 -1099.82 -1135.03 -1168.04 -1198.10 -1225.09 -1251.14 -1276.14 -1299.14 -1321.15 -1342.27 -1362.99 -1382.88 -1400.62 -1419.53 -1437.38 -1453.10 -1467.96 -1481.80 -1494.82 -1506.65 -1518.51 -1527.33 -1536.35 -1544.29 -1550.41 -1553.29 -1555.29 -1560.30 -1561.24
-678.95 -686.94 -694.91 -705.93 -718.95 -731.96 -745.98 -760.99 -775.00 -788.03 -802.06 -814.11 -825.14 -833.17 -840.20 -846.25 -850.27 -851.30 -852.32 -853.32 -854.33 -854.33 -855.33 -857.34 -859.35 -861.33 -864.33 -868.32 -873.31 -880.30 -886.29 -896.24 -910.17 -925.11 -944.04 -965.96 -994.89 -1019.82 -1048.74 -1080.65 -1113.60 -1146.58 -1175.57 -1202.55 -1227.53 -1252.52 -1275.52 -1297.52 -1318.53 -1340.53 -1360.56 -1381.59 -1400.60 -1419.62 -1436.64 -1452.67 -1467.69 -1480.70 -1493.71 -1506.73 -1516.75 -1525.75 -1532.74 -1538.75 -1541.75 -1545.76 -1548.75 -1550.76
-678.34 -686.18 -693.44 -705.34 -718.20 -732.27 -746.27 -761.28 -776.35 -790.57 -805.48 -819.77 -830.93 -841.20 -849.41 -857.50 -861.82 -865.09 -867.30 -868.44 -869.58 -869.88 -870.85 -873.76 -876.06 -878.20 -881.20 -885.20 -890.20 -895.96 -901.98 -909.69 -920.35 -932.92 -948.61 -966.98 -992.20 -1014.64 -1038.94 -1067.32 -1097.78 -1128.22 -1156.92 -1182.87 -1206.65 -1230.44 -1253.48 -1275.48 -1297.38 -1318.48 -1340.45 -1361.62 -1381.67 -1400.83 -1418.88 -1436.12 -1452.17 -1466.39 -1479.39 -1492.41 -1503.30 -1512.46 -1519.61 -1526.50 -1529.66 -1532.58 -1536.65 -1538.80
-682.48 -689.32 -698.46 -709.44 -721.00 -735.05 -749.09 -763.78 -778.78 -793.90 -807.87 -823.04 -835.06 -846.54 -855.93 -864.66 -870.71 -875.05 -878.44 -880.79 -883.18 -885.59 -887.32 -889.15 -893.61 -897.00 -899.96 -903.91 -908.86 -914.15 -919.75 -926.67 -936.28 -946.82 -960.75 -975.86 -996.62 -1015.40 -1036.60 -1061.38 -1087.85 -1114.59 -1141.22 -1166.95 -1189.97 -1212.58 -1234.86 -1256.95 -1277.88 -1300.00 -1320.92 -1342.63 -1363.00 -1383.12 -1401.53 -1419.19 -1435.55 -1450.67 -1463.67 -1476.31 -1486.60 -1496.67 -1504.74 -1511.03 -1515.06 -1518.42 -1522.42 -1525.45
-687.14 -695.39 -704.39 -714.80 -725.75 -739.23 -752.71 -766.07 -781.21 -795.69 -809.17 -823.07 -835.73 -847.12 -857.76 -867.80 -874.90 -881.13 -885.56 -889.72 -893.23 -897.39 -900.35 -903.46 -909.03 -913.60 -917.05 -921.57 -927.16 -933.14 -938.61 -945.68 -954.10 -963.46 -974.20 -987.64 -1004.86 -1020.67 -1038.86 -1060.74 -1082.90 -1107.44 -1131.69 -1155.60 -1177.49 -1198.99 -1219.96 -1240.78 -1261.92 -1283.33 -1304.47 -1325.42 -1346.47 -1365.88 -1384.34 -1401.95 -1419.07 -1433.41 -1446.48 -1458.43 -1469.55 -1479.55 -1487.55 -1494.54 -1499.06 -1503.04 -1507.04 -1510.63
-693.54 -701.72 -710.79 -720.77 -731.77 -744.01 -756.19 -769.31 -782.78 -796.09 -808.34 -820.56 -832.79 -844.63 -855.73 -866.46 -875.30 -882.21 -889.63 -895.27 -900.75 -906.53 -910.99 -915.76 -922.52 -928.27 -933.75 -939.51 -945.46 -952.19 -958.94 -965.07 -972.25 -981.30 -990.52 -1001.97 -1016.51 -1029.86 -1046.13 -1064.90 -1084.37 -1105.21 -1127.48 -1148.98 -1169.27 -1188.72 -1209.06 -1229.08 -1248.55 -1269.60 -1289.00 -1310.07 -1331.14 -1350.19 -1368.16 -1385.39 -1401.73 -1416.57 -1428.70 -1440.77 -1450.97 -1460.97 -1468.97 -1476.70 -1482.53 -1487.33 -1491.26 -1495.21
-699.68 -708.64 -716.67 -726.67 -737.67 -748.74 -760.77 -771.87 -783.93 -795.04 -806.13 -817.20 -829.22 -840.29 -850.33 -862.29 -871.30 -880.19 -888.17 -897.03 -904.90 -911.77 -918.67 -924.58 -932.49 -939.42 -947.35 -954.28 -961.19 -969.12 -977.03 -983.99 -990.99 -999.02 -1007.09 -1017.15 -1028.32 -1041.37 -1055.48 -1070.64 -1087.75 -1106.83 -1126.97 -1146.10 -1164.23 -1182.29 -1200.42 -1219.49 -1237.55 -1257.62 -1276.64 -1296.71 -1316.78 -1334.82 -1352.82 -1369.84 -1383.95 -1398.02 -1411.00 -1422.07 -1432.07 -1442.07 -1450.01 -1459.00 -1464.95 -1469.92 -1474.88 -1479.82
-705.73 -714.66 -722.66 -732.58 -743.50 -753.54 -764.41 -774.30 -785.10 -795.00 -803.84 -813.57 -824.46 -834.42 -844.34 -856.27 -865.35 -875.31 -884.51 -894.63 -904.87 -915.15 -923.41 -931.56 -941.73 -949.85 -957.93 -966.04 -975.29 -984.40 -994.48 -1001.57 -1008.56 -1016.57 -1023.44 -1032.32 -1041.16 -1052.00 -1064.80 -1077.64 -1093.44 -1110.35 -1128.10 -1144.94 -1160.78 -1177.59 -1193.44 -1211.25 -1228.14 -1246.94 -1264.82 -1283.86 -1302.74 -1320.74 -1338.67 -1354.56 -1367.43 -1380.32 -1392.19 -1402.07 -1412.15 -1422.14 -1432.23 -1440.33 -1448.49 -1454.61 -1459.53 -1465.57
-713.92 -721.56 -729.53 -738.72 -748.64 -759.46 -769.36 -778.06 -786.75 -794.94 -802.70 -809.26 -818.70 -828.22 -837.44 -847.85 -857.96 -867.14 -878.32 -889.58 -901.95 -914.55 -926.25 -936.06 -947.07 -956.40 -965.48 -974.80 -985.92 -996.47 -1006.64 -1014.49 -1021.80 -1029.55 -1035.44 -1043.40 -1051.07 -1060.77 -1071.40 -1083.10 -1096.96 -1113.89 -1129.72 -1145.67 -1160.12 -1174.55 -1189.03 -1204.44 -1219.88 -1236.54 -1253.47 -1273.32 -1291.21 -1308.99 -1325.69 -1340.39 -1352.32 -1363.93 -1374.88 -1383.78 -1394.88 -1405.14 -1415.36 -1425.74 -1435.03 -1442.08 -1446.23 -1452.48
-720.11 -727.46 -735.93 -745.94 -755.94 -765.81 -776.35 -783.81 -790.44 -795.83 -801.46 -806.98 -814.44 -821.89 -831.54 -840.41 -849.94 -860.06 -870.59 -883.60 -897.08 -912.04 -925.59 -938.25 -950.14 -960.27 -969.33 -979.39 -990.75 -1003.29 -1015.72 -1022.18 -1029.36 -1036.23 -1042.71 -1050.11 -1057.11 -1065.63 -1075.09 -1085.61 -1099.61 -1117.56 -1133.97 -1149.50 -1162.01 -1173.64 -1185.62 -1198.66 -1212.12 -1227.16 -1244.28 -1262.62 -1281.10 -1297.62 -1313.14 -1326.60 -1338.60 -1350.48 -1360.89 -1370.36 -1380.89 -1391.89 -1403.37 -1414.85 -1425.39 -1432.75 -1438.29 -1445.23
-724.17 -732.83 -741.72 -752.49 -762.42 -773.19 -783.53 -790.57 -793.98 -798.32 -800.81 -805.15 -811.42 -817.68 -826.02 -835.17 -844.13 -853.43 -863.40 -877.55 -892.28 -909.83 -924.56 -937.60 -951.52 -960.90 -969.13 -979.13 -992.63 -1006.29 -1021.10 -1026.99 -1032.15 -1039.69 -1046.58 -1054.94 -1061.09 -1068.29 -1077.40 -1086.59 -1100.59 -1119.89 -1137.84 -1152.88 -1163.52 -1171.32 -1181.62 -1192.22 -1204.56 -1217.79 -1233.39 -1252.90 -1271.93 -1287.13 -1301.32 -1314.20 -1326.20 -1339.21 -1350.56 -1360.45 -1370.34 -1382.04 -1394.70 -1407.43 -1418.40 -1427.76 -1433.50 -1441.89
-725.92 -735.71 -746.48 -756.55 -767.44 -777.56 -787.60 -793.66 -797.58 -800.63 -802.61 -805.77 -811.75 -817.80 -824.90 -832.18 -841.18 -850.23 -860.28 -873.40 -888.46 -905.71 -920.83 -933.89 -946.18 -954.22 -963.10 -973.10 -986.23 -1001.19 -1016.20 -1022.97 -1028.68 -1038.41 -1047.08 -1056.04 -1063.81 -1071.63 -1078.74 -1088.67 -1102.79 -1119.23 -1134.69 -1148.97 -1158.07 -1165.03 -1174.25 -1183.40 -1194.50 -1207.54 -1222.52 -1240.77 -1259.82 -1275.59 -1290.47 -1304.30 -1316.19 -1330.07 -1342.04 -1353.76 -1364.53 -1376.54 -1390.44 -1403.34 -1415.23 -1426.08 -1435.52 -1444.43
-725.99 -738.02 -749.03 -760.05 -771.06 -781.06 -790.06 -797.06 -800.07 -804.08 -806.09 -808.08 -814.07 -819.07 -826.06 -832.04 -841.02 -849.00 -857.99 -870.97 -884.93 -899.87 -912.82 -924.80 -935.78 -944.78 -953.78 -963.78 -976.78 -990.75 -1005.74 -1014.80 -1023.87 -1034.91 -1045.95 -1055.99 -1064.00 -1073.02 -1082.05 -1091.03 -1102.99 -1116.93 -1129.88 -1140.82 -1149.80 -1156.80 -1163.78 -1171.77 -1182.77 -1194.76 -1209.74 -1227.73 -1245.72 -1263.74 -1278.75 -1293.78 -1307.81 -1321.82 -1334.86 -1347.88 -1360.91 -1372.93 -1386.93 -1401.95 -1413.96 -1426.00 -1438.03 -1449.08
-724.67 -738.03 -750.24 -761.36 -773.41 -783.55 -793.44 -799.69 -804.80 -808.77 -811.99 -814.14 -819.08 -824.83 -830.77 -835.86 -843.67 -850.45 -859.15 -869.92 -881.34 -892.71 -903.47 -914.28 -923.77 -931.74 -940.77 -950.61 -963.30 -976.25 -990.34 -1002.66 -1015.31 -1028.72 -1042.14 -1054.57 -1063.75 -1073.96 -1083.11 -1092.11 -1101.69 -1112.22 -1122.65 -1131.24 -1137.97 -1144.83 -1151.83 -1159.85 -1170.69 -1182.69 -1196.80 -1213.58 -1231.43 -1249.44 -1265.65 -1281.85 -1297.21 -1312.42 -1327.70 -1341.91 -1354.87 -1369.30 -1383.45 -1398.44 -1411.64 -1425.89 -1439.41 -1452.66
