Instances/GulfOfSirte/GMRTv3_3_20170610topo.asc
ncols 648
nrows 356
xllcorner 15.169921875
yllcorner 30.05388030248483
cellsize 0.0087890625
nodata_value -2147483648
[rows 0 to 29 of 356, columns 0 to 67 of 648]
-731.69 -735.91 -739.10 -742.19 -743.50 -746.54 -750.60 -754.49 -755.55 -754.59 -752.65 -750.59 -749.44 -747.30 -746.20 -745.04 -746.85 -749.60 -750.54 -750.86 -756.69 -764.49 -770.50 -775.59 -779.80 -784.94 -792.23 -799.37 -806.52 -814.66 -824.03 -838.89 -855.59 -871.28 -882.23 -892.24 -899.50 -906.65 -918.65 -932.54 -945.60 -958.65 -972.53 -984.69 -993.20 -1007.09 -1019.99 -1025.50 -1033.70 -1044.40 -1057.29 -1068.15 -1077.95 -1084.82 -1089.54 -1095.09 -1101.79 -1105.67 -1111.49 -1119.89 -1129.19 -1138.59 -1144.15 -1153.71 -1159.62 -1160.59 -1163.12 -1161.87
-734.04 -736.00 -738.98 -739.88 -738.81 -740.79 -745.82 -749.79 -751.81 -749.79 -746.79 -745.81 -745.83 -744.88 -743.91 -743.95 -748.02 -752.10 -754.09 -752.02 -759.07 -769.14 -775.16 -778.12 -782.12 -786.05 -790.95 -796.93 -802.91 -809.86 -817.84 -831.82 -850.94 -868.99 -880.96 -890.93 -894.81 -900.72 -912.72 -926.72 -940.79 -952.77 -966.74 -977.67 -983.55 -997.63 -1010.68 -1013.48 -1019.41 -1032.51 -1045.53 -1057.58 -1067.58 -1075.55 -1082.64 -1091.79 -1100.86 -1105.88 -1111.82 -1122.86 -1139.28 -1153.42 -1162.56 -1173.61 -1179.53 -1181.60 -1187.72 -1187.84
-733.83 -735.63 -737.61 -736.28 -734.18 -736.03 -740.67 -743.64 -745.47 -743.64 -741.69 -740.88 -741.06 -741.30 -741.54 -742.78 -747.85 -754.01 -755.11 -752.37 -760.07 -770.79 -778.32 -781.27 -785.08 -787.14 -789.97 -795.80 -801.78 -807.47 -815.67 -829.88 -852.01 -869.66 -879.33 -888.31 -889.91 -892.27 -904.31 -918.35 -934.34 -946.15 -959.15 -967.79 -970.30 -987.79 -1003.21 -999.23 -1004.12 -1019.32 -1033.63 -1046.74 -1056.53 -1062.34 -1071.70 -1084.15 -1094.22 -1099.39 -1103.16 -1114.14 -1142.68 -1159.02 -1171.42 -1183.70 -1186.36 -1190.85 -1199.16 -1204.00
-732.56 -733.55 -734.76 -732.69 -731.11 -731.20 -733.80 -736.02 -736.53 -736.07 -734.44 -734.45 -735.89 -737.38 -738.76 -741.20 -746.20 -751.78 -754.27 -754.61 -760.05 -768.18 -776.06 -779.95 -782.88 -785.95 -789.32 -793.78 -800.20 -805.91 -814.98 -829.74 -848.73 -863.86 -872.84 -881.00 -883.14 -884.74 -896.06 -909.27 -923.47 -934.40 -946.19 -954.54 -958.04 -974.54 -988.93 -986.99 -992.72 -1006.52 -1020.85 -1033.07 -1042.47 -1049.26 -1058.85 -1071.19 -1081.24 -1087.73 -1093.36 -1104.78 -1131.47 -1148.60 -1161.67 -1174.32 -1179.73 -1186.60 -1195.98 -1203.51
-731.37 -731.78 -731.04 -729.04 -728.15 -727.14 -727.11 -727.44 -727.47 -726.78 -726.48 -727.07 -729.85 -731.74 -735.18 -738.81 -743.81 -748.77 -751.74 -754.60 -759.63 -765.23 -771.17 -775.67 -778.59 -781.52 -786.15 -790.77 -797.81 -805.49 -814.49 -827.27 -841.14 -853.88 -862.22 -869.14 -873.93 -878.33 -886.34 -897.74 -909.40 -920.55 -929.69 -938.73 -946.15 -958.73 -970.63 -975.67 -984.07 -995.28 -1006.95 -1017.28 -1026.66 -1035.48 -1045.10 -1054.76 -1064.17 -1071.22 -1080.12 -1092.24 -1109.77 -1126.33 -1139.26 -1151.21 -1161.79 -1171.05 -1182.34 -1191.49
-730.12 -729.23 -728.28 -726.34 -724.59 -722.71 -721.80 -720.97 -720.10 -720.02 -719.97 -721.91 -724.00 -727.74 -730.77 -735.66 -740.66 -745.60 -749.53 -751.61 -755.74 -760.71 -765.90 -769.02 -772.89 -776.70 -782.59 -787.54 -794.48 -803.42 -812.42 -822.65 -834.80 -845.10 -853.20 -860.20 -865.27 -870.30 -876.39 -885.69 -895.98 -905.17 -915.09 -924.09 -932.93 -944.03 -955.10 -964.62 -973.59 -984.64 -994.74 -1003.86 -1012.84 -1020.98 -1031.12 -1039.28 -1047.45 -1054.51 -1062.71 -1073.90 -1087.40 -1100.83 -1114.77 -1126.71 -1137.67 -1149.38 -1162.22 -1174.80
-730.01 -729.00 -726.98 -723.96 -719.94 -717.93 -714.91 -712.89 -711.88 -710.87 -711.88 -712.87 -715.88 -719.89 -724.90 -729.90 -734.90 -740.90 -743.90 -746.91 -750.91 -755.91 -759.91 -762.91 -766.91 -771.92 -777.92 -783.94 -791.94 -799.94 -808.95 -818.94 -829.91 -838.90 -844.88 -851.87 -855.87 -860.86 -866.85 -874.83 -881.80 -891.80 -900.78 -909.79 -919.80 -930.80 -942.80 -952.82 -962.84 -972.83 -982.83 -991.83 -1000.82 -1008.81 -1016.78 -1023.76 -1030.75 -1036.74 -1043.72 -1053.69 -1063.65 -1075.62 -1088.61 -1101.61 -1113.63 -1126.65 -1140.66 -1154.69
-731.21 -728.98 -725.93 -721.89 -717.74 -714.34 -710.30 -707.26 -705.03 -703.89 -704.89 -705.89 -708.89 -713.79 -717.89 -722.89 -727.89 -733.72 -736.89 -740.95 -744.94 -749.77 -753.77 -756.94 -761.10 -767.00 -773.15 -780.21 -787.31 -796.38 -806.26 -815.20 -823.92 -831.87 -837.87 -843.64 -848.72 -852.67 -857.46 -864.25 -871.08 -879.85 -887.80 -897.89 -907.87 -918.87 -929.95 -942.08 -953.11 -963.26 -973.26 -982.26 -990.21 -997.16 -1003.93 -1009.72 -1015.36 -1021.21 -1027.02 -1034.59 -1043.38 -1053.28 -1065.92 -1077.87 -1090.95 -1104.98 -1119.33 -1135.59
-732.36 -729.34 -725.95 -721.62 -716.16 -711.07 -706.73 -703.01 -699.99 -697.53 -698.58 -699.58 -702.58 -706.46 -711.58 -716.58 -721.58 -726.51 -730.58 -734.58 -738.97 -742.89 -746.89 -750.97 -756.04 -760.92 -768.42 -775.37 -783.44 -792.44 -801.76 -810.76 -818.30 -825.92 -831.92 -836.89 -841.56 -845.17 -848.77 -854.31 -860.29 -868.27 -875.83 -885.50 -895.88 -906.83 -919.24 -931.19 -943.01 -954.42 -964.42 -973.37 -980.98 -987.60 -993.57 -998.17 -1001.26 -1005.85 -1010.16 -1015.24 -1022.84 -1032.12 -1043.74 -1055.41 -1068.02 -1082.79 -1098.55 -1116.29
-734.15 -730.53 -726.48 -720.88 -714.90 -709.28 -703.68 -697.96 -694.33 -691.36 -691.73 -692.80 -695.80 -700.50 -704.88 -709.95 -714.95 -719.95 -723.88 -727.88 -732.92 -736.92 -740.92 -744.92 -749.92 -755.48 -762.90 -770.60 -778.60 -787.60 -797.64 -806.64 -813.60 -820.55 -826.62 -830.92 -834.25 -837.28 -839.60 -844.63 -850.00 -857.38 -865.03 -873.35 -884.40 -896.03 -909.70 -922.25 -934.65 -947.32 -957.25 -966.88 -973.76 -979.71 -985.08 -988.41 -990.39 -993.86 -994.82 -998.79 -1005.26 -1012.54 -1025.71 -1036.04 -1048.06 -1064.16 -1079.04 -1099.46
-736.52 -732.44 -728.57 -721.71 -714.94 -708.92 -702.06 -696.11 -692.09 -688.31 -688.30 -688.45 -691.52 -695.69 -699.74 -703.90 -708.90 -713.90 -718.81 -722.81 -727.81 -731.74 -735.81 -739.74 -744.81 -751.66 -758.58 -765.76 -773.82 -782.76 -792.82 -801.82 -808.76 -815.82 -820.98 -825.81 -828.79 -830.95 -832.99 -837.22 -842.20 -849.18 -856.36 -864.34 -875.34 -887.29 -901.31 -915.17 -927.93 -940.95 -951.66 -961.61 -969.45 -975.45 -980.44 -983.42 -984.64 -985.94 -986.80 -990.02 -994.32 -1001.37 -1013.46 -1023.51 -1034.73 -1050.79 -1066.57 -1086.76
-739.97 -736.96 -730.97 -723.97 -715.97 -709.98 -702.98 -695.98 -691.98 -686.99 -687.00 -687.00 -689.01 -693.01 -696.02 -700.02 -705.03 -710.03 -714.04 -718.03 -723.03 -728.03 -731.04 -736.03 -740.03 -747.03 -755.03 -762.04 -769.04 -779.04 -788.05 -797.05 -805.05 -811.05 -816.05 -821.05 -824.05 -826.05 -827.05 -830.05 -835.06 -842.06 -849.06 -857.06 -868.06 -881.05 -895.05 -909.05 -923.04 -936.04 -949.02 -960.01 -968.00 -973.99 -978.99 -981.99 -982.00 -983.00 -983.01 -985.01 -989.01 -995.02 -1008.02 -1017.03 -1027.04 -1042.04 -1059.04 -1079.05
-742.50 -739.63 -734.69 -727.53 -720.58 -713.65 -706.65 -699.64 -695.50 -690.50 -688.25 -688.11 -690.13 -693.07 -695.02 -699.03 -702.82 -707.70 -711.84 -716.78 -721.93 -725.72 -728.85 -733.86 -738.79 -745.52 -752.61 -758.55 -766.49 -774.38 -783.26 -792.27 -799.35 -806.27 -811.13 -815.21 -818.21 -821.27 -823.46 -826.31 -830.25 -837.26 -844.26 -852.25 -863.25 -876.26 -890.25 -904.37 -919.42 -933.89 -948.07 -960.12 -969.29 -976.48 -981.47 -984.44 -984.71 -985.70 -985.55 -987.55 -991.54 -997.54 -1008.43 -1017.29 -1027.15 -1042.17 -1057.98 -1076.95
-745.82 -743.90 -738.81 -731.43 -724.73 -718.80 -711.76 -705.10 -700.03 -695.03 -691.91 -690.84 -692.49 -695.54 -697.19 -700.89 -704.21 -707.74 -712.86 -716.44 -722.17 -725.44 -729.60 -734.26 -738.23 -743.08 -750.85 -756.90 -763.48 -771.18 -778.76 -787.46 -795.57 -801.50 -805.73 -810.46 -813.46 -816.41 -819.88 -822.10 -826.10 -832.76 -839.80 -848.19 -859.19 -871.76 -886.10 -901.48 -916.82 -933.65 -949.07 -961.33 -972.05 -980.04 -985.38 -989.03 -991.09 -992.39 -991.62 -993.66 -998.01 -1003.96 -1014.66 -1022.54 -1031.86 -1046.17 -1061.18 -1079.54
-748.28 -746.14 -742.24 -736.27 -730.84 -724.77 -718.36 -712.27 -707.27 -702.27 -699.85 -698.85 -699.80 -702.29 -703.23 -705.60 -709.06 -712.66 -717.15 -720.10 -725.11 -729.17 -732.00 -736.01 -739.43 -744.43 -750.93 -756.35 -762.36 -768.79 -775.74 -783.17 -790.59 -796.59 -802.30 -806.24 -809.17 -812.83 -816.23 -819.93 -823.86 -829.81 -836.23 -844.69 -855.62 -868.81 -883.79 -900.43 -916.42 -932.95 -948.93 -963.08 -975.63 -984.73 -990.65 -996.27 -999.37 -1001.94 -1002.51 -1003.78 -1008.83 -1015.49 -1024.85 -1033.44 -1042.90 -1055.87 -1069.70 -1086.08
-749.04 -748.59 -746.37 -741.11 -736.88 -731.61 -725.50 -721.12 -716.05 -710.91 -709.00 -708.00 -709.07 -710.24 -711.24 -713.22 -716.26 -719.55 -722.72 -725.65 -729.91 -733.98 -735.93 -739.12 -742.17 -747.24 -751.60 -756.72 -761.98 -767.15 -774.29 -780.46 -787.43 -793.50 -798.72 -802.65 -806.53 -809.67 -813.53 -816.67 -821.48 -827.55 -833.46 -841.43 -853.24 -866.41 -882.22 -899.24 -916.05 -933.00 -949.74 -965.52 -980.02 -990.74 -998.29 -1005.05 -1009.76 -1013.52 -1015.21 -1017.74 -1022.74 -1028.95 -1038.00 -1047.02 -1055.93 -1068.12 -1081.15 -1096.46
-749.04 -750.00 -748.93 -744.86 -741.82 -737.77 -733.70 -729.66 -725.61 -722.56 -719.57 -718.57 -718.59 -719.61 -720.63 -722.63 -724.68 -726.68 -729.68 -733.68 -736.70 -739.75 -741.75 -744.77 -746.79 -750.84 -754.84 -757.91 -761.96 -766.98 -772.05 -778.07 -785.09 -790.10 -795.10 -800.09 -803.10 -807.09 -810.12 -814.09 -819.09 -824.12 -831.11 -839.09 -851.09 -865.07 -881.07 -898.07 -915.05 -933.00 -950.95 -967.91 -984.82 -997.72 -1006.70 -1014.65 -1021.54 -1026.50 -1030.40 -1034.38 -1039.36 -1045.36 -1053.38 -1062.38 -1072.36 -1084.36 -1096.38 -1109.45
-746.53 -748.78 -749.97 -748.27 -746.41 -743.66 -740.90 -739.10 -736.24 -733.44 -731.49 -730.38 -730.38 -730.32 -730.26 -732.16 -733.22 -736.17 -739.17 -742.12 -745.02 -746.97 -748.96 -750.91 -752.92 -755.77 -759.57 -761.53 -764.37 -768.21 -772.18 -777.13 -782.87 -788.93 -793.94 -797.88 -801.83 -804.89 -807.79 -811.80 -816.71 -821.81 -827.75 -836.70 -848.71 -862.72 -878.72 -895.71 -913.86 -932.92 -952.06 -970.21 -989.43 -1004.53 -1013.72 -1022.86 -1033.22 -1039.47 -1045.77 -1049.85 -1055.89 -1061.98 -1070.00 -1078.99 -1089.10 -1100.99 -1112.99 -1124.74
-741.37 -745.79 -748.43 -748.85 -748.45 -747.87 -747.55 -746.85 -745.49 -744.90 -742.83 -741.10 -741.13 -741.10 -741.40 -742.29 -744.06 -745.98 -749.02 -751.72 -753.64 -755.64 -757.95 -759.61 -761.30 -763.30 -764.81 -766.55 -768.51 -771.48 -774.91 -779.60 -783.84 -789.53 -794.23 -798.27 -801.19 -805.00 -806.93 -810.62 -814.24 -820.36 -826.70 -834.66 -846.36 -860.05 -876.05 -893.36 -912.47 -931.43 -951.81 -971.15 -990.88 -1006.15 -1017.60 -1028.24 -1040.66 -1049.07 -1057.45 -1063.43 -1069.66 -1077.00 -1084.39 -1093.70 -1104.77 -1115.70 -1127.73 -1137.32
-735.54 -741.07 -745.66 -747.13 -749.19 -749.66 -751.79 -752.86 -753.39 -753.92 -753.00 -751.45 -750.84 -751.38 -752.38 -753.98 -754.86 -756.86 -759.38 -761.33 -763.33 -765.26 -768.32 -769.80 -770.74 -771.66 -773.21 -773.61 -775.07 -777.53 -778.87 -782.88 -786.86 -791.87 -795.81 -799.33 -802.40 -804.80 -806.87 -809.88 -812.88 -818.41 -824.99 -832.45 -843.46 -856.40 -872.40 -890.53 -908.92 -928.53 -949.65 -970.25 -989.73 -1006.33 -1018.26 -1030.98 -1044.51 -1054.05 -1064.18 -1072.29 -1080.37 -1088.96 -1094.78 -1104.77 -1115.71 -1126.71 -1138.23 -1146.70
-727.28 -734.08 -739.80 -743.15 -747.75 -750.17 -753.85 -756.53 -759.03 -760.75 -760.73 -759.48 -759.15 -760.25 -761.94 -763.20 -764.97 -766.97 -768.10 -770.10 -772.10 -774.80 -777.80 -779.83 -780.75 -780.70 -782.03 -782.00 -782.98 -785.02 -785.99 -789.30 -792.24 -796.47 -800.54 -802.75 -804.98 -807.09 -808.40 -810.70 -813.00 -817.20 -822.48 -829.52 -839.75 -852.90 -868.90 -886.20 -904.94 -924.20 -944.43 -965.53 -985.56 -1002.51 -1016.20 -1028.38 -1043.18 -1053.90 -1064.89 -1073.58 -1083.41 -1092.29 -1099.06 -1109.83 -1121.53 -1132.60 -1142.80 -1150.08
-717.66 -724.66 -731.62 -738.43 -743.37 -748.24 -754.11 -758.94 -762.89 -765.78 -766.73 -765.66 -766.61 -766.63 -769.58 -770.54 -772.58 -774.58 -776.53 -778.49 -780.46 -784.44 -787.41 -789.37 -791.32 -791.29 -791.34 -791.30 -792.30 -793.39 -794.39 -796.43 -799.40 -803.47 -806.52 -808.55 -810.58 -810.68 -810.77 -811.85 -812.93 -816.96 -821.08 -827.17 -837.20 -848.30 -864.37 -880.38 -899.45 -918.49 -938.52 -958.57 -978.60 -996.59 -1008.66 -1021.61 -1036.64 -1048.60 -1060.55 -1070.46 -1080.43 -1091.33 -1098.30 -1109.27 -1122.29 -1132.30 -1142.30 -1148.35
-708.06 -715.06 -722.06 -730.17 -737.39 -743.50 -750.61 -757.77 -761.91 -766.99 -768.13 -769.28 -770.27 -771.31 -774.39 -776.43 -777.38 -779.38 -781.45 -784.49 -787.53 -790.55 -794.66 -797.71 -799.77 -800.81 -800.88 -802.00 -802.92 -802.94 -803.94 -806.01 -809.98 -811.90 -814.83 -815.72 -816.60 -816.61 -815.50 -815.32 -815.21 -818.10 -820.02 -824.84 -833.73 -844.59 -858.51 -875.49 -892.41 -910.23 -929.12 -949.00 -967.89 -984.85 -997.90 -1010.83 -1024.79 -1036.72 -1048.72 -1059.76 -1070.87 -1081.87 -1089.98 -1102.03 -1113.01 -1123.98 -1133.98 -1139.98
-697.28 -704.02 -711.28 -720.62 -729.99 -737.33 -745.66 -753.70 -760.08 -765.31 -768.68 -770.72 -772.24 -773.47 -777.28 -779.25 -780.51 -782.77 -785.52 -788.78 -792.04 -796.34 -801.68 -804.61 -807.95 -809.18 -810.22 -812.26 -812.67 -813.72 -814.94 -818.05 -820.94 -822.68 -824.38 -824.28 -824.27 -823.75 -821.45 -819.07 -817.77 -819.50 -821.27 -824.15 -831.59 -840.22 -854.02 -869.75 -886.26 -902.18 -919.65 -936.72 -954.48 -971.29 -984.03 -995.99 -1009.76 -1020.68 -1032.42 -1043.68 -1055.79 -1066.79 -1076.09 -1088.09 -1100.20 -1110.12 -1120.12 -1126.12
-686.43 -692.43 -700.56 -710.56 -721.17 -729.18 -738.24 -746.73 -754.23 -760.72 -765.27 -767.64 -770.71 -773.26 -776.20 -778.69 -780.69 -783.76 -786.62 -790.62 -794.62 -800.24 -806.24 -810.16 -814.16 -816.66 -818.09 -820.52 -823.08 -824.51 -827.06 -829.45 -833.00 -833.94 -834.38 -834.87 -833.95 -831.82 -828.33 -824.84 -822.34 -822.29 -822.80 -825.43 -830.88 -838.38 -850.46 -864.53 -879.04 -894.11 -909.06 -924.06 -939.58 -954.72 -966.66 -978.22 -990.73 -1001.73 -1012.73 -1024.79 -1036.36 -1047.36 -1057.92 -1069.92 -1081.43 -1091.43 -1101.43 -1107.43
-677.06 -682.33 -689.68 -700.48 -710.86 -719.51 -728.51 -737.55 -746.31 -754.07 -759.10 -763.51 -767.16 -770.20 -773.12 -776.08 -778.81 -781.74 -786.53 -791.26 -795.91 -801.14 -807.87 -813.59 -818.24 -821.92 -824.61 -828.30 -831.98 -834.59 -837.55 -841.05 -844.35 -845.35 -845.32 -846.35 -843.49 -841.49 -836.73 -831.97 -828.28 -827.29 -826.60 -827.12 -831.50 -837.89 -847.45 -859.08 -871.74 -885.02 -898.45 -911.34 -924.81 -936.64 -948.71 -959.03 -970.34 -981.49 -991.76 -1003.84 -1014.00 -1025.08 -1036.04 -1048.19 -1059.15 -1069.15 -1079.23 -1085.15
-669.68 -674.77 -680.84 -690.98 -700.10 -710.03 -719.03 -728.03 -737.03 -745.04 -749.99 -755.92 -760.85 -763.80 -767.67 -771.59 -774.60 -778.47 -783.47 -788.39 -794.31 -800.18 -807.14 -814.06 -819.89 -824.77 -828.65 -833.52 -838.40 -843.24 -847.11 -850.21 -853.16 -854.16 -854.16 -855.16 -853.02 -851.02 -846.01 -841.05 -836.18 -834.26 -832.33 -832.42 -834.62 -838.82 -846.99 -856.23 -866.43 -878.60 -888.89 -900.09 -909.46 -919.66 -930.79 -939.86 -950.08 -959.24 -969.29 -980.41 -991.33 -1001.41 -1013.37 -1023.49 -1034.58 -1044.58 -1053.71 -1060.58
-663.73 -666.63 -672.64 -681.52 -689.49 -699.41 -708.42 -717.42 -726.38 -734.34 -740.41 -746.41 -751.45 -755.48 -760.55 -764.55 -767.63 -772.66 -777.65 -784.71 -790.76 -797.82 -805.81 -812.90 -820.95 -827.02 -832.09 -838.16 -844.19 -849.23 -854.30 -857.30 -861.33 -862.33 -862.37 -863.37 -862.40 -860.40 -855.39 -849.40 -843.46 -841.42 -839.42 -837.36 -838.28 -841.21 -847.12 -854.02 -862.91 -872.73 -881.62 -889.49 -897.38 -904.25 -914.14 -923.11 -930.02 -938.94 -947.87 -957.80 -968.80 -978.80 -989.73 -1000.68 -1009.62 -1019.58 -1027.55 -1035.54
-660.22 -662.17 -667.77 -674.65 -682.46 -690.10 -698.91 -707.48 -715.44 -722.37 -729.44 -735.65 -741.70 -745.91 -752.01 -756.20 -761.32 -766.53 -771.72 -778.70 -785.77 -794.05 -801.20 -810.10 -818.29 -825.57 -831.84 -838.88 -845.07 -851.36 -857.40 -860.59 -864.59 -865.59 -866.88 -867.85 -866.83 -865.04 -860.47 -855.54 -851.42 -848.38 -846.38 -844.59 -844.52 -846.26 -850.78 -856.31 -863.00 -869.38 -876.10 -882.41 -888.08 -893.84 -901.51 -909.03 -915.63 -922.51 -930.49 -939.21 -950.02 -959.80 -969.73 -978.61 -987.42 -996.14 -1003.95 -1010.88
-656.59 -658.20 -661.63 -668.24 -674.79 -681.72 -689.33 -696.19 -703.81 -710.81 -717.81 -724.87 -731.31 -736.33 -741.89 -747.39 -752.83 -758.90 -765.35 -772.79 -779.74 -788.86 -796.87 -805.25 -814.70 -822.71 -830.28 -837.66 -845.17 -852.18 -858.62 -863.13 -867.07 -868.02 -870.08 -871.47 -870.91 -869.98 -867.06 -862.00 -857.81 -854.32 -852.32 -851.33 -851.39 -851.82 -854.30 -857.78 -862.94 -867.42 -872.15 -875.50 -880.16 -884.21 -890.82 -896.30 -900.78 -907.34 -914.51 -922.50 -931.99 -940.92 -950.98 -959.60 -967.09 -975.08 -981.62 -988.62
