Instances/GulfOfSirte/GMRTv3_3_20170610topo.asc
ncols 648
nrows 356
xllcorner 15.169921875
yllcorner 30.05388030248483
cellsize 0.0087890625
nodata_value -2147483648
[rows 180 to 209 of 356, columns 272 to 339 of 648]
-748.92 -771.02 -795.10 -816.16 -837.20 -858.23 -877.26 -892.32 -907.36 -918.37 -928.36 -937.35 -945.34 -952.34 -959.34 -967.32 -976.32 -983.33 -992.36 -1001.39 -1010.44 -1021.47 -1031.49 -1038.52 -1044.52 -1045.50 -1047.47 -1046.42 -1045.39 -1041.36 -1038.31 -1034.28 -1029.26 -1024.24 -1021.23 -1018.23 -1017.21 -1019.21 -1024.21 -1031.20 -1043.16 -1056.18 -1069.20 -1083.20 -1097.16 -1110.20 -1123.23 -1134.29 -1144.32 -1152.36 -1160.37 -1162.42 -1163.47 -1163.50 -1161.54 -1160.57 -1159.58 -1159.61 -1158.62 -1159.63 -1162.65 -1167.66 -1175.68 -1184.69 -1193.71 -1204.74 -1216.74 -1228.76
-707.55 -733.05 -759.49 -782.75 -805.13 -826.10 -847.37 -864.80 -880.98 -893.19 -902.25 -911.39 -919.22 -926.37 -933.36 -941.34 -950.34 -958.56 -967.55 -977.77 -988.88 -1001.11 -1011.28 -1018.28 -1024.28 -1025.44 -1026.20 -1023.96 -1021.75 -1016.70 -1012.48 -1007.24 -1001.18 -996.00 -991.95 -989.86 -987.99 -989.83 -994.83 -1001.67 -1011.72 -1025.47 -1039.67 -1053.83 -1066.92 -1080.80 -1094.13 -1107.42 -1118.62 -1127.83 -1135.81 -1140.24 -1143.51 -1144.88 -1145.11 -1145.15 -1144.44 -1145.67 -1145.70 -1146.86 -1150.90 -1155.90 -1163.92 -1172.94 -1183.16 -1195.07 -1206.16 -1218.16
-663.11 -690.60 -718.66 -743.48 -767.54 -789.20 -811.58 -831.03 -848.67 -862.01 -872.74 -883.12 -890.31 -898.34 -905.69 -914.04 -923.04 -932.07 -941.42 -952.45 -963.80 -976.87 -987.60 -994.55 -1000.55 -1002.58 -1002.86 -1000.18 -996.76 -991.36 -986.29 -980.57 -974.52 -968.84 -964.49 -961.46 -959.79 -960.76 -965.76 -971.69 -982.41 -994.26 -1009.64 -1024.72 -1038.79 -1052.42 -1067.21 -1081.24 -1093.67 -1104.05 -1112.35 -1118.81 -1123.19 -1126.60 -1128.68 -1129.29 -1130.75 -1132.77 -1133.43 -1135.46 -1139.86 -1144.81 -1152.51 -1161.20 -1172.32 -1183.24 -1195.36 -1207.36
-614.98 -643.11 -672.38 -697.85 -722.92 -746.53 -770.08 -790.50 -811.17 -826.23 -838.77 -850.25 -859.37 -867.80 -875.79 -884.78 -893.71 -903.35 -913.33 -924.90 -937.02 -950.02 -959.90 -967.47 -973.47 -976.03 -977.09 -974.58 -970.45 -964.90 -959.76 -954.75 -949.25 -943.66 -938.61 -935.04 -932.50 -933.00 -938.07 -944.07 -953.95 -965.88 -982.50 -997.43 -1011.43 -1026.61 -1040.49 -1055.05 -1068.04 -1079.66 -1089.28 -1096.84 -1102.39 -1107.51 -1112.18 -1115.35 -1117.91 -1120.41 -1123.02 -1125.58 -1130.00 -1135.64 -1142.08 -1149.46 -1159.96 -1171.10 -1182.53 -1194.60
-564.18 -591.48 -620.14 -645.88 -672.64 -697.36 -721.95 -745.15 -768.56 -785.94 -800.44 -813.87 -824.55 -835.05 -843.83 -853.53 -863.23 -872.48 -883.25 -895.35 -906.51 -919.51 -930.28 -938.24 -944.16 -947.19 -948.19 -945.09 -941.86 -937.59 -934.07 -929.62 -925.35 -920.02 -915.09 -910.92 -909.02 -908.37 -912.59 -918.59 -929.22 -942.00 -958.88 -974.58 -988.72 -1002.88 -1017.72 -1032.61 -1046.38 -1058.41 -1068.43 -1077.23 -1083.96 -1090.71 -1096.44 -1101.27 -1104.92 -1108.72 -1112.45 -1115.41 -1120.22 -1125.48 -1130.75 -1137.80 -1147.14 -1156.60 -1167.64 -1178.87
-510.55 -536.73 -563.01 -589.02 -617.00 -642.86 -670.59 -696.32 -723.02 -743.68 -759.50 -775.31 -788.10 -800.01 -809.01 -819.91 -830.86 -839.81 -850.86 -861.88 -873.81 -886.81 -897.78 -906.71 -913.65 -916.61 -917.61 -915.55 -912.51 -909.37 -907.24 -905.97 -902.75 -898.65 -892.76 -890.59 -887.57 -884.78 -888.81 -894.81 -907.57 -920.49 -939.29 -956.31 -968.43 -983.45 -997.52 -1014.43 -1028.39 -1040.39 -1050.39 -1059.44 -1067.34 -1075.28 -1082.22 -1087.19 -1093.02 -1096.95 -1101.89 -1105.79 -1109.85 -1114.89 -1118.99 -1125.13 -1132.29 -1141.32 -1151.43 -1162.42
-456.64 -479.38 -501.08 -526.95 -553.88 -581.99 -612.06 -642.35 -672.62 -697.83 -717.02 -735.25 -750.40 -763.47 -772.61 -784.68 -795.72 -805.80 -815.76 -827.79 -839.80 -852.75 -864.74 -873.79 -880.83 -884.86 -885.90 -883.94 -882.06 -881.21 -881.35 -882.55 -883.85 -880.92 -873.98 -873.09 -872.15 -867.13 -870.09 -876.22 -892.40 -907.63 -928.61 -943.47 -955.38 -968.28 -982.24 -998.12 -1013.11 -1025.15 -1035.11 -1043.00 -1051.99 -1059.98 -1067.03 -1073.10 -1080.18 -1086.29 -1091.33 -1096.36 -1100.36 -1104.24 -1107.17 -1111.06 -1116.99 -1124.96 -1133.93 -1144.83
-405.48 -423.49 -440.32 -462.75 -488.15 -517.09 -546.91 -582.13 -617.34 -644.84 -665.98 -689.02 -706.74 -720.99 -733.15 -746.82 -759.05 -770.30 -780.47 -792.47 -804.27 -815.98 -827.11 -836.98 -845.47 -849.40 -852.03 -851.43 -851.55 -852.85 -855.74 -860.49 -866.50 -864.50 -859.80 -861.88 -861.21 -857.05 -860.41 -869.95 -889.08 -909.09 -928.04 -939.77 -949.07 -960.44 -973.22 -986.92 -1000.67 -1014.12 -1022.47 -1027.47 -1035.40 -1043.77 -1051.82 -1059.09 -1067.50 -1074.57 -1080.61 -1085.81 -1089.64 -1091.52 -1093.07 -1095.82 -1100.37 -1108.19 -1117.35 -1126.21
-359.57 -372.84 -383.58 -403.68 -425.52 -452.45 -481.13 -521.74 -562.30 -592.04 -612.94 -640.23 -660.90 -676.27 -689.02 -705.18 -719.00 -731.32 -742.74 -754.69 -765.57 -776.85 -788.97 -797.90 -807.59 -812.69 -818.66 -820.90 -821.10 -823.77 -830.75 -839.12 -849.66 -848.61 -845.12 -852.78 -854.98 -849.85 -855.69 -867.93 -891.74 -916.43 -934.08 -939.45 -945.44 -953.52 -964.70 -976.98 -989.61 -1005.15 -1010.64 -1008.98 -1017.03 -1027.52 -1035.92 -1044.05 -1055.34 -1062.29 -1068.64 -1074.76 -1077.29 -1078.89 -1078.35 -1079.82 -1082.38 -1088.91 -1099.78 -1108.78
-321.49 -330.59 -337.25 -355.75 -372.81 -395.48 -421.93 -463.61 -505.90 -539.32 -561.48 -587.33 -607.76 -625.04 -639.76 -656.23 -671.87 -686.70 -699.23 -711.70 -723.32 -735.91 -747.29 -756.22 -765.65 -773.96 -781.53 -786.70 -790.00 -796.42 -805.61 -816.23 -827.69 -831.71 -833.84 -841.61 -847.39 -848.64 -856.90 -872.21 -895.78 -919.46 -931.54 -935.46 -940.29 -946.10 -955.60 -964.65 -975.37 -991.71 -995.49 -988.75 -996.21 -1008.01 -1017.14 -1024.45 -1038.35 -1045.97 -1053.64 -1058.88 -1060.83 -1061.71 -1060.59 -1062.23 -1062.87 -1068.82 -1080.99 -1090.06
-290.63 -297.15 -301.54 -317.42 -329.19 -347.05 -368.05 -407.95 -448.86 -485.99 -509.91 -531.45 -551.50 -569.54 -584.36 -603.01 -619.78 -636.59 -651.17 -665.75 -677.64 -691.40 -702.31 -711.99 -723.58 -733.23 -742.74 -751.09 -758.35 -767.99 -779.53 -792.11 -803.77 -812.18 -820.38 -828.76 -838.13 -847.26 -856.98 -873.90 -895.53 -917.72 -923.54 -926.59 -932.40 -935.73 -942.40 -950.41 -960.43 -973.45 -975.52 -970.72 -976.88 -987.48 -995.66 -1003.39 -1015.92 -1023.94 -1031.96 -1038.57 -1040.43 -1042.18 -1041.93 -1043.06 -1043.77 -1049.84 -1061.23 -1069.55
-274.62 -277.77 -280.88 -291.13 -300.24 -314.45 -332.61 -364.05 -396.53 -427.88 -450.99 -471.10 -490.16 -508.14 -526.01 -544.98 -562.93 -580.87 -596.81 -612.75 -626.65 -641.62 -653.53 -665.41 -678.33 -691.20 -703.05 -713.91 -725.72 -736.64 -750.54 -764.46 -778.37 -789.22 -801.07 -812.92 -824.77 -836.66 -848.62 -864.68 -881.87 -900.06 -905.08 -909.98 -915.98 -919.01 -923.07 -930.13 -939.22 -947.41 -950.37 -949.22 -955.24 -962.34 -970.34 -979.33 -989.43 -997.40 -1005.40 -1012.35 -1016.28 -1019.22 -1020.14 -1022.10 -1024.04 -1029.13 -1037.28 -1043.35
-264.11 -265.02 -264.96 -271.62 -278.31 -288.00 -301.62 -325.79 -349.02 -374.31 -393.91 -410.43 -428.20 -447.10 -466.29 -486.26 -505.30 -524.49 -541.60 -558.57 -573.69 -588.77 -603.00 -617.16 -632.31 -646.57 -661.84 -676.11 -690.33 -703.56 -718.82 -734.97 -750.08 -764.36 -778.59 -792.67 -807.88 -822.04 -833.06 -847.95 -862.72 -878.42 -882.45 -888.57 -894.56 -896.60 -900.52 -906.41 -913.18 -918.94 -922.01 -923.24 -928.27 -935.27 -943.19 -951.22 -960.24 -969.29 -977.36 -986.37 -990.50 -994.69 -997.77 -999.92 -1002.96 -1005.94 -1011.78 -1017.70
-256.42 -257.42 -258.23 -261.55 -265.12 -272.55 -282.45 -297.53 -313.75 -330.94 -345.58 -356.12 -369.65 -386.08 -407.71 -426.37 -445.88 -467.02 -485.34 -501.30 -517.37 -533.20 -549.62 -565.15 -581.70 -599.13 -616.77 -633.58 -650.42 -665.72 -684.43 -701.95 -718.21 -734.57 -750.93 -765.38 -781.46 -796.50 -808.82 -822.50 -835.17 -847.50 -852.57 -859.64 -865.89 -868.69 -871.86 -876.30 -880.91 -884.77 -888.81 -892.17 -898.18 -905.42 -912.59 -921.64 -931.92 -940.89 -950.18 -958.32 -964.92 -971.28 -974.71 -978.79 -982.01 -986.32 -991.01 -995.93
-250.71 -251.71 -252.03 -253.39 -255.88 -261.02 -266.46 -275.49 -285.52 -295.99 -304.70 -309.80 -315.71 -329.91 -352.81 -371.31 -392.05 -413.05 -432.18 -447.73 -463.84 -478.89 -495.51 -513.09 -531.28 -549.80 -568.93 -588.97 -608.57 -625.92 -645.88 -665.41 -683.43 -700.89 -718.29 -734.87 -750.76 -766.21 -779.33 -792.26 -803.30 -813.72 -818.78 -825.83 -832.96 -835.28 -839.35 -842.16 -846.09 -850.03 -854.42 -858.83 -865.72 -873.68 -881.69 -891.02 -902.59 -911.93 -922.39 -931.84 -940.37 -947.77 -953.75 -958.59 -962.99 -968.00 -971.93 -976.93
-244.99 -245.99 -247.62 -249.31 -251.27 -253.35 -256.63 -260.89 -266.07 -272.60 -275.08 -275.48 -271.89 -282.38 -308.32 -326.26 -345.70 -366.92 -385.41 -400.58 -415.26 -429.01 -445.12 -463.23 -480.64 -499.76 -518.76 -540.58 -561.29 -581.00 -603.06 -623.69 -642.04 -660.67 -680.04 -697.01 -714.26 -730.30 -742.64 -755.64 -765.55 -775.58 -779.92 -786.26 -792.60 -796.23 -800.23 -803.82 -807.75 -812.33 -817.96 -824.18 -832.20 -841.45 -849.89 -861.25 -872.49 -883.78 -895.49 -906.12 -915.67 -924.97 -932.57 -939.17 -945.46 -951.05 -954.98 -959.98
-237.41 -238.41 -241.40 -242.63 -244.69 -243.94 -246.14 -248.16 -252.10 -257.15 -257.95 -254.08 -247.57 -254.09 -278.44 -293.05 -310.64 -329.41 -345.94 -358.52 -372.61 -384.79 -399.15 -416.43 -432.62 -450.84 -469.90 -491.19 -512.27 -533.20 -555.46 -577.39 -596.10 -615.90 -635.93 -653.72 -672.60 -688.60 -700.52 -713.59 -723.59 -732.74 -736.66 -742.64 -748.63 -753.49 -757.43 -762.23 -767.02 -772.76 -779.56 -788.24 -796.90 -807.72 -819.22 -831.13 -843.75 -856.57 -868.46 -880.20 -891.85 -902.67 -912.26 -920.92 -928.74 -935.54 -940.26 -945.20
-229.17 -230.17 -231.21 -231.23 -232.27 -231.27 -232.30 -235.30 -239.29 -245.27 -248.23 -248.12 -248.02 -252.05 -264.25 -275.33 -287.44 -300.56 -312.66 -322.72 -334.75 -345.79 -358.81 -373.86 -388.89 -405.91 -423.95 -442.99 -463.03 -483.04 -504.07 -525.09 -546.06 -567.04 -587.03 -606.01 -625.01 -641.00 -653.97 -665.98 -675.98 -685.00 -689.97 -695.97 -701.98 -706.97 -711.95 -717.93 -723.91 -731.87 -739.83 -749.80 -761.74 -773.70 -786.68 -800.64 -814.62 -828.58 -842.53 -856.50 -869.46 -881.44 -893.40 -903.36 -912.34 -920.32 -927.28 -933.25
-220.97 -221.86 -221.70 -220.66 -219.35 -218.27 -217.08 -218.93 -224.02 -230.98 -235.15 -240.41 -242.59 -245.73 -252.36 -259.98 -267.57 -274.90 -282.37 -289.01 -299.76 -308.57 -320.23 -333.04 -346.70 -362.58 -378.28 -395.10 -412.80 -432.73 -452.39 -472.25 -494.43 -515.53 -536.70 -556.74 -575.84 -592.87 -606.92 -619.03 -628.91 -636.96 -643.02 -648.91 -653.95 -660.00 -666.04 -672.14 -679.39 -688.53 -699.78 -711.14 -725.32 -739.63 -753.86 -769.11 -784.24 -800.55 -816.76 -832.00 -847.09 -860.45 -873.60 -885.80 -895.94 -905.19 -913.23 -920.38
-212.48 -212.69 -211.61 -210.33 -206.94 -204.37 -201.81 -202.56 -206.50 -212.25 -217.01 -222.29 -226.14 -231.50 -237.35 -243.52 -249.09 -252.52 -257.29 -261.90 -270.51 -277.87 -285.94 -297.38 -307.67 -321.57 -334.97 -350.12 -365.52 -383.67 -399.81 -418.32 -440.79 -462.90 -484.70 -505.01 -525.33 -542.82 -556.82 -569.90 -579.11 -588.18 -594.18 -599.35 -605.39 -611.71 -617.95 -625.24 -634.60 -645.20 -657.48 -671.92 -687.80 -704.12 -721.08 -738.44 -755.28 -773.40 -790.72 -808.39 -823.88 -840.07 -854.42 -867.74 -879.31 -890.67 -898.95 -907.27
-203.49 -204.50 -203.50 -201.43 -196.88 -191.77 -186.73 -185.32 -185.21 -188.80 -193.28 -199.35 -206.52 -213.50 -220.42 -226.93 -231.80 -234.68 -239.74 -243.13 -250.63 -256.63 -260.48 -269.50 -277.51 -287.03 -297.56 -309.51 -322.04 -337.12 -348.17 -363.21 -384.82 -406.51 -427.57 -448.20 -469.88 -490.05 -503.99 -517.05 -527.05 -536.11 -541.93 -548.48 -555.03 -561.42 -568.91 -577.83 -588.82 -601.25 -615.23 -631.15 -649.77 -668.30 -687.86 -706.84 -726.95 -745.38 -763.81 -783.36 -801.41 -817.84 -832.84 -847.33 -861.44 -874.42 -883.36 -892.91
-195.28 -196.98 -195.83 -193.91 -188.79 -182.79 -176.02 -171.65 -169.40 -169.96 -174.37 -180.45 -188.45 -197.22 -205.85 -212.44 -218.14 -221.69 -225.92 -229.65 -235.99 -240.59 -242.51 -249.11 -254.71 -259.94 -267.80 -277.47 -287.11 -298.38 -304.35 -316.10 -335.48 -354.57 -374.46 -393.80 -414.58 -435.11 -449.81 -462.18 -472.88 -481.11 -489.21 -496.17 -502.51 -510.50 -519.16 -530.49 -543.11 -558.18 -573.73 -592.13 -611.87 -631.84 -653.27 -673.90 -695.60 -715.27 -735.63 -756.22 -776.00 -793.58 -809.21 -824.87 -839.95 -854.65 -865.05 -874.94
-187.98 -189.93 -190.64 -187.70 -183.58 -176.64 -169.69 -162.96 -157.40 -156.62 -159.78 -164.90 -173.78 -182.73 -193.45 -201.23 -207.18 -213.01 -217.88 -221.01 -226.18 -230.16 -231.22 -236.43 -240.58 -242.83 -245.46 -252.79 -260.12 -268.48 -269.86 -277.37 -293.85 -309.40 -325.14 -343.42 -361.80 -380.20 -395.39 -406.55 -417.56 -426.43 -435.35 -443.29 -449.22 -459.14 -468.91 -482.70 -497.42 -514.28 -532.87 -552.72 -572.62 -594.38 -616.35 -639.06 -661.90 -682.73 -704.64 -727.35 -747.31 -767.03 -783.86 -800.70 -815.70 -831.59 -842.44 -854.20
-180.96 -183.97 -185.98 -183.98 -179.99 -173.99 -165.99 -157.98 -149.96 -146.95 -148.94 -153.94 -162.94 -172.95 -184.96 -194.98 -201.98 -206.97 -211.97 -214.97 -218.96 -222.96 -224.96 -227.96 -230.95 -231.94 -232.94 -237.93 -242.92 -247.90 -249.92 -255.91 -266.87 -277.84 -287.81 -302.78 -317.76 -332.73 -344.71 -354.70 -365.70 -374.70 -385.71 -392.71 -399.71 -409.71 -421.72 -435.72 -451.73 -469.73 -489.74 -510.74 -532.75 -554.76 -577.77 -601.77 -625.78 -647.78 -669.78 -693.79 -714.80 -735.80 -753.80 -771.81 -786.82 -802.82 -816.83 -828.83
-176.40 -180.48 -182.48 -181.52 -178.73 -173.92 -165.76 -154.48 -144.08 -140.05 -140.87 -145.87 -154.87 -166.05 -179.38 -192.56 -199.43 -203.37 -207.18 -210.17 -214.18 -217.09 -219.24 -221.99 -222.88 -223.75 -224.75 -227.50 -231.45 -236.46 -241.64 -245.54 -249.64 -254.95 -260.45 -270.72 -281.13 -290.33 -301.04 -307.74 -319.70 -328.57 -339.59 -347.67 -352.42 -364.58 -376.46 -391.52 -407.40 -425.42 -445.33 -467.41 -490.47 -514.59 -538.78 -562.90 -587.96 -609.94 -633.16 -658.09 -679.22 -700.37 -718.35 -737.41 -754.65 -771.84 -785.95 -798.04
-172.99 -176.71 -178.71 -178.07 -175.83 -171.94 -163.50 -150.75 -138.92 -134.29 -133.94 -138.94 -147.90 -160.37 -175.24 -188.24 -194.13 -198.13 -201.05 -204.37 -208.01 -211.69 -214.40 -214.94 -215.62 -215.55 -216.59 -218.52 -222.20 -226.88 -231.92 -235.57 -236.55 -239.01 -242.94 -248.70 -255.57 -260.76 -268.75 -274.44 -284.77 -292.78 -303.18 -310.95 -314.87 -325.97 -336.66 -351.74 -366.39 -383.83 -401.93 -423.70 -446.74 -470.78 -495.85 -521.28 -546.28 -568.59 -592.04 -616.00 -638.12 -659.87 -678.19 -697.15 -715.54 -733.57 -749.24 -763.14
-169.04 -171.58 -173.71 -173.31 -170.32 -165.86 -158.98 -145.25 -134.18 -128.00 -126.28 -131.35 -141.00 -153.07 -166.62 -179.75 -186.27 -190.21 -193.14 -197.20 -200.61 -205.20 -207.67 -207.54 -207.55 -207.55 -208.02 -210.02 -212.96 -216.84 -221.18 -224.58 -227.10 -228.98 -231.99 -235.94 -240.36 -242.66 -247.43 -251.32 -259.80 -266.82 -275.43 -281.32 -285.38 -293.74 -302.63 -316.71 -330.31 -345.34 -359.77 -379.92 -402.52 -426.13 -451.32 -476.99 -502.05 -525.11 -546.99 -570.53 -592.00 -613.01 -632.07 -651.59 -670.59 -689.05 -706.57 -724.26
-163.72 -164.29 -164.90 -163.28 -159.62 -153.85 -146.85 -135.21 -125.60 -120.11 -119.55 -123.81 -132.45 -142.80 -154.38 -166.06 -173.16 -177.90 -181.56 -185.48 -190.25 -194.22 -197.25 -198.05 -197.25 -197.32 -197.22 -199.14 -202.14 -206.87 -212.24 -216.93 -220.47 -223.21 -224.48 -227.09 -229.66 -230.49 -234.50 -237.43 -244.01 -249.21 -254.32 -259.47 -262.81 -270.19 -278.20 -289.82 -300.66 -312.69 -323.68 -339.83 -360.55 -382.27 -405.29 -428.94 -453.28 -476.36 -498.43 -520.74 -541.78 -562.12 -581.12 -601.15 -620.81 -640.36 -659.78 -679.47
-156.07 -155.15 -154.28 -150.46 -145.54 -139.54 -132.54 -123.26 -115.08 -112.81 -112.73 -116.77 -123.90 -132.13 -142.31 -151.58 -157.67 -162.68 -167.60 -172.50 -177.61 -181.61 -184.66 -184.71 -184.56 -183.60 -184.51 -187.47 -190.37 -195.37 -202.30 -208.16 -214.89 -217.84 -217.88 -218.85 -219.88 -221.79 -224.88 -227.93 -233.06 -238.15 -241.27 -243.60 -245.68 -250.91 -258.11 -267.33 -276.55 -284.01 -290.36 -303.66 -321.08 -339.55 -359.06 -380.39 -403.67 -425.87 -447.01 -468.15 -488.30 -507.43 -526.48 -546.53 -567.35 -590.07 -610.84 -632.56
-145.69 -144.67 -142.64 -138.65 -133.65 -127.65 -120.67 -113.74 -107.81 -105.83 -107.86 -110.83 -116.81 -123.78 -131.73 -138.66 -144.64 -149.64 -154.64 -159.60 -162.59 -166.57 -168.54 -169.55 -170.57 -170.58 -171.58 -173.59 -178.62 -183.64 -190.66 -197.69 -204.69 -208.71 -209.76 -212.81 -214.84 -216.86 -219.84 -221.85 -225.81 -228.74 -230.73 -231.69 -233.65 -237.64 -242.57 -250.54 -256.45 -261.38 -267.32 -277.24 -291.17 -305.05 -318.84 -336.74 -355.64 -375.57 -395.54 -415.45 -434.41 -452.36 -470.33 -489.29 -512.34 -535.38 -559.47 -583.54
