Instances/StraitOfHormuz/GMRTv3_3_20170611topo.asc
ncols 545
nrows 390
xllcorner 55.03271484375
yllcorner 25.65737233684939
cellsize 0.00439453125
nodata_value -2147483648
[rows 160 to 191 of 390, columns 438 to 510 of 545]
-39.54 -38.00 -36.49 -34.74 -32.53 -29.98 -26.94 -23.96 -21.72 -19.69 -17.55 -15.42 -13.24 -11.18 -9.43 -7.93 -6.66 -5.75 -5.46 -5.37 -5.05 -4.71 -4.72 -4.10 -1.94 1.60 4.64 12.93 21.00 28.11 35.09 44.55 71.20 101.23 123.00 99.09 70.72 63.25 61.56 66.50 80.14 91.41 99.03 107.20 112.83 115.51 153.06 216.42 198.89 232.26 162.47 215.56 211.89 183.66 245.76 249.00 326.40 317.11 289.31 255.39 252.83 250.71 261.60 271.10 271.85 267.53 264.71 247.27 250.53 271.02 307.74 324.17 305.70
-40.30 -38.74 -37.18 -35.37 -33.09 -30.50 -27.56 -24.67 -22.41 -20.31 -18.08 -15.83 -13.48 -11.28 -9.51 -8.02 -6.67 -5.68 -5.36 -5.21 -4.74 -4.18 -3.76 -2.91 -1.17 1.57 7.76 8.45 7.73 15.75 41.13 71.12 102.41 106.50 131.26 106.69 82.67 68.86 70.85 70.07 85.90 95.72 97.62 98.77 95.54 109.68 124.39 184.20 197.55 263.28 195.99 167.03 174.49 156.92 198.18 229.98 284.50 290.74 280.92 255.43 241.89 242.49 248.70 257.57 260.28 253.26 258.10 241.46 252.72 264.32 313.93 336.02 320.73
-40.82 -39.28 -37.75 -35.96 -33.66 -31.11 -28.39 -25.70 -23.36 -21.09 -18.71 -16.31 -13.84 -11.56 -9.80 -8.32 -6.96 -5.89 -5.41 -5.07 -4.46 -3.78 -3.26 -2.46 -1.10 1.03 7.05 9.02 11.97 15.05 40.12 66.30 73.49 94.19 132.14 139.51 105.63 80.76 77.96 78.95 79.11 81.18 89.21 82.23 93.11 99.26 101.34 140.74 196.30 286.27 266.21 179.68 232.31 185.42 171.22 206.34 241.54 292.90 268.99 245.04 238.09 244.10 250.15 243.29 251.21 248.14 246.20 238.01 251.96 262.99 327.63 362.50 339.62
-41.03 -39.47 -37.93 -36.23 -34.18 -31.95 -29.67 -27.29 -24.74 -22.12 -19.45 -16.83 -14.31 -12.05 -10.31 -8.87 -7.55 -6.45 -5.66 -5.00 -4.30 -3.66 -3.20 -2.61 -1.84 -0.23 2.84 6.01 8.80 9.85 29.97 45.49 59.76 89.31 117.34 153.73 119.95 92.33 74.76 74.34 75.41 78.32 75.98 75.28 82.14 83.98 88.01 106.33 164.54 234.25 273.46 194.29 233.00 212.37 174.05 195.16 229.51 297.62 282.25 252.20 231.68 231.23 232.16 228.08 237.99 237.97 238.18 239.90 256.85 264.71 349.56 385.12 361.06
-41.20 -39.65 -38.08 -36.43 -34.66 -32.79 -30.93 -28.82 -26.07 -23.11 -20.18 -17.37 -14.83 -12.63 -10.96 -9.58 -8.32 -7.17 -6.04 -5.06 -4.36 -3.84 -3.51 -3.14 -2.86 -1.59 2.13 7.98 8.64 11.63 18.91 48.97 63.22 79.21 93.69 134.00 126.71 92.71 75.99 66.58 66.40 67.59 66.97 67.00 73.20 75.38 77.66 81.51 120.30 198.79 261.06 214.42 214.48 238.88 194.02 188.72 229.08 286.09 299.73 255.05 231.55 226.18 229.01 222.51 228.71 226.82 228.52 236.46 249.85 258.73 324.11 390.09 384.43
-41.56 -40.08 -38.46 -36.78 -35.17 -33.51 -31.83 -29.82 -26.98 -23.85 -20.80 -17.90 -15.35 -13.20 -11.66 -10.40 -9.13 -7.89 -6.51 -5.32 -4.74 -4.41 -4.17 -3.87 -3.78 -2.59 1.53 6.59 11.85 13.36 18.15 36.75 54.43 73.85 79.89 108.94 125.99 103.78 90.13 68.67 58.76 62.29 63.73 64.37 65.40 68.21 66.58 70.06 88.26 159.93 253.67 260.84 222.96 248.78 218.31 192.98 222.66 269.68 317.47 274.91 236.45 223.59 223.88 220.88 222.39 224.11 225.30 235.08 244.36 257.25 318.25 399.59 401.90
-41.63 -40.21 -38.50 -36.73 -35.16 -33.59 -32.02 -30.11 -27.35 -24.29 -21.28 -18.41 -15.89 -13.78 -12.36 -11.19 -9.87 -8.56 -7.15 -5.95 -5.35 -4.98 -4.65 -4.28 -4.18 -3.05 0.93 6.43 7.87 10.30 19.46 28.92 49.82 74.86 91.95 99.96 121.80 108.87 93.25 74.86 53.31 57.23 59.30 60.59 60.57 62.12 60.49 65.25 72.29 124.18 230.71 295.18 270.96 239.96 247.76 204.61 211.56 259.27 308.92 277.03 233.81 221.21 220.42 216.18 214.97 219.20 226.31 232.23 237.95 247.37 327.09 410.78 422.68
-41.27 -39.88 -38.06 -36.16 -34.53 -32.96 -31.44 -29.67 -27.20 -24.44 -21.64 -18.93 -16.47 -14.38 -12.99 -11.84 -10.45 -9.10 -7.91 -6.87 -6.06 -5.39 -4.79 -4.22 -3.96 -2.93 0.28 6.46 8.36 10.82 15.01 21.25 41.55 66.23 99.97 118.54 116.62 113.82 95.37 77.96 56.82 51.25 53.67 58.82 57.22 57.79 56.56 63.25 67.33 111.87 203.88 264.97 291.87 264.40 275.98 230.62 222.28 246.62 291.99 288.04 243.73 224.26 213.73 211.85 209.35 214.89 223.95 229.31 234.86 243.88 295.21 407.18 425.26
-40.78 -39.18 -37.37 -35.55 -33.94 -32.41 -31.02 -29.44 -27.24 -24.74 -22.09 -19.44 -17.01 -14.89 -13.38 -12.10 -10.66 -9.31 -8.21 -7.25 -6.39 -5.57 -4.69 -3.86 -3.47 -2.55 0.01 6.20 8.01 7.96 10.30 16.45 33.01 56.36 76.07 95.17 104.72 104.10 99.22 78.76 61.54 48.66 46.63 54.42 56.75 53.93 55.79 61.17 67.67 90.72 138.33 199.25 287.40 279.42 257.20 250.91 218.41 204.31 257.15 304.76 258.33 222.68 209.82 205.11 212.52 217.09 227.70 236.70 239.17 248.21 278.18 385.90 399.33
-40.25 -38.32 -36.59 -34.97 -33.46 -32.04 -30.80 -29.41 -27.44 -25.17 -22.62 -20.03 -17.65 -15.50 -13.77 -12.24 -10.72 -9.33 -8.15 -7.15 -6.38 -5.66 -4.76 -3.87 -3.36 -2.42 -0.16 3.28 6.04 8.66 9.97 15.36 28.03 54.13 64.31 103.84 82.59 95.56 97.26 94.18 73.15 50.90 42.40 46.02 50.04 53.86 57.59 60.86 68.08 75.93 112.65 184.79 273.60 243.54 219.37 246.67 209.27 187.86 218.87 245.60 278.43 241.57 211.87 208.02 220.62 219.09 228.15 241.32 254.43 272.64 319.15 427.26 407.12
-39.70 -37.69 -35.98 -34.44 -33.10 -31.82 -30.52 -29.08 -27.32 -25.34 -23.09 -20.81 -18.76 -16.79 -14.85 -12.99 -11.20 -9.58 -8.16 -7.04 -6.36 -5.98 -5.98 -5.83 -5.08 -3.59 -0.90 2.56 6.99 8.94 9.97 14.07 21.37 38.94 69.97 99.36 81.59 51.66 69.67 93.56 79.13 48.50 41.01 43.07 48.03 52.98 59.95 63.01 67.07 72.14 101.92 164.66 261.82 236.12 205.60 208.64 215.04 186.30 173.29 200.44 293.25 248.11 222.95 211.24 215.64 216.47 229.26 246.77 289.60 374.17 411.12 441.72 456.12
-39.25 -37.29 -35.52 -33.97 -32.77 -31.65 -30.33 -28.89 -27.35 -25.68 -23.78 -21.84 -20.13 -18.34 -16.18 -13.95 -11.85 -9.92 -8.18 -6.89 -6.34 -6.48 -7.91 -8.97 -7.96 -5.66 -2.07 2.26 5.98 10.96 11.02 12.95 16.84 27.52 62.86 66.16 57.47 53.44 50.03 46.56 37.05 35.96 42.41 43.14 48.02 55.17 59.02 59.95 65.92 70.98 83.78 136.86 212.42 231.96 196.65 203.01 237.38 176.65 150.35 195.07 269.24 275.55 245.44 234.98 203.01 204.83 218.88 283.33 425.22 438.56 429.44 413.50 457.44
-38.99 -37.14 -35.22 -33.50 -32.29 -31.29 -30.34 -29.33 -28.11 -26.72 -25.09 -23.35 -21.67 -19.79 -17.37 -14.83 -12.46 -10.26 -8.12 -6.62 -6.26 -7.09 -10.35 -13.01 -11.84 -8.64 -3.74 1.72 6.12 7.85 10.78 11.61 13.49 16.60 22.14 22.03 18.01 28.08 29.04 33.10 38.53 51.34 62.68 51.19 49.68 60.64 62.61 62.40 64.67 71.12 87.86 111.36 150.63 227.20 192.57 209.37 232.74 174.30 142.69 158.73 215.38 303.91 318.59 286.16 213.40 210.00 224.50 384.26 449.49 465.65 482.22 460.37 439.26
-39.14 -37.31 -35.24 -33.39 -32.22 -31.37 -30.77 -30.14 -29.15 -27.92 -26.46 -24.79 -22.97 -20.87 -18.19 -15.40 -12.86 -10.53 -8.26 -6.76 -6.67 -8.03 -12.30 -15.79 -14.51 -10.79 -5.11 0.95 7.10 7.49 8.43 8.36 10.36 10.28 10.74 26.57 32.83 25.90 44.41 66.58 100.11 108.70 105.80 80.70 60.53 63.02 72.58 72.35 72.74 75.64 79.52 95.14 141.85 181.93 212.22 212.08 218.46 194.71 139.76 137.17 180.01 229.45 277.99 244.55 204.89 229.24 243.02 374.88 500.75 550.59 520.42 491.52 463.82
-39.89 -37.85 -35.71 -33.89 -32.92 -32.30 -31.79 -31.19 -30.23 -29.01 -27.54 -25.78 -23.72 -21.32 -18.39 -15.42 -12.88 -10.69 -8.78 -7.68 -7.98 -9.44 -12.98 -15.69 -14.33 -10.85 -5.64 -0.10 6.72 6.28 6.05 6.05 8.05 9.60 10.93 16.72 50.26 45.08 52.47 86.40 175.36 194.61 174.49 134.33 81.59 68.26 68.34 69.38 75.35 82.05 89.57 101.73 128.45 171.85 209.96 181.14 188.00 165.46 130.73 130.05 159.34 185.55 217.21 218.94 205.64 259.67 260.34 313.18 416.82 479.68 429.65 491.39 453.11
-40.60 -38.44 -36.26 -34.47 -33.64 -33.20 -32.82 -32.30 -31.24 -29.88 -28.37 -26.55 -24.34 -21.76 -18.65 -15.53 -12.89 -10.72 -9.06 -8.26 -8.78 -10.28 -13.45 -15.72 -14.04 -10.44 -5.52 -0.49 4.89 6.53 5.47 5.47 7.47 8.41 11.07 13.04 29.01 63.61 76.64 105.58 128.58 212.56 254.73 197.37 111.92 94.86 75.27 69.60 81.92 85.81 94.14 107.74 126.43 171.48 208.67 202.76 157.68 125.43 130.90 135.79 149.33 164.53 205.51 193.66 240.59 314.14 273.22 261.86 299.88 394.10 348.00 426.54 442.83
-41.14 -39.01 -36.82 -35.02 -34.21 -33.82 -33.62 -33.22 -31.99 -30.41 -28.86 -27.05 -24.84 -22.26 -19.08 -15.87 -13.06 -10.74 -9.09 -8.32 -8.78 -10.28 -13.73 -16.15 -13.98 -9.88 -4.95 -0.24 3.99 6.11 5.37 5.22 7.30 7.88 10.25 14.71 24.95 54.75 92.58 128.36 102.71 134.57 241.02 251.36 180.31 124.07 85.77 74.01 87.27 89.37 99.04 111.89 124.09 154.79 234.16 241.06 161.45 135.41 150.49 169.47 141.47 160.47 211.75 236.87 257.88 335.88 332.77 313.59 323.93 363.48 347.62 340.08 359.73
-41.88 -39.92 -37.78 -35.93 -34.96 -34.37 -33.94 -33.33 -31.97 -30.31 -28.73 -26.93 -24.73 -22.20 -19.23 -16.23 -13.57 -11.31 -9.54 -8.53 -8.64 -9.67 -12.40 -14.28 -12.25 -8.68 -4.79 -0.97 3.06 4.25 4.98 6.52 7.78 8.81 10.78 15.09 24.50 44.19 77.70 115.41 97.87 78.26 164.50 275.66 277.84 142.21 103.33 88.45 84.66 88.46 102.62 112.21 121.18 141.84 203.01 283.11 196.32 128.32 141.10 184.70 160.90 159.66 201.48 254.72 281.87 343.09 416.92 400.27 383.14 356.04 357.32 335.74 307.33
-42.57 -40.80 -38.75 -36.86 -35.69 -34.77 -33.89 -32.89 -31.44 -29.80 -28.20 -26.43 -24.26 -21.87 -19.23 -16.61 -14.25 -12.13 -10.22 -8.86 -8.44 -8.73 -10.14 -11.08 -9.59 -7.19 -4.90 -2.23 5.02 5.82 4.91 7.88 7.96 8.91 11.01 14.08 23.21 40.42 59.71 79.74 61.77 78.30 95.02 205.37 289.35 196.61 125.13 101.86 90.94 92.44 101.04 113.10 123.15 137.75 158.78 235.92 267.09 138.83 157.02 171.06 185.27 181.33 208.79 257.49 292.13 339.90 380.49 316.91 346.34 341.01 397.44 356.26 340.93
-42.63 -40.81 -38.93 -37.20 -35.97 -34.88 -33.66 -32.33 -30.80 -29.17 -27.60 -25.92 -23.99 -21.85 -19.44 -17.00 -14.70 -12.61 -10.77 -9.31 -8.34 -7.87 -8.26 -8.53 -7.54 -6.08 -4.90 -3.02 0.90 6.00 6.99 9.00 9.00 10.99 11.00 14.01 20.02 33.05 48.07 52.11 45.05 96.05 95.84 133.22 258.29 245.83 155.71 109.88 101.93 97.97 104.01 109.04 116.05 125.06 134.10 163.28 249.28 180.96 140.99 210.98 192.05 200.03 201.08 226.23 221.27 269.29 275.39 238.25 261.25 304.28 351.40 250.23 269.04
-42.46 -40.50 -38.73 -37.15 -35.97 -34.83 -33.40 -31.86 -30.31 -28.73 -27.15 -25.52 -23.82 -21.94 -19.68 -17.31 -14.97 -12.81 -11.06 -9.56 -8.18 -7.11 -6.69 -6.39 -5.76 -5.03 -4.73 -3.53 0.57 6.98 9.02 6.83 8.93 10.93 11.98 11.84 15.68 22.04 30.30 33.45 40.36 59.03 148.22 114.93 172.96 261.80 241.84 155.73 119.87 104.18 98.34 97.99 102.86 112.62 115.20 120.78 158.54 155.99 169.96 177.32 168.34 172.88 178.90 166.70 186.91 223.98 223.15 208.46 240.24 232.45 243.08 273.52 336.25
-42.34 -40.29 -38.38 -36.73 -35.69 -34.72 -33.26 -31.71 -30.33 -28.90 -27.19 -25.41 -23.77 -22.00 -19.81 -17.45 -15.01 -12.70 -10.84 -9.23 -7.78 -6.52 -5.49 -4.67 -4.07 -3.72 -4.25 -3.86 -0.11 5.75 7.75 6.11 7.93 9.95 10.77 10.95 13.72 15.52 18.82 26.07 38.41 42.90 90.61 150.66 135.84 183.92 242.16 254.93 141.84 103.09 92.37 89.56 92.68 97.94 98.96 99.57 94.33 172.84 258.56 180.82 167.92 183.72 160.86 144.74 162.82 199.07 207.10 182.03 175.66 257.77 262.36 325.36 406.03
-42.42 -40.32 -38.26 -36.51 -35.60 -34.81 -33.44 -31.94 -30.61 -29.16 -27.31 -25.39 -23.74 -21.99 -19.78 -17.40 -14.92 -12.56 -10.58 -8.86 -7.42 -6.14 -4.78 -3.65 -3.03 -2.83 -3.72 -3.78 -0.56 4.77 6.93 7.11 8.04 9.76 9.65 10.69 12.26 16.04 23.69 37.24 56.57 60.23 58.57 124.90 176.03 169.30 194.55 244.99 184.87 110.58 91.76 85.24 82.45 84.05 86.48 87.16 87.68 118.19 205.90 244.80 192.81 211.01 160.09 143.46 147.54 150.66 160.29 142.54 185.29 288.94 338.20 317.02 381.56
-42.84 -40.75 -38.62 -36.81 -35.96 -35.28 -34.06 -32.62 -31.03 -29.29 -27.35 -25.38 -23.66 -21.85 -19.55 -17.11 -14.77 -12.53 -10.49 -8.68 -7.25 -5.98 -4.62 -3.49 -2.89 -2.68 -3.30 -3.24 -0.49 6.95 7.12 6.54 7.60 8.02 8.47 9.99 11.38 15.60 23.38 36.74 55.40 68.06 76.34 93.10 170.14 206.02 177.65 187.79 232.09 139.67 101.86 84.22 77.45 75.62 78.40 78.16 84.75 102.70 134.59 200.37 190.86 173.98 166.01 128.39 124.05 126.60 122.57 130.24 177.31 215.48 271.80 322.10 363.96
-43.29 -41.10 -38.90 -37.06 -36.24 -35.67 -34.77 -33.55 -31.66 -29.55 -27.54 -25.56 -23.73 -21.78 -19.32 -16.78 -14.49 -12.36 -10.38 -8.62 -7.24 -6.05 -4.83 -3.81 -3.19 -2.83 -3.08 -2.76 -0.42 8.33 5.86 6.02 6.27 6.97 8.02 9.39 11.44 14.41 19.55 30.49 44.51 58.65 70.71 77.57 117.64 190.13 159.37 174.89 237.72 228.39 128.66 101.65 76.91 72.59 72.86 74.75 80.57 96.08 111.13 141.11 168.43 148.18 128.86 114.23 109.34 112.93 116.63 129.24 158.90 182.46 184.72 208.42 252.37
-43.67 -41.31 -39.05 -37.21 -36.41 -35.95 -35.45 -34.53 -32.41 -29.95 -27.88 -25.87 -23.89 -21.75 -19.15 -16.51 -14.19 -12.09 -10.25 -8.65 -7.36 -6.26 -5.27 -4.41 -3.71 -3.15 -3.05 -2.50 -0.41 3.04 4.05 5.18 6.64 6.11 7.11 8.97 11.04 13.30 17.28 26.93 36.46 50.45 60.93 77.58 98.08 137.78 153.23 183.82 206.11 223.28 152.72 140.34 105.08 71.72 69.43 71.99 72.49 84.33 94.84 110.06 138.64 139.59 116.06 101.14 131.92 129.02 141.05 136.48 141.32 177.94 202.73 160.89 146.81
-43.86 -41.61 -39.37 -37.51 -36.70 -36.27 -35.91 -35.12 -33.00 -30.46 -28.24 -26.04 -23.84 -21.56 -19.01 -16.49 -14.20 -12.12 -10.29 -8.73 -7.49 -6.47 -5.63 -4.88 -4.11 -3.41 -3.12 -2.43 -0.36 6.25 5.66 5.86 7.94 7.72 8.72 8.88 10.07 12.12 15.25 22.67 30.71 42.98 55.67 77.12 88.98 115.80 141.32 171.41 170.35 165.11 188.91 160.23 132.19 74.24 68.11 67.61 66.47 71.48 81.75 91.38 110.39 137.32 116.77 98.45 122.08 152.15 161.80 175.78 169.72 193.94 192.69 141.03 126.42
-43.89 -41.87 -39.70 -37.85 -37.04 -36.60 -36.23 -35.46 -33.44 -30.96 -28.55 -26.09 -23.68 -21.28 -18.91 -16.59 -14.34 -12.24 -10.34 -8.71 -7.48 -6.54 -5.87 -5.27 -4.45 -3.64 -3.26 -2.47 -0.29 7.97 6.94 6.00 7.06 8.00 9.00 10.98 11.02 12.00 15.00 19.15 25.23 34.28 48.35 65.60 87.26 106.91 111.30 167.32 135.06 156.20 252.85 153.76 129.26 79.34 67.76 65.09 65.11 67.17 72.48 77.65 88.97 112.62 139.30 105.75 86.14 109.11 144.83 204.17 179.65 160.47 181.30 163.69 119.19
-43.77 -41.86 -39.83 -38.12 -37.37 -36.95 -36.62 -35.85 -33.82 -31.27 -28.69 -26.07 -23.52 -21.08 -18.84 -16.66 -14.40 -12.21 -10.11 -8.31 -7.06 -6.24 -5.95 -5.71 -4.91 -3.98 -3.43 -2.47 -0.23 7.97 7.99 6.07 5.98 7.97 8.97 8.92 8.95 11.97 14.94 16.92 22.85 33.71 43.71 56.68 77.56 81.22 97.65 119.99 135.77 189.93 260.41 214.23 166.20 137.47 77.76 63.91 61.83 63.80 63.64 67.58 73.33 82.83 98.09 105.39 85.03 87.86 99.79 131.20 147.77 152.32 180.77 180.45 118.55
-43.55 -41.70 -39.84 -38.28 -37.55 -37.12 -36.80 -36.04 -33.96 -31.35 -28.68 -25.96 -23.39 -20.94 -18.75 -16.60 -14.28 -11.98 -9.70 -7.76 -6.52 -5.81 -5.86 -5.93 -5.16 -4.15 -3.49 -2.45 -0.25 6.68 6.84 8.13 5.87 6.93 7.95 7.81 8.86 10.81 12.77 15.70 19.58 23.98 36.71 51.63 68.73 74.09 90.87 150.42 185.70 223.04 255.85 295.57 216.48 164.98 93.40 62.07 58.55 59.43 58.37 60.80 62.56 67.14 69.77 84.35 114.45 101.96 98.03 103.30 102.32 156.63 162.58 142.76 106.56
-43.27 -41.45 -39.74 -38.30 -37.47 -36.90 -36.58 -35.83 -33.73 -31.10 -28.46 -25.80 -23.30 -20.90 -18.58 -16.28 -13.84 -11.46 -9.15 -7.23 -6.05 -5.44 -5.57 -5.70 -4.89 -3.87 -3.31 -2.44 -0.44 4.79 5.40 7.84 4.96 7.34 7.78 6.96 8.24 9.96 11.68 13.60 17.66 20.27 27.82 39.58 50.36 56.48 57.97 106.13 149.36 190.91 165.91 242.50 279.55 136.82 91.54 65.09 57.01 55.78 54.81 53.49 55.55 59.51 65.29 70.48 87.12 107.97 105.08 118.84 109.11 93.47 95.08 94.81 116.52
-42.97 -41.17 -39.50 -38.08 -37.15 -36.46 -36.05 -35.27 -33.21 -30.65 -28.08 -25.50 -23.16 -20.84 -18.31 -15.74 -13.18 -10.74 -8.47 -6.62 -5.51 -4.94 -5.07 -5.18 -4.39 -3.40 -2.90 -2.14 -0.39 5.88 4.30 5.76 4.56 6.86 6.54 6.56 8.24 9.56 10.88 12.93 16.15 18.08 20.56 26.21 35.63 38.64 50.84 87.32 121.54 140.95 146.39 198.42 303.02 196.73 120.38 71.06 58.34 52.42 51.28 50.71 52.04 55.70 58.83 60.18 64.71 73.41 88.51 102.97 111.06 89.83 80.16 73.44 102.66
