Instances/StraitOfHormuz/GMRTv3_3_20170611topo.asc
ncols 545
nrows 390
xllcorner 55.03271484375
yllcorner 25.65737233684939
cellsize 0.00439453125
nodata_value -2147483648
[rows 64 to 95 of 390, columns 365 to 437 of 545]
-8.69 -8.64 -8.42 -7.99 -7.42 -6.69 -5.99 -5.43 -5.10 -5.21 -5.46 -5.62 -5.66 -5.46 -5.10 -4.55 -3.99 -3.61 -3.33 -3.21 -3.07 -2.67 -2.26 -2.01 -1.86 -1.84 -1.86 -1.79 -1.77 -1.91 -2.17 -2.55 -3.08 -3.66 -4.57 -6.33 -8.10 -10.01 4.91 5.84 4.96 4.92 7.72 6.03 5.89 3.82 5.85 4.91 4.93 3.99 4.92 4.96 4.88 4.02 5.05 6.02 4.97 4.00 3.88 4.00 4.93 4.00 4.00 4.04 3.15 4.00 5.09 7.07 4.96 5.09 6.10 8.79 7.90
-9.47 -9.46 -9.36 -9.09 -8.69 -8.13 -7.53 -6.99 -6.56 -6.37 -6.28 -6.19 -6.10 -6.00 -5.79 -5.29 -4.73 -4.31 -3.95 -3.65 -3.34 -2.91 -2.49 -2.19 -1.99 -1.89 -1.86 -1.84 -1.84 -1.85 -1.89 -1.92 -2.05 -2.26 -2.84 -4.29 -5.99 -7.64 5.91 1.27 1.22 5.10 2.66 4.35 4.05 4.21 4.05 4.54 3.93 4.19 4.12 4.81 4.12 5.47 4.81 4.74 3.93 4.00 3.12 3.98 3.93 4.02 4.02 4.00 4.95 4.00 4.81 5.56 4.14 4.81 5.60 5.40 5.67
-10.49 -10.52 -10.51 -10.39 -10.15 -9.72 -9.22 -8.71 -8.22 -7.78 -7.40 -7.09 -6.84 -6.73 -6.56 -6.05 -5.47 -4.99 -4.54 -4.08 -3.64 -3.25 -2.90 -2.59 -2.32 -2.12 -1.99 -1.99 -2.02 -2.00 -1.95 -1.85 -1.78 -1.73 -1.98 -2.94 -4.27 -5.79 0.38 -10.37 -11.43 -0.54 3.55 2.02 5.12 4.71 5.03 6.53 4.00 5.12 5.12 3.93 5.07 6.90 3.93 3.93 4.00 4.00 4.07 4.33 3.96 3.63 3.63 4.00 3.97 4.00 3.93 3.85 4.75 3.93 4.22 4.18 4.93
-11.91 -12.01 -12.12 -12.12 -11.99 -11.59 -11.09 -10.60 -10.09 -9.56 -9.04 -8.59 -8.19 -7.89 -7.54 -6.92 -6.25 -5.68 -5.16 -4.63 -4.16 -3.82 -3.52 -3.14 -2.76 -2.38 -2.09 -2.01 -2.00 -1.99 -1.98 -1.94 -1.90 -1.82 -1.91 -2.36 -3.12 -4.23 -6.46 -7.80 -9.60 -10.73 -3.40 4.97 4.52 4.47 5.60 5.35 3.88 4.52 4.46 3.94 5.00 4.98 4.00 4.00 4.00 4.00 4.00 5.12 4.54 3.35 3.41 4.00 3.46 4.00 3.94 4.00 3.88 3.94 4.47 5.06 4.94
-13.52 -13.78 -14.11 -14.27 -14.23 -13.77 -13.15 -12.57 -11.98 -11.41 -10.86 -10.36 -9.87 -9.36 -8.77 -7.96 -7.16 -6.66 -6.21 -5.62 -5.03 -4.51 -4.03 -3.58 -3.15 -2.64 -2.21 -2.01 -1.93 -1.94 -1.98 -2.00 -2.01 -1.97 -1.97 -2.07 -2.37 -2.99 -4.02 -5.82 -7.72 -9.12 -10.71 -4.93 5.05 4.42 4.79 6.19 5.33 4.03 4.73 4.70 5.07 3.91 4.00 3.93 3.93 3.93 4.00 4.30 4.42 4.68 4.05 4.00 3.58 4.00 4.70 3.93 4.70 4.70 5.29 5.07 5.70
-15.25 -15.69 -16.30 -16.65 -16.69 -16.12 -15.31 -14.56 -13.84 -13.27 -12.76 -12.28 -11.75 -11.05 -10.24 -9.22 -8.30 -7.95 -7.65 -7.01 -6.22 -5.32 -4.47 -3.96 -3.52 -2.94 -2.41 -2.07 -1.88 -1.88 -1.95 -1.97 -1.99 -2.00 -1.99 -1.94 -1.97 -2.15 -2.68 -3.94 -5.52 -7.14 -8.73 -10.58 -7.77 5.09 3.87 4.31 4.99 3.15 3.48 4.25 4.30 4.07 4.07 4.92 4.77 4.85 3.93 4.75 3.97 5.10 4.00 4.00 3.88 3.78 4.18 4.85 4.33 4.25 5.28 4.23 5.25
-17.07 -17.51 -18.17 -18.69 -18.87 -18.23 -17.29 -16.42 -15.61 -15.07 -14.60 -14.14 -13.58 -12.73 -11.76 -10.68 -9.76 -9.44 -9.16 -8.40 -7.43 -6.23 -5.12 -4.54 -4.09 -3.45 -2.83 -2.35 -2.04 -2.01 -2.07 -2.03 -1.99 -1.99 -1.99 -1.94 -1.90 -1.88 -2.09 -2.74 -3.82 -5.51 -7.39 -9.17 -10.80 -10.63 4.90 5.83 8.79 3.83 2.93 3.99 3.10 3.05 3.10 3.16 5.12 4.11 4.95 5.06 4.00 4.16 4.00 3.95 5.84 6.79 4.89 4.11 3.04 3.94 5.04 3.99 5.04
-18.86 -19.20 -19.76 -20.37 -20.67 -20.05 -19.11 -18.24 -17.43 -16.89 -16.42 -15.93 -15.32 -14.43 -13.44 -12.46 -11.59 -11.15 -10.68 -9.76 -8.63 -7.28 -6.03 -5.39 -4.90 -4.20 -3.50 -2.88 -2.41 -2.33 -2.35 -2.20 -2.06 -2.00 -1.98 -1.99 -1.99 -1.93 -1.96 -2.10 -2.67 -4.21 -6.07 -7.92 -9.36 1.92 5.14 4.98 5.00 4.99 3.96 3.98 2.99 4.00 3.00 4.00 3.02 4.00 4.01 4.00 4.00 3.01 4.01 5.00 5.03 5.03 5.01 4.00 4.00 4.99 4.01 4.00 4.00
-20.48 -20.71 -21.07 -21.55 -21.83 -21.43 -20.80 -20.21 -19.60 -18.98 -18.33 -17.64 -16.94 -16.24 -15.53 -14.79 -13.99 -13.08 -12.07 -10.92 -9.72 -8.47 -7.35 -6.64 -6.03 -5.27 -4.50 -3.70 -3.06 -2.89 -2.84 -2.56 -2.28 -2.09 -1.97 -1.97 -2.00 -1.96 -1.94 -1.91 -2.18 -3.22 -4.57 -6.16 -7.33 -7.70 -6.99 7.47 9.51 4.87 5.96 6.02 4.30 3.29 3.00 3.03 3.97 4.06 4.07 5.04 4.18 3.05 3.02 4.02 3.96 5.00 4.03 3.93 3.01 4.93 4.06 3.99 4.97
-21.89 -22.10 -22.32 -22.61 -22.79 -22.65 -22.36 -22.09 -21.67 -20.93 -20.06 -19.15 -18.35 -17.99 -17.69 -17.22 -16.48 -15.11 -13.57 -12.19 -10.91 -9.80 -8.84 -8.05 -7.31 -6.50 -5.66 -4.68 -3.86 -3.57 -3.41 -3.05 -2.66 -2.30 -2.04 -1.97 -1.98 -1.98 -1.99 -1.93 -2.02 -2.52 -3.27 -4.47 -5.28 -4.70 -3.45 -2.71 -0.29 3.04 3.71 4.78 7.79 7.67 3.00 3.90 3.10 5.09 4.90 4.81 7.22 4.43 4.26 5.28 4.00 5.19 4.90 3.07 4.35 4.26 5.24 4.53 4.30
-23.02 -23.37 -23.69 -23.84 -23.89 -23.90 -23.82 -23.71 -23.36 -22.46 -21.38 -20.29 -19.47 -19.51 -19.67 -19.42 -18.72 -17.14 -15.32 -13.75 -12.35 -11.24 -10.29 -9.42 -8.59 -7.74 -6.85 -5.73 -4.73 -4.27 -3.98 -3.62 -3.24 -2.72 -2.26 -2.04 -1.94 -1.95 -1.99 -1.95 -1.97 -2.12 -2.45 -3.31 -3.82 -2.99 -1.50 0.36 5.70 4.11 2.54 3.54 4.09 3.36 2.92 2.89 4.07 4.65 3.89 4.16 6.65 5.76 4.73 5.46 4.00 5.77 3.93 4.69 7.11 6.42 6.04 6.84 5.80
-24.39 -24.71 -25.01 -25.06 -25.04 -25.07 -25.03 -24.85 -24.44 -23.58 -22.59 -21.59 -20.89 -21.06 -21.36 -21.26 -20.68 -19.11 -17.26 -15.76 -14.42 -13.34 -12.35 -11.32 -10.29 -9.28 -8.22 -6.91 -5.72 -5.03 -4.55 -4.13 -3.72 -3.15 -2.62 -2.26 -2.04 -1.97 -1.98 -1.97 -1.97 -1.95 -2.03 -2.54 -2.78 -2.05 -0.67 4.74 3.48 3.43 2.85 3.79 3.78 3.33 3.97 3.51 4.00 4.39 4.46 6.10 6.45 5.90 4.45 3.87 3.94 4.93 3.83 6.13 8.74 7.58 6.51 6.90 5.27
-26.08 -26.18 -26.24 -26.26 -26.23 -26.17 -25.97 -25.50 -24.93 -24.37 -23.81 -23.22 -22.76 -22.72 -22.76 -22.74 -22.35 -20.97 -19.35 -18.17 -17.10 -16.09 -15.03 -13.78 -12.45 -11.14 -9.78 -8.22 -6.80 -5.85 -5.14 -4.51 -3.98 -3.52 -3.10 -2.69 -2.34 -2.12 -1.99 -1.95 -1.96 -1.96 -1.98 -2.16 -2.18 -1.86 -0.96 6.90 4.49 4.10 4.10 5.85 5.10 4.66 4.42 3.37 4.00 5.12 5.05 5.88 6.51 6.28 4.44 3.93 4.54 4.93 5.76 5.86 7.95 7.37 6.44 7.70 7.55
-27.64 -27.68 -27.65 -27.66 -27.59 -27.35 -26.94 -26.23 -25.54 -25.24 -25.06 -24.78 -24.55 -24.54 -24.55 -24.57 -24.23 -22.93 -21.42 -20.36 -19.39 -18.40 -17.31 -16.02 -14.58 -13.00 -11.32 -9.43 -7.70 -6.60 -5.73 -4.77 -3.99 -3.66 -3.49 -3.31 -3.07 -2.57 -2.11 -1.99 -1.99 -1.98 -1.97 -1.98 -1.94 -1.97 -1.60 0.76 7.14 5.81 3.93 4.59 4.85 4.96 4.80 3.72 4.00 4.17 5.00 5.01 5.22 8.23 3.97 4.83 5.64 5.75 7.99 7.65 8.15 7.72 5.97 4.64 4.82
-28.90 -29.03 -29.02 -29.04 -28.92 -28.53 -27.97 -27.14 -26.43 -26.35 -26.42 -26.30 -26.21 -26.33 -26.43 -26.42 -26.04 -24.76 -23.27 -22.19 -21.19 -20.18 -19.10 -17.91 -16.52 -14.81 -12.90 -10.75 -8.78 -7.57 -6.58 -5.22 -4.12 -3.85 -3.90 -4.02 -3.98 -3.19 -2.36 -2.14 -2.10 -2.03 -1.99 -1.94 -1.95 -2.17 -2.23 -1.97 -0.15 6.37 5.08 3.10 6.82 5.94 4.13 3.95 4.12 4.98 5.06 4.12 4.93 8.98 3.94 4.13 7.94 6.13 6.31 6.32 6.18 7.95 6.00 4.84 6.65
-29.58 -29.73 -29.74 -29.77 -29.70 -29.46 -29.07 -28.44 -27.92 -28.05 -28.26 -28.02 -27.72 -27.62 -27.52 -27.38 -26.96 -25.84 -24.52 -23.44 -22.41 -21.38 -20.32 -19.23 -18.00 -16.46 -14.74 -12.84 -11.01 -9.60 -8.29 -6.69 -5.32 -4.76 -4.56 -4.61 -4.54 -3.70 -2.81 -2.56 -2.47 -2.23 -2.03 -1.96 -1.98 -2.12 -2.22 -2.30 -1.90 -0.06 1.73 3.05 6.11 5.07 4.02 5.02 2.01 3.05 4.05 4.02 5.98 9.98 4.98 3.98 5.08 4.01 5.04 5.02 6.97 8.95 5.98 5.00 6.05
-29.89 -30.08 -30.17 -30.28 -30.33 -30.30 -30.16 -29.78 -29.47 -29.71 -29.93 -29.57 -29.05 -28.64 -28.24 -27.92 -27.45 -26.55 -25.50 -24.48 -23.44 -22.44 -21.43 -20.42 -19.33 -18.06 -16.68 -15.26 -13.77 -12.16 -10.48 -8.60 -6.94 -5.98 -5.40 -5.17 -4.93 -4.13 -3.34 -3.05 -2.87 -2.51 -2.20 -2.13 -2.12 -2.05 -2.01 -2.12 -2.10 -1.71 -0.98 0.30 1.59 2.69 3.01 3.04 3.93 2.79 2.92 3.01 6.05 9.91 5.04 5.08 5.04 6.11 4.06 4.99 7.05 9.94 7.09 5.11 4.97
-30.03 -30.33 -30.65 -31.01 -31.29 -31.34 -31.22 -30.84 -30.50 -30.60 -30.71 -30.52 -30.16 -29.60 -28.96 -28.40 -27.83 -27.24 -26.55 -25.66 -24.72 -23.86 -22.97 -21.96 -20.87 -19.71 -18.56 -17.65 -16.56 -14.88 -12.87 -10.45 -8.27 -7.12 -6.38 -5.74 -5.17 -4.44 -3.78 -3.34 -3.03 -2.80 -2.65 -2.60 -2.53 -2.26 -2.00 -2.03 -2.09 -2.14 -1.90 -0.95 0.39 3.57 4.10 4.62 0.34 -2.48 2.06 4.22 6.94 7.75 6.52 6.34 6.34 7.23 6.45 5.32 7.74 7.90 7.81 6.52 4.85
-30.21 -30.55 -30.97 -31.50 -31.93 -32.02 -31.90 -31.57 -31.25 -31.21 -31.23 -31.20 -31.00 -30.39 -29.65 -28.95 -28.33 -27.95 -27.56 -26.90 -26.15 -25.42 -24.60 -23.56 -22.45 -21.35 -20.33 -19.69 -18.83 -17.13 -14.97 -12.29 -9.82 -8.45 -7.50 -6.51 -5.65 -4.98 -4.43 -3.89 -3.46 -3.28 -3.18 -3.05 -2.88 -2.52 -2.17 -2.02 -1.99 -2.15 -2.15 -1.69 -0.73 7.12 3.43 0.95 -2.00 -5.84 3.64 5.11 5.36 6.25 9.22 8.75 8.68 7.82 7.97 6.93 6.24 7.50 5.00 2.67 3.93
-30.61 -30.83 -31.06 -31.54 -31.97 -32.07 -32.02 -31.89 -31.76 -31.76 -31.76 -31.72 -31.54 -31.00 -30.35 -29.71 -29.15 -28.80 -28.51 -28.19 -27.76 -27.06 -26.19 -25.15 -24.04 -22.97 -21.95 -21.14 -20.14 -18.47 -16.44 -14.06 -11.77 -10.10 -8.76 -7.57 -6.62 -5.96 -5.44 -4.90 -4.41 -4.01 -3.66 -3.31 -3.00 -2.77 -2.55 -2.23 -1.99 -2.03 -2.09 -2.04 -1.66 -0.68 0.77 -0.71 -2.81 -1.50 5.19 4.46 3.81 6.22 9.17 9.87 10.57 6.44 5.58 4.90 5.66 4.94 2.79 3.49 4.00
-31.10 -31.23 -31.31 -31.63 -31.96 -32.14 -32.21 -32.11 -32.01 -32.14 -32.27 -32.25 -32.05 -31.55 -30.95 -30.38 -29.92 -29.74 -29.65 -29.55 -29.28 -28.57 -27.65 -26.69 -25.66 -24.60 -23.53 -22.57 -21.46 -19.91 -18.08 -15.97 -13.83 -11.92 -10.19 -8.66 -7.43 -6.70 -6.19 -5.68 -5.18 -4.65 -4.11 -3.50 -3.00 -2.86 -2.79 -2.48 -2.18 -2.03 -1.98 -2.06 -2.06 -1.61 -1.24 2.94 2.37 4.22 4.85 5.89 4.52 7.71 7.32 7.26 11.40 6.60 4.29 5.65 5.01 5.53 3.77 3.40 3.86
-31.64 -31.76 -31.78 -31.89 -32.06 -32.38 -32.61 -32.38 -32.16 -32.46 -32.78 -32.78 -32.56 -32.05 -31.47 -30.97 -30.64 -30.75 -30.92 -30.89 -30.62 -29.88 -28.96 -28.13 -27.24 -26.19 -25.10 -24.10 -23.00 -21.63 -20.01 -18.06 -15.97 -13.90 -11.88 -9.87 -8.20 -7.32 -6.77 -6.26 -5.77 -5.22 -4.59 -3.75 -3.04 -2.92 -2.95 -2.79 -2.57 -2.25 -1.98 -1.92 -2.00 -2.37 -2.55 0.24 0.94 -0.07 -0.66 -2.10 6.67 5.65 5.17 5.96 8.02 6.52 6.72 8.06 7.24 -5.97 -5.13 3.70 5.61
-32.20 -32.31 -32.30 -32.31 -32.40 -32.80 -33.14 -32.99 -32.81 -33.02 -33.23 -33.09 -32.81 -32.46 -32.10 -31.79 -31.62 -31.78 -31.96 -31.90 -31.62 -30.96 -30.14 -29.34 -28.48 -27.53 -26.54 -25.59 -24.55 -23.35 -21.95 -20.25 -18.35 -16.30 -14.19 -12.02 -10.11 -8.86 -7.99 -7.42 -6.92 -6.22 -5.43 -4.48 -3.69 -3.57 -3.59 -3.38 -3.06 -2.61 -2.19 -1.96 -1.94 -2.36 -2.67 -2.24 -1.62 -1.19 -1.59 -4.09 -4.62 3.00 5.11 -4.11 -1.76 3.95 5.07 -4.15 -7.72 -10.04 -8.01 4.52 4.31
-32.70 -32.82 -32.83 -32.83 -32.92 -33.34 -33.74 -33.77 -33.69 -33.71 -33.66 -33.33 -32.98 -32.84 -32.77 -32.68 -32.63 -32.73 -32.79 -32.65 -32.36 -31.85 -31.19 -30.41 -29.57 -28.77 -27.95 -27.10 -26.18 -25.14 -23.94 -22.52 -20.87 -18.90 -16.79 -14.59 -12.55 -10.93 -9.67 -8.95 -8.36 -7.46 -6.49 -5.50 -4.71 -4.53 -4.47 -4.09 -3.61 -3.07 -2.56 -2.18 -1.96 -2.01 -2.18 -2.47 -2.57 -1.77 -1.29 -2.50 -4.32 7.19 3.35 -6.98 -5.86 -5.37 -5.67 -7.73 -9.20 -8.32 -6.49 -4.11 3.94
-32.90 -33.16 -33.35 -33.38 -33.46 -33.88 -34.29 -34.37 -34.32 -34.28 -34.15 -33.75 -33.37 -33.31 -33.33 -33.30 -33.29 -33.36 -33.38 -33.21 -32.92 -32.53 -32.06 -31.52 -30.91 -30.24 -29.53 -28.83 -28.05 -27.12 -26.06 -24.93 -23.50 -21.49 -19.21 -16.77 -14.50 -12.88 -11.58 -10.50 -9.52 -8.50 -7.52 -6.54 -5.74 -5.40 -5.16 -4.70 -4.18 -3.61 -3.05 -2.57 -2.19 -1.97 -1.95 -2.37 -2.74 -2.43 -2.21 -2.79 -3.80 -5.65 -6.95 -7.04 -7.09 -7.33 -7.50 -7.63 -7.38 -6.30 -4.71 3.25 6.02
-33.08 -33.42 -33.75 -33.86 -34.00 -34.43 -34.85 -34.99 -34.98 -34.89 -34.68 -34.25 -33.86 -33.83 -33.90 -33.93 -33.96 -34.00 -33.96 -33.75 -33.46 -33.17 -32.85 -32.50 -32.10 -31.56 -30.99 -30.49 -29.91 -29.09 -28.11 -27.14 -25.83 -23.76 -21.35 -18.74 -16.33 -14.78 -13.53 -12.21 -10.95 -9.77 -8.66 -7.58 -6.66 -6.13 -5.71 -5.17 -4.63 -4.11 -3.60 -3.06 -2.57 -2.14 -1.92 -2.17 -2.56 -2.83 -3.09 -3.26 -3.59 -4.43 -5.48 -6.69 -7.69 -8.02 -7.77 -6.71 -5.32 -4.17 -1.96 4.98 5.08
-33.47 -33.67 -33.91 -34.19 -34.53 -35.02 -35.49 -35.79 -35.88 -35.65 -35.26 -34.77 -34.39 -34.39 -34.55 -34.77 -34.94 -34.91 -34.75 -34.49 -34.18 -33.93 -33.64 -33.23 -32.79 -32.40 -32.05 -31.86 -31.56 -30.89 -29.96 -28.86 -27.41 -25.34 -22.99 -20.49 -18.18 -16.56 -15.26 -14.18 -13.09 -11.61 -10.05 -8.52 -7.23 -6.56 -6.08 -5.41 -4.80 -4.46 -4.15 -3.65 -3.12 -2.59 -2.19 -2.11 -2.22 -2.50 -2.79 -2.73 -2.86 -3.68 -4.97 -7.12 -8.84 -9.04 -7.62 -5.84 -4.06 -0.50 4.51 4.22 5.81
-33.92 -33.98 -34.10 -34.43 -34.87 -35.40 -35.92 -36.36 -36.55 -36.20 -35.67 -35.22 -34.92 -34.97 -35.20 -35.54 -35.80 -35.66 -35.38 -35.12 -34.86 -34.68 -34.44 -33.99 -33.51 -33.17 -32.92 -32.91 -32.79 -32.22 -31.33 -30.12 -28.60 -26.71 -24.62 -22.38 -20.26 -18.60 -17.24 -16.30 -15.27 -13.52 -11.58 -9.74 -8.16 -7.29 -6.65 -5.85 -5.17 -4.88 -4.64 -4.10 -3.50 -2.95 -2.49 -2.19 -2.05 -2.17 -2.33 -2.22 -2.28 -2.87 -3.91 -6.34 -7.78 -2.96 -6.23 -4.67 0.63 4.93 3.74 4.51 4.98
-34.44 -34.41 -34.43 -34.64 -34.99 -35.51 -36.06 -36.56 -36.82 -36.42 -35.88 -35.58 -35.44 -35.56 -35.81 -36.15 -36.37 -36.10 -35.74 -35.58 -35.47 -35.40 -35.26 -34.89 -34.44 -34.01 -33.66 -33.63 -33.53 -32.97 -32.12 -30.94 -29.54 -28.06 -26.42 -24.54 -22.66 -21.04 -19.60 -18.46 -17.21 -15.29 -13.23 -11.36 -9.73 -8.53 -7.57 -6.65 -5.90 -5.46 -5.04 -4.32 -3.59 -3.11 -2.74 -2.44 -2.23 -2.09 -2.02 -2.00 -2.01 -1.98 -2.06 3.31 0.47 6.04 -3.60 -3.28 1.00 6.31 6.85 5.75 4.38
-35.17 -35.17 -35.11 -35.09 -35.20 -35.68 -36.22 -36.64 -36.83 -36.51 -36.10 -35.95 -35.94 -36.07 -36.27 -36.51 -36.64 -36.39 -36.10 -36.02 -36.01 -36.04 -35.99 -35.71 -35.31 -34.78 -34.31 -34.23 -34.10 -33.51 -32.66 -31.59 -30.43 -29.35 -28.21 -26.94 -25.51 -23.80 -22.03 -20.50 -18.91 -16.90 -14.86 -13.09 -11.46 -9.90 -8.52 -7.44 -6.58 -6.01 -5.47 -4.60 -3.78 -3.37 -3.10 -2.81 -2.52 -2.15 -1.87 -1.93 -1.96 -1.67 -1.17 2.86 7.92 9.08 -1.40 -2.37 1.74 6.59 8.48 5.63 4.67
-35.99 -36.11 -36.03 -35.76 -35.60 -36.00 -36.50 -36.74 -36.82 -36.66 -36.46 -36.43 -36.47 -36.55 -36.65 -36.75 -36.78 -36.65 -36.50 -36.49 -36.52 -36.60 -36.60 -36.40 -36.04 -35.45 -34.89 -34.75 -34.58 -33.94 -33.11 -32.22 -31.34 -30.60 -29.89 -29.31 -28.41 -26.56 -24.41 -22.44 -20.47 -18.43 -16.47 -14.80 -13.18 -11.30 -9.55 -8.25 -7.25 -6.57 -5.95 -4.99 -4.12 -3.77 -3.56 -3.23 -2.85 -2.33 -1.90 -1.97 -2.04 -1.84 -1.21 0.40 3.22 7.43 4.14 4.01 5.92 7.51 8.05 5.80 4.95
-36.52 -36.83 -36.88 -36.60 -36.34 -36.59 -36.95 -37.15 -37.27 -37.27 -37.22 -37.20 -37.19 -37.17 -37.18 -37.25 -37.29 -37.15 -37.01 -37.03 -37.08 -37.09 -37.02 -36.82 -36.50 -35.98 -35.46 -35.19 -34.91 -34.36 -33.72 -33.04 -32.37 -31.80 -31.29 -31.01 -30.39 -28.71 -26.61 -24.47 -22.27 -20.10 -18.04 -16.26 -14.54 -12.60 -10.77 -9.30 -8.10 -7.21 -6.43 -5.47 -4.65 -4.28 -4.01 -3.58 -3.10 -2.50 -2.02 -1.98 -2.03 -2.09 -1.69 0.14 1.92 8.92 4.98 4.08 4.12 10.04 7.13 5.97 5.91
