Instances/StraitOfHormuz/GMRTv3_3_20170611topo.asc
ncols 545
nrows 390
xllcorner 55.03271484375
yllcorner 25.65737233684939
cellsize 0.00439453125
nodata_value -2147483648
[rows 192 to 223 of 390, columns 365 to 437 of 545]
-79.81 -79.61 -79.39 -79.16 -78.25 -75.38 -72.39 -71.04 -70.35 -70.05 -69.90 -69.47 -68.99 -68.57 -68.13 -67.61 -67.06 -66.57 -66.05 -65.50 -64.78 -63.53 -62.26 -61.38 -60.78 -60.56 -60.50 -60.36 -60.18 -59.85 -59.50 -59.17 -58.97 -59.06 -59.30 -59.66 -59.89 -59.53 -59.09 -58.92 -58.97 -59.44 -59.99 -60.36 -60.51 -60.21 -59.74 -59.28 -58.92 -58.90 -58.96 -58.96 -58.82 -58.29 -57.68 -57.13 -56.85 -57.24 -57.83 -58.35 -58.71 -58.76 -58.41 -57.41 -56.12 -54.87 -53.54 -52.13 -50.64 -49.10 -47.53 -46.00 -44.43
-81.20 -81.37 -81.52 -81.70 -80.94 -77.48 -73.78 -72.18 -71.37 -70.89 -70.60 -70.13 -69.69 -69.41 -69.12 -68.62 -68.07 -67.60 -67.06 -66.39 -65.47 -64.01 -62.56 -61.63 -61.03 -60.84 -60.83 -60.81 -60.72 -60.40 -59.98 -59.52 -59.19 -59.25 -59.46 -59.74 -59.90 -59.56 -59.16 -59.06 -59.17 -59.61 -60.16 -60.75 -61.06 -60.59 -59.90 -59.41 -59.05 -58.99 -59.02 -59.00 -58.88 -58.46 -57.97 -57.48 -57.26 -57.79 -58.51 -59.04 -59.31 -59.11 -58.50 -57.36 -56.00 -54.78 -53.52 -52.18 -50.74 -49.13 -47.47 -45.87 -44.22
-82.32 -82.68 -83.00 -83.26 -82.50 -78.90 -75.03 -73.30 -72.37 -71.72 -71.31 -70.87 -70.53 -70.43 -70.31 -69.89 -69.33 -68.77 -68.07 -67.13 -65.96 -64.36 -62.84 -61.89 -61.33 -61.19 -61.25 -61.30 -61.27 -60.96 -60.54 -60.07 -59.70 -59.72 -59.85 -59.96 -59.97 -59.68 -59.38 -59.28 -59.35 -59.69 -60.16 -60.79 -61.17 -60.65 -59.92 -59.53 -59.29 -59.23 -59.25 -59.30 -59.27 -58.97 -58.62 -58.25 -58.15 -58.78 -59.54 -60.03 -60.17 -59.68 -58.78 -57.52 -56.14 -54.94 -53.74 -52.49 -51.11 -49.49 -47.76 -46.05 -44.25
-82.81 -83.11 -83.30 -83.28 -82.42 -79.46 -76.24 -74.51 -73.41 -72.70 -72.26 -71.80 -71.49 -71.51 -71.53 -71.28 -70.78 -69.96 -68.92 -67.74 -66.42 -64.83 -63.37 -62.43 -61.86 -61.68 -61.71 -61.79 -61.80 -61.47 -61.06 -60.74 -60.47 -60.27 -60.13 -60.04 -59.97 -59.83 -59.72 -59.67 -59.70 -59.87 -60.10 -60.38 -60.54 -60.27 -59.92 -59.74 -59.65 -59.66 -59.72 -59.78 -59.80 -59.67 -59.54 -59.48 -59.59 -60.11 -60.63 -60.78 -60.60 -59.95 -59.00 -57.82 -56.57 -55.49 -54.42 -53.36 -52.12 -50.45 -48.57 -46.66 -44.63
-82.99 -83.18 -83.20 -82.83 -81.88 -79.77 -77.46 -75.77 -74.50 -73.80 -73.37 -72.89 -72.57 -72.66 -72.78 -72.68 -72.24 -71.12 -69.71 -68.34 -66.92 -65.38 -64.01 -63.08 -62.49 -62.27 -62.25 -62.32 -62.32 -61.97 -61.58 -61.44 -61.29 -60.89 -60.46 -60.17 -60.00 -59.98 -60.02 -60.03 -60.03 -60.02 -59.98 -59.82 -59.70 -59.80 -59.95 -60.00 -60.05 -60.17 -60.30 -60.36 -60.42 -60.48 -60.60 -60.85 -61.13 -61.45 -61.61 -61.34 -60.83 -60.15 -59.32 -58.32 -57.28 -56.35 -55.42 -54.55 -53.45 -51.73 -49.71 -47.62 -45.40
-83.18 -83.52 -83.69 -83.31 -82.40 -80.65 -78.68 -77.01 -75.66 -74.95 -74.52 -74.02 -73.71 -73.84 -74.01 -73.97 -73.53 -72.21 -70.57 -69.04 -67.51 -65.91 -64.50 -63.57 -62.99 -62.86 -62.90 -62.92 -62.86 -62.54 -62.18 -62.04 -61.88 -61.52 -61.08 -60.57 -60.14 -60.02 -60.01 -60.04 -60.05 -59.97 -59.82 -59.52 -59.34 -59.65 -60.06 -60.21 -60.33 -60.58 -60.83 -60.97 -61.11 -61.37 -61.66 -61.96 -62.20 -62.34 -62.28 -61.82 -61.20 -60.65 -60.01 -59.18 -58.31 -57.50 -56.67 -55.87 -54.80 -53.08 -51.05 -48.99 -46.71
-83.69 -84.17 -84.51 -84.23 -83.44 -81.92 -80.13 -78.42 -76.98 -76.25 -75.83 -75.34 -75.03 -75.13 -75.24 -75.12 -74.59 -73.21 -71.52 -69.91 -68.30 -66.65 -65.22 -64.28 -63.72 -63.63 -63.70 -63.62 -63.48 -63.20 -62.89 -62.66 -62.44 -62.18 -61.82 -61.15 -60.51 -60.17 -60.00 -59.98 -59.97 -59.79 -59.57 -59.28 -59.19 -59.72 -60.35 -60.63 -60.83 -61.10 -61.35 -61.52 -61.73 -62.16 -62.59 -62.85 -62.96 -62.89 -62.62 -62.07 -61.47 -61.08 -60.67 -60.06 -59.36 -58.63 -57.83 -57.02 -55.94 -54.23 -52.22 -50.19 -47.90
-84.84 -85.32 -85.65 -85.46 -84.82 -83.60 -82.04 -80.19 -78.54 -77.79 -77.38 -76.94 -76.62 -76.58 -76.49 -76.06 -75.31 -74.10 -72.64 -71.04 -69.41 -67.83 -66.45 -65.53 -64.94 -64.75 -64.69 -64.46 -64.22 -64.00 -63.76 -63.42 -63.09 -62.90 -62.61 -61.93 -61.18 -60.59 -60.15 -60.01 -59.90 -59.52 -59.18 -59.04 -59.20 -60.01 -60.92 -61.48 -61.82 -61.88 -61.86 -61.94 -62.14 -62.69 -63.23 -63.47 -63.46 -63.09 -62.56 -61.99 -61.49 -61.24 -61.02 -60.69 -60.21 -59.48 -58.60 -57.72 -56.58 -54.87 -52.86 -50.77 -48.46
-86.25 -86.75 -87.14 -87.22 -86.82 -85.60 -83.94 -81.97 -80.22 -79.44 -79.03 -78.61 -78.29 -78.14 -77.87 -77.13 -76.15 -75.09 -73.85 -72.31 -70.68 -69.01 -67.54 -66.63 -66.05 -65.77 -65.60 -65.31 -65.02 -64.80 -64.55 -64.11 -63.66 -63.40 -63.11 -62.59 -61.96 -61.21 -60.52 -60.17 -59.89 -59.38 -58.98 -58.94 -59.28 -60.25 -61.37 -62.24 -62.78 -62.62 -62.29 -62.21 -62.33 -62.92 -63.52 -63.76 -63.69 -63.14 -62.47 -61.98 -61.61 -61.50 -61.42 -61.23 -60.87 -60.20 -59.34 -58.47 -57.32 -55.62 -53.59 -51.37 -48.96
-87.70 -88.31 -88.86 -89.39 -89.32 -87.77 -85.71 -83.69 -81.97 -81.16 -80.72 -80.31 -79.98 -79.79 -79.41 -78.43 -77.26 -76.24 -75.10 -73.65 -72.01 -70.08 -68.36 -67.46 -66.94 -66.60 -66.37 -66.12 -65.86 -65.56 -65.20 -64.69 -64.15 -63.68 -63.26 -63.04 -62.72 -61.94 -61.09 -60.51 -60.01 -59.46 -59.09 -59.03 -59.37 -60.38 -61.59 -62.73 -63.48 -63.18 -62.62 -62.36 -62.35 -62.88 -63.48 -63.74 -63.71 -63.18 -62.55 -62.19 -61.96 -61.95 -61.93 -61.68 -61.28 -60.77 -60.10 -59.33 -58.24 -56.56 -54.50 -52.12 -49.56
-88.94 -89.73 -90.52 -91.39 -91.59 -89.96 -87.75 -85.84 -84.21 -83.27 -82.68 -82.28 -81.97 -81.72 -81.22 -79.98 -78.54 -77.41 -76.23 -74.79 -73.17 -71.23 -69.49 -68.60 -68.07 -67.64 -67.31 -66.97 -66.62 -66.22 -65.77 -65.23 -64.68 -64.12 -63.62 -63.37 -63.06 -62.38 -61.61 -60.98 -60.41 -59.84 -59.46 -59.40 -59.72 -60.70 -61.85 -62.85 -63.50 -63.30 -62.85 -62.62 -62.58 -62.96 -63.42 -63.74 -63.84 -63.44 -62.93 -62.64 -62.45 -62.38 -62.26 -61.89 -61.41 -60.96 -60.39 -59.67 -58.60 -56.91 -54.84 -52.53 -50.08
-89.89 -90.83 -91.80 -92.84 -93.21 -91.73 -89.69 -88.01 -86.54 -85.45 -84.67 -84.27 -83.98 -83.63 -82.99 -81.54 -79.89 -78.57 -77.25 -75.79 -74.24 -72.46 -70.86 -69.96 -69.35 -68.83 -68.38 -67.88 -67.38 -66.88 -66.37 -65.85 -65.31 -64.74 -64.17 -63.64 -63.12 -62.59 -62.07 -61.56 -61.05 -60.41 -59.92 -59.82 -60.11 -61.07 -62.13 -62.79 -63.19 -63.20 -63.08 -63.01 -63.00 -63.17 -63.41 -63.75 -63.97 -63.79 -63.47 -63.22 -62.97 -62.73 -62.42 -61.92 -61.35 -60.89 -60.33 -59.60 -58.53 -56.81 -54.78 -52.70 -50.53
-90.53 -91.33 -92.14 -93.01 -93.34 -92.21 -90.60 -89.21 -87.93 -86.89 -86.10 -85.77 -85.48 -84.86 -83.95 -82.57 -81.04 -79.66 -78.30 -76.93 -75.50 -73.79 -72.21 -71.18 -70.44 -69.89 -69.43 -68.90 -68.37 -67.84 -67.31 -66.81 -66.26 -65.55 -64.77 -63.93 -63.19 -62.82 -62.56 -62.32 -61.92 -60.95 -60.05 -59.70 -59.89 -60.99 -62.27 -63.04 -63.51 -63.61 -63.54 -63.55 -63.55 -63.50 -63.48 -63.60 -63.74 -63.84 -63.84 -63.63 -63.30 -62.90 -62.43 -61.89 -61.34 -60.87 -60.31 -59.57 -58.50 -56.76 -54.77 -52.92 -50.96
-90.91 -91.37 -91.82 -92.34 -92.53 -91.78 -90.70 -89.73 -88.78 -87.90 -87.16 -86.83 -86.46 -85.62 -84.56 -83.38 -82.09 -80.72 -79.34 -78.08 -76.77 -75.12 -73.55 -72.40 -71.52 -70.94 -70.49 -69.97 -69.45 -68.88 -68.31 -67.81 -67.22 -66.36 -65.38 -64.28 -63.37 -63.12 -63.07 -63.01 -62.68 -61.42 -60.14 -59.54 -59.60 -60.83 -62.34 -63.32 -63.96 -64.07 -63.98 -64.02 -64.00 -63.79 -63.57 -63.44 -63.44 -63.78 -64.07 -63.84 -63.41 -62.89 -62.34 -61.88 -61.42 -60.94 -60.34 -59.57 -58.48 -56.79 -54.86 -53.11 -51.20
-91.08 -90.99 -90.93 -91.09 -91.12 -90.59 -89.98 -89.73 -89.44 -88.79 -88.05 -87.40 -86.74 -86.04 -85.25 -84.29 -83.17 -81.82 -80.41 -79.15 -77.86 -76.35 -74.89 -73.74 -72.79 -72.09 -71.52 -71.03 -70.52 -69.79 -69.04 -68.45 -67.81 -66.93 -65.93 -64.79 -63.84 -63.61 -63.56 -63.36 -62.90 -61.73 -60.57 -59.95 -59.93 -61.01 -62.38 -63.37 -64.07 -64.18 -64.08 -64.12 -64.10 -63.85 -63.58 -63.40 -63.37 -63.79 -64.12 -63.76 -63.17 -62.60 -62.11 -61.94 -61.74 -61.22 -60.49 -59.60 -58.46 -56.97 -55.20 -53.16 -50.95
-91.07 -90.61 -90.16 -89.98 -89.84 -89.49 -89.26 -89.57 -89.80 -89.34 -88.61 -87.76 -86.93 -86.41 -85.87 -85.08 -84.07 -82.73 -81.30 -80.04 -78.80 -77.49 -76.24 -75.17 -74.22 -73.37 -72.64 -72.05 -71.46 -70.63 -69.78 -69.09 -68.36 -67.45 -66.46 -65.34 -64.39 -64.08 -63.91 -63.51 -62.93 -61.90 -60.92 -60.33 -60.24 -61.08 -62.22 -63.18 -63.90 -64.00 -63.90 -63.92 -63.89 -63.72 -63.55 -63.47 -63.50 -63.81 -64.00 -63.54 -62.92 -62.45 -62.11 -62.13 -62.08 -61.54 -60.74 -59.79 -58.63 -57.23 -55.51 -53.25 -50.82
-90.94 -90.55 -90.03 -89.60 -89.27 -89.11 -89.13 -89.55 -89.85 -89.45 -88.79 -88.10 -87.42 -86.95 -86.42 -85.65 -84.65 -83.29 -81.87 -80.67 -79.58 -78.55 -77.60 -76.71 -75.82 -74.85 -73.89 -73.00 -72.17 -71.40 -70.65 -69.87 -69.02 -68.03 -66.99 -65.88 -64.90 -64.39 -64.01 -63.53 -62.92 -61.92 -60.97 -60.37 -60.21 -60.83 -61.75 -62.68 -63.42 -63.53 -63.42 -63.39 -63.37 -63.39 -63.46 -63.65 -63.82 -63.83 -63.70 -63.31 -62.91 -62.73 -62.62 -62.50 -62.28 -61.78 -61.08 -60.25 -59.12 -57.55 -55.65 -53.46 -51.17
-90.79 -90.52 -90.00 -89.45 -89.01 -88.95 -89.11 -89.57 -89.90 -89.60 -89.03 -88.39 -87.76 -87.40 -86.98 -86.22 -85.19 -83.73 -82.24 -81.10 -80.17 -79.49 -78.86 -78.10 -77.23 -76.18 -75.08 -74.00 -73.00 -72.21 -71.46 -70.59 -69.63 -68.48 -67.32 -66.28 -65.38 -64.78 -64.26 -63.63 -62.92 -62.01 -61.14 -60.43 -60.08 -60.44 -61.12 -61.92 -62.60 -62.72 -62.67 -62.75 -62.89 -63.11 -63.39 -63.83 -64.16 -64.05 -63.78 -63.46 -63.18 -63.13 -63.07 -62.78 -62.37 -61.89 -61.29 -60.62 -59.66 -58.11 -56.20 -54.00 -51.70
-90.71 -90.53 -90.02 -89.46 -89.00 -88.94 -89.12 -89.59 -89.98 -89.83 -89.39 -88.66 -87.94 -87.74 -87.50 -86.79 -85.72 -84.13 -82.52 -81.43 -80.65 -80.30 -79.98 -79.25 -78.33 -77.28 -76.16 -75.08 -74.03 -73.09 -72.16 -71.21 -70.16 -68.79 -67.47 -66.55 -65.83 -65.27 -64.71 -63.89 -63.01 -62.25 -61.52 -60.65 -60.02 -60.10 -60.49 -61.05 -61.57 -61.69 -61.77 -62.11 -62.52 -62.93 -63.38 -63.96 -64.41 -64.43 -64.25 -63.98 -63.69 -63.54 -63.33 -62.89 -62.36 -61.86 -61.31 -60.82 -60.08 -58.79 -57.07 -54.78 -52.33
-90.95 -90.86 -90.37 -89.82 -89.31 -89.08 -89.06 -89.38 -89.69 -89.63 -89.35 -88.79 -88.21 -87.98 -87.68 -86.99 -85.99 -84.51 -83.03 -82.01 -81.29 -80.97 -80.70 -80.07 -79.27 -78.32 -77.27 -76.22 -75.14 -74.02 -72.86 -71.65 -70.39 -68.99 -67.72 -66.93 -66.30 -65.62 -64.92 -64.10 -63.29 -62.64 -62.01 -61.19 -60.51 -60.33 -60.39 -60.57 -60.83 -61.02 -61.27 -61.68 -62.18 -62.80 -63.43 -63.98 -64.37 -64.43 -64.33 -64.18 -63.97 -63.75 -63.44 -62.93 -62.35 -61.85 -61.31 -60.78 -60.02 -58.80 -57.20 -55.13 -52.83
-91.34 -91.32 -90.84 -90.30 -89.74 -89.31 -89.05 -89.11 -89.24 -89.24 -89.15 -88.91 -88.57 -88.21 -87.74 -87.09 -86.23 -85.01 -83.76 -82.82 -82.09 -81.64 -81.26 -80.73 -80.09 -79.26 -78.31 -77.31 -76.19 -74.91 -73.53 -72.04 -70.57 -69.24 -68.11 -67.41 -66.80 -65.96 -65.11 -64.39 -63.74 -63.18 -62.63 -61.99 -61.39 -60.94 -60.61 -60.41 -60.38 -60.63 -61.01 -61.36 -61.83 -62.64 -63.44 -63.90 -64.16 -64.21 -64.16 -64.14 -64.05 -63.81 -63.44 -62.92 -62.35 -61.86 -61.31 -60.62 -59.70 -58.41 -56.86 -55.14 -53.18
-91.49 -91.54 -91.10 -90.55 -89.98 -89.60 -89.32 -89.13 -89.06 -89.20 -89.34 -89.23 -88.98 -88.60 -88.13 -87.65 -86.98 -85.86 -84.68 -83.77 -83.02 -82.54 -82.10 -81.53 -80.84 -79.98 -79.02 -78.04 -76.93 -75.55 -74.07 -72.62 -71.20 -69.82 -68.63 -67.91 -67.33 -66.56 -65.76 -64.97 -64.28 -63.92 -63.59 -63.06 -62.40 -61.52 -60.71 -60.27 -60.10 -60.25 -60.57 -60.84 -61.30 -62.27 -63.25 -63.80 -64.11 -64.13 -64.05 -64.09 -64.06 -63.82 -63.44 -62.92 -62.34 -61.87 -61.31 -60.55 -59.55 -58.18 -56.61 -55.04 -53.27
-91.56 -91.57 -91.11 -90.60 -90.09 -89.85 -89.66 -89.33 -89.12 -89.42 -89.75 -89.74 -89.55 -89.19 -88.76 -88.42 -87.91 -86.89 -85.77 -84.87 -84.11 -83.59 -83.10 -82.43 -81.64 -80.66 -79.61 -78.60 -77.50 -76.11 -74.66 -73.33 -72.01 -70.58 -69.30 -68.50 -67.88 -67.24 -66.57 -65.71 -64.94 -64.69 -64.48 -63.99 -63.25 -62.04 -60.86 -60.29 -60.03 -60.00 -60.16 -60.37 -60.83 -61.88 -62.97 -63.64 -64.04 -64.07 -63.98 -64.04 -64.03 -63.81 -63.43 -62.92 -62.34 -61.87 -61.30 -60.51 -59.47 -58.09 -56.54 -55.03 -53.35
-91.66 -91.36 -90.78 -90.40 -90.11 -89.97 -89.87 -89.61 -89.49 -89.87 -90.32 -90.48 -90.44 -90.09 -89.61 -89.24 -88.76 -87.95 -87.04 -86.18 -85.39 -84.77 -84.17 -83.49 -82.65 -81.50 -80.24 -79.10 -77.94 -76.72 -75.45 -74.13 -72.80 -71.42 -70.16 -69.23 -68.48 -67.87 -67.29 -66.53 -65.79 -65.31 -64.86 -64.33 -63.61 -62.40 -61.22 -60.60 -60.24 -60.00 -59.96 -60.17 -60.67 -61.67 -62.72 -63.39 -63.81 -63.97 -64.00 -64.06 -64.03 -63.81 -63.43 -62.90 -62.31 -61.82 -61.24 -60.45 -59.47 -58.23 -56.81 -55.33 -53.66
-91.74 -91.07 -90.34 -90.04 -89.92 -89.90 -89.95 -89.91 -90.00 -90.53 -91.09 -91.41 -91.46 -91.04 -90.46 -90.01 -89.53 -88.94 -88.28 -87.53 -86.74 -86.00 -85.24 -84.49 -83.61 -82.34 -80.98 -79.75 -78.57 -77.45 -76.28 -74.90 -73.49 -72.19 -71.00 -69.95 -69.07 -68.47 -67.95 -67.32 -66.64 -65.88 -65.12 -64.47 -63.75 -62.68 -61.65 -61.02 -60.56 -60.10 -59.86 -60.06 -60.57 -61.47 -62.43 -63.11 -63.62 -63.90 -64.04 -64.11 -64.04 -63.81 -63.44 -62.94 -62.38 -61.92 -61.36 -60.51 -59.50 -58.43 -57.21 -55.83 -54.24
-91.85 -90.83 -89.99 -89.59 -89.48 -89.61 -89.90 -90.18 -90.59 -91.34 -92.07 -92.47 -92.52 -91.91 -91.13 -90.62 -90.17 -89.76 -89.32 -88.76 -88.07 -87.17 -86.19 -85.31 -84.35 -83.14 -81.87 -80.71 -79.55 -78.36 -77.07 -75.54 -74.01 -72.77 -71.66 -70.57 -69.64 -69.02 -68.51 -67.98 -67.35 -66.43 -65.44 -64.58 -63.77 -62.93 -62.14 -61.48 -60.89 -60.25 -59.83 -59.97 -60.44 -61.20 -62.08 -62.88 -63.54 -63.89 -64.07 -64.14 -64.07 -63.81 -63.45 -63.06 -62.63 -62.29 -61.77 -60.74 -59.57 -58.62 -57.63 -56.51 -55.12
-92.69 -91.34 -90.34 -89.72 -89.48 -89.72 -90.19 -90.61 -91.16 -92.07 -92.91 -93.30 -93.26 -92.54 -91.62 -90.93 -90.36 -90.05 -89.77 -89.35 -88.75 -87.79 -86.71 -85.75 -84.76 -83.63 -82.46 -81.37 -80.26 -79.03 -77.70 -76.17 -74.67 -73.41 -72.27 -71.15 -70.17 -69.47 -68.90 -68.41 -67.82 -66.81 -65.72 -64.80 -64.00 -63.44 -62.93 -62.34 -61.69 -60.78 -60.07 -60.01 -60.36 -61.07 -61.92 -62.72 -63.39 -63.79 -64.00 -64.07 -63.99 -63.71 -63.36 -63.12 -62.86 -62.61 -62.12 -61.00 -59.76 -58.91 -58.09 -57.15 -55.93
-94.30 -92.64 -91.41 -90.49 -90.04 -90.31 -90.86 -91.23 -91.72 -92.68 -93.56 -93.83 -93.66 -92.91 -91.93 -90.96 -90.14 -89.82 -89.62 -89.27 -88.74 -87.82 -86.78 -85.84 -84.89 -83.82 -82.73 -81.70 -80.63 -79.43 -78.15 -76.82 -75.48 -74.14 -72.86 -71.70 -70.67 -69.83 -69.13 -68.59 -67.99 -66.99 -65.95 -65.11 -64.46 -64.17 -63.93 -63.51 -62.87 -61.66 -60.56 -60.22 -60.37 -61.11 -62.02 -62.68 -63.22 -63.60 -63.83 -63.89 -63.80 -63.51 -63.19 -63.11 -63.01 -62.81 -62.34 -61.26 -60.07 -59.31 -58.59 -57.74 -56.61
-96.20 -94.19 -92.70 -91.59 -90.99 -91.16 -91.64 -91.95 -92.39 -93.27 -94.04 -94.23 -93.98 -93.16 -92.06 -90.84 -89.78 -89.40 -89.18 -88.80 -88.28 -87.49 -86.61 -85.83 -85.01 -84.03 -82.98 -81.94 -80.87 -79.73 -78.55 -77.41 -76.20 -74.80 -73.41 -72.23 -71.16 -70.11 -69.16 -68.46 -67.77 -66.85 -65.96 -65.27 -64.78 -64.71 -64.68 -64.42 -63.85 -62.49 -61.17 -60.60 -60.59 -61.42 -62.41 -62.89 -63.19 -63.41 -63.54 -63.58 -63.52 -63.29 -63.06 -63.07 -63.05 -62.84 -62.38 -61.46 -60.45 -59.77 -59.12 -58.42 -57.38
-98.32 -95.90 -94.10 -92.84 -92.15 -92.14 -92.47 -92.77 -93.20 -93.90 -94.48 -94.56 -94.23 -93.31 -92.11 -90.73 -89.52 -89.03 -88.74 -88.28 -87.76 -87.11 -86.43 -85.84 -85.18 -84.28 -83.27 -82.21 -81.12 -80.06 -79.00 -78.00 -76.90 -75.46 -73.99 -72.80 -71.66 -70.37 -69.16 -68.23 -67.43 -66.62 -65.91 -65.37 -65.02 -65.05 -65.12 -65.00 -64.53 -63.19 -61.83 -61.14 -61.03 -61.92 -62.95 -63.24 -63.28 -63.28 -63.23 -63.24 -63.23 -63.09 -62.97 -63.03 -63.03 -62.77 -62.33 -61.62 -60.86 -60.27 -59.68 -59.11 -58.15
-100.67 -97.73 -95.51 -94.07 -93.27 -93.07 -93.26 -93.61 -94.08 -94.66 -95.06 -94.91 -94.36 -93.33 -92.09 -90.81 -89.70 -89.15 -88.76 -88.25 -87.73 -87.19 -86.64 -86.08 -85.43 -84.61 -83.69 -82.65 -81.60 -80.63 -79.68 -78.73 -77.65 -76.23 -74.74 -73.48 -72.22 -70.76 -69.36 -68.25 -67.34 -66.64 -66.08 -65.59 -65.24 -65.17 -65.14 -65.05 -64.70 -63.61 -62.49 -61.91 -61.82 -62.63 -63.53 -63.64 -63.49 -63.26 -63.03 -63.01 -63.03 -62.98 -62.95 -63.04 -63.06 -62.77 -62.33 -61.81 -61.25 -60.78 -60.26 -59.72 -58.76
-102.97 -99.50 -96.88 -95.20 -94.26 -93.97 -94.15 -94.63 -95.21 -95.67 -95.84 -95.38 -94.55 -93.42 -92.21 -91.09 -90.13 -89.54 -89.08 -88.55 -88.02 -87.54 -87.02 -86.40 -85.70 -84.95 -84.13 -83.17 -82.20 -81.33 -80.46 -79.56 -78.50 -77.10 -75.59 -74.20 -72.79 -71.21 -69.71 -68.49 -67.52 -66.90 -66.43 -65.91 -65.46 -65.21 -65.02 -64.92 -64.68 -63.90 -63.09 -62.65 -62.57 -63.21 -63.88 -63.88 -63.63 -63.26 -62.94 -62.91 -62.96 -62.98 -63.00 -63.06 -63.04 -62.72 -62.32 -62.00 -61.65 -61.27 -60.78 -60.20 -59.20
