Instances/StraitOfHormuz/GMRTv3_3_20170611topo.asc
ncols 545
nrows 390
xllcorner 55.03271484375
yllcorner 25.65737233684939
cellsize 0.00439453125
nodata_value -2147483648
[rows 96 to 127 of 390, columns 438 to 510 of 545]
5.97 6.99 7.00 4.00 6.02 4.02 5.00 4.02 5.03 5.98 3.98 4.02 4.00 6.99 3.98 3.95 3.98 4.02 5.00 6.01 6.02 7.02 7.00 6.02 7.02 7.00 8.02 8.00 7.98 6.97 7.94 7.98 9.00 8.02 7.00 9.00 9.97 15.00 17.96 21.86 15.88 14.95 14.93 15.93 15.95 14.95 12.97 12.99 13.98 13.98 13.98 14.97 15.98 16.00 16.98 18.98 18.98 17.97 18.97 20.97 22.98 25.03 27.99 29.93 30.92 33.88 35.91 40.34 88.75 75.00 112.70 149.14 158.50
4.83 6.78 6.19 5.18 6.01 6.11 4.89 4.95 4.88 3.99 3.99 4.94 3.99 3.95 4.12 4.00 4.11 5.04 4.99 6.11 7.17 7.00 6.99 7.05 8.06 7.00 7.89 8.01 8.01 6.04 5.04 7.05 7.81 7.88 7.11 7.93 8.93 13.85 14.63 13.23 11.79 12.54 12.56 12.62 13.56 12.79 12.89 12.89 12.94 14.01 14.00 14.06 14.82 15.89 15.94 17.83 17.95 18.01 19.95 20.89 21.94 25.86 27.80 27.79 28.91 29.56 34.35 66.30 110.57 79.02 107.23 149.64 173.29
3.93 4.86 7.48 5.90 5.80 6.03 3.90 3.93 4.19 5.36 4.26 4.16 4.23 4.81 4.84 3.97 5.07 5.52 5.23 7.04 8.10 7.00 7.26 7.26 8.03 7.00 6.93 7.77 7.77 7.30 7.38 8.07 7.39 7.16 8.04 8.23 9.23 12.75 12.42 10.78 11.80 10.27 9.76 10.62 10.81 11.70 11.93 11.96 13.00 13.74 14.00 14.84 14.19 14.96 16.03 16.96 17.77 17.77 18.96 19.93 22.06 23.39 25.39 26.72 28.59 27.91 41.20 105.51 142.07 92.33 114.54 184.26 186.51
3.95 4.95 4.36 4.18 4.51 5.63 4.37 4.00 4.70 5.32 4.70 5.07 5.02 4.30 3.93 4.37 5.05 6.35 6.02 7.42 7.67 7.05 7.70 7.70 7.67 7.00 7.00 6.93 6.98 8.12 8.07 8.00 9.14 8.02 8.33 9.02 10.07 11.13 10.48 11.05 10.55 11.77 10.37 9.88 10.53 10.93 12.05 11.58 13.00 13.35 14.05 13.93 14.65 14.58 15.67 16.67 16.98 16.98 18.63 20.00 21.20 21.86 23.86 25.55 26.11 27.25 52.40 148.85 176.08 138.71 109.90 110.39 136.95
4.53 5.33 4.53 2.82 4.53 4.94 5.12 4.00 4.01 3.88 3.88 4.94 5.53 5.12 4.00 5.12 4.47 5.41 6.59 7.47 6.35 6.47 7.01 7.01 6.48 7.06 7.06 7.00 6.41 7.41 8.00 8.00 9.00 8.46 9.59 9.46 9.81 10.02 9.68 10.35 9.75 10.81 10.93 10.46 10.99 11.00 11.41 11.47 13.00 13.53 13.41 14.00 14.53 14.53 14.41 15.41 16.41 16.41 17.94 20.06 20.41 22.00 24.00 25.01 24.95 25.88 54.12 131.60 166.98 204.13 158.03 135.81 110.16
4.97 8.29 4.29 3.53 4.37 5.07 4.25 4.00 3.25 4.00 4.67 5.82 6.11 4.25 4.00 4.25 3.74 6.04 6.37 7.71 6.71 5.89 6.33 6.33 5.21 6.40 6.33 7.00 6.63 7.63 8.00 8.00 9.00 9.72 9.97 10.64 11.88 14.57 12.48 11.16 11.88 12.20 12.13 11.57 12.08 10.85 11.63 11.97 13.00 12.89 13.63 14.00 14.29 14.29 13.89 14.96 16.63 16.63 18.00 19.33 21.19 22.07 24.15 24.40 24.40 26.07 41.17 105.03 177.53 220.75 227.59 173.46 144.09
5.95 6.77 4.79 5.78 3.98 4.19 4.79 3.93 3.79 4.00 5.09 4.33 5.26 4.86 4.07 4.86 6.57 6.00 5.98 7.28 6.21 6.88 5.98 5.98 5.79 5.10 5.91 7.00 7.02 8.09 8.07 8.00 9.07 9.95 10.74 11.76 14.55 22.94 16.17 13.39 14.41 14.60 15.41 13.51 11.86 12.55 11.95 12.67 12.86 13.81 14.02 13.93 14.79 14.79 14.81 14.93 17.02 17.02 18.00 19.05 19.38 21.26 22.45 23.24 23.24 25.26 30.33 91.07 201.84 239.75 260.40 180.76 164.57
4.07 4.00 4.96 4.12 4.00 3.99 5.01 4.92 4.01 3.95 4.03 4.96 4.07 4.08 3.03 4.04 5.17 6.00 6.00 6.12 5.99 6.08 6.00 6.05 6.01 5.96 6.92 7.00 6.95 7.12 7.12 8.00 7.99 10.92 11.88 12.84 16.86 22.06 21.37 17.48 18.66 15.76 16.81 15.81 13.71 13.62 12.74 14.90 14.94 14.01 14.00 14.92 14.96 15.05 15.05 15.92 17.00 17.00 18.09 18.12 18.99 20.07 21.06 22.12 22.12 24.02 27.98 66.24 153.48 217.82 234.54 166.35 156.07
6.02 7.01 6.00 5.00 4.00 4.00 5.00 5.00 4.00 5.00 5.00 4.01 4.01 4.01 4.00 5.00 5.00 6.00 6.00 5.00 6.00 6.00 6.00 5.00 6.00 5.00 7.00 7.00 8.00 6.00 6.00 8.00 10.01 11.00 13.01 15.01 17.01 25.03 28.04 23.04 20.02 20.02 20.01 17.01 17.01 21.03 17.03 14.00 13.00 14.00 14.00 15.00 16.00 14.00 14.00 16.00 17.00 17.00 16.00 17.00 19.00 20.00 21.00 21.00 21.00 25.01 29.01 48.92 91.74 133.61 157.63 136.82 127.88
9.96 7.02 5.04 4.04 4.09 3.99 3.94 3.94 5.23 5.09 5.00 7.07 7.94 6.00 3.99 4.99 5.08 5.99 6.00 5.09 6.86 5.91 5.91 6.06 5.90 6.05 6.04 6.04 6.95 6.07 6.17 8.17 11.05 11.17 14.03 17.10 19.26 30.94 35.83 30.78 25.35 23.26 20.07 18.14 18.14 23.01 22.13 15.20 14.31 13.13 13.99 14.91 15.91 15.04 15.13 16.09 17.96 17.09 17.13 18.04 19.09 20.09 22.04 22.21 23.18 26.13 30.83 39.05 63.99 89.65 111.47 106.98 116.58
5.98 6.41 6.12 5.12 4.89 4.23 4.20 4.40 6.94 5.87 5.00 5.73 4.79 5.09 4.16 5.43 6.27 6.23 6.00 5.82 5.29 5.13 5.11 5.77 5.36 5.98 7.07 7.05 6.95 7.50 8.30 10.34 10.95 13.09 14.40 16.98 21.50 30.35 30.56 35.08 25.44 23.19 21.47 18.84 18.87 21.86 21.74 17.75 17.01 14.91 14.18 14.11 15.11 15.18 16.25 17.05 16.91 18.07 18.07 18.18 20.05 21.05 22.20 24.39 24.27 27.07 28.01 33.42 74.82 102.61 134.68 110.46 132.38
2.65 3.55 5.32 4.28 3.59 4.73 5.12 6.19 5.93 4.93 5.00 4.88 5.00 6.84 5.80 6.89 7.07 6.65 6.04 5.69 6.85 6.07 6.50 5.27 6.81 6.38 6.96 7.30 7.64 8.72 9.75 11.03 11.64 13.77 16.10 17.25 23.83 43.19 39.71 34.99 22.99 20.68 23.15 18.27 18.01 22.98 25.08 20.09 15.84 14.22 15.41 15.37 16.41 16.41 17.41 17.34 17.30 17.96 17.91 19.33 20.30 21.34 23.12 24.35 25.07 27.04 28.73 32.33 58.49 72.28 106.60 112.81 132.46
2.57 1.81 3.81 3.30 2.75 3.81 4.51 5.51 6.12 5.00 5.06 5.61 5.06 7.27 6.70 4.96 7.06 6.98 5.45 6.15 5.32 6.00 6.08 6.12 5.94 6.51 7.49 8.55 9.68 8.92 11.07 11.43 13.56 13.96 16.43 18.92 25.07 41.68 48.29 37.19 25.41 24.11 23.25 19.00 17.14 25.80 27.63 21.41 16.86 15.43 16.06 16.49 17.00 16.94 18.00 18.00 18.49 18.43 18.92 21.04 21.49 22.00 22.39 23.36 25.00 26.45 27.94 29.89 60.87 73.88 118.13 152.51 139.73
5.26 2.94 4.64 4.76 4.85 5.21 3.81 4.95 4.72 5.07 4.29 4.69 4.29 4.56 5.31 3.76 6.29 7.45 5.59 4.69 6.16 6.00 4.91 5.36 6.00 6.67 8.12 9.12 9.41 10.02 11.64 12.69 14.69 14.68 17.47 21.30 25.57 39.41 47.29 30.91 27.84 19.78 20.29 19.49 14.48 24.55 27.87 23.56 19.30 17.25 15.93 17.76 17.71 18.35 18.57 18.57 19.69 19.69 20.66 22.02 22.69 22.57 23.23 24.05 24.93 26.59 27.93 28.84 51.90 68.62 102.57 165.85 181.21
1.62 3.01 5.26 4.10 7.07 6.83 5.49 5.07 4.02 4.22 4.68 4.66 4.61 4.66 4.90 5.42 6.75 6.97 5.95 7.48 7.98 6.07 5.07 5.05 6.00 6.17 7.29 8.22 8.97 10.85 12.03 12.95 15.10 17.49 20.15 22.69 26.66 40.38 45.72 26.44 34.65 14.26 20.46 21.37 15.37 26.15 31.10 26.15 20.62 18.69 16.71 17.25 17.25 18.34 19.73 19.59 19.95 19.88 21.73 22.71 22.95 23.81 24.05 23.93 25.71 27.03 28.85 29.92 46.17 64.26 73.42 127.98 165.02
-2.08 0.20 2.21 5.98 4.15 7.11 6.86 3.99 2.99 3.94 5.91 5.80 6.86 5.91 5.90 7.87 7.06 7.00 6.85 6.12 6.21 5.10 4.05 4.10 6.00 6.94 6.09 8.04 9.00 10.11 12.05 13.95 14.05 19.76 23.57 24.70 28.60 34.71 36.95 34.35 45.48 16.35 20.54 24.61 17.29 28.30 38.82 29.51 23.55 20.60 17.75 16.78 16.83 17.04 21.01 22.76 20.90 21.85 22.91 23.96 23.95 24.01 23.89 24.85 26.91 26.95 28.06 28.10 38.67 64.25 72.17 96.17 145.07
-4.36 -2.68 -0.14 2.42 7.01 5.01 8.02 5.96 4.96 4.99 6.01 7.98 5.98 6.00 6.00 7.01 6.00 7.01 7.99 7.96 5.98 5.00 4.98 3.99 6.00 6.01 6.00 7.01 9.01 10.01 11.02 13.01 14.98 20.94 26.94 26.96 32.96 49.85 52.72 32.01 40.04 22.80 29.85 26.91 27.79 38.79 49.82 33.91 26.93 24.95 20.93 20.94 19.95 17.98 19.03 22.02 20.99 20.99 22.97 22.98 23.00 24.00 25.99 25.98 26.99 27.99 28.99 29.96 37.88 58.61 76.31 91.62 123.19
-4.33 -3.31 -1.64 0.30 2.16 5.85 4.82 6.92 5.96 5.06 4.89 8.01 9.12 5.92 6.05 7.00 7.11 6.02 8.00 9.04 8.15 5.12 6.04 5.04 5.93 5.93 6.00 7.00 8.02 9.08 10.08 13.00 16.17 25.36 29.26 28.06 32.04 46.83 59.50 35.43 42.44 34.17 33.18 33.11 36.68 47.50 55.03 38.39 30.41 25.29 24.30 22.16 21.03 19.02 18.98 20.89 21.97 23.08 26.06 26.12 24.16 24.05 25.02 26.97 28.04 28.05 29.05 31.35 50.34 104.30 141.81 132.63 127.50
-3.70 -3.20 -2.63 -1.64 0.36 2.31 3.74 4.90 5.46 6.20 4.27 7.66 8.85 5.41 7.39 7.00 7.69 7.05 7.83 8.96 8.86 7.13 6.02 5.17 5.09 5.07 6.15 7.17 9.26 11.29 12.48 13.15 17.96 27.65 32.49 30.72 39.28 52.40 48.32 40.32 34.38 30.49 34.26 31.13 42.91 50.28 54.56 43.05 36.11 30.96 27.30 24.44 21.29 19.63 19.65 20.24 21.26 23.13 24.90 26.13 26.48 25.73 26.20 26.26 28.15 29.41 30.39 36.50 63.04 143.65 208.56 181.81 117.00
-3.55 -3.16 -2.97 -2.53 -1.37 0.19 2.16 4.52 7.92 7.72 6.22 5.89 7.70 8.83 9.45 6.96 6.46 7.30 6.96 9.68 8.57 7.00 5.62 6.04 6.38 6.68 7.38 8.04 9.73 12.38 14.15 14.34 16.85 25.50 35.40 40.73 60.55 77.48 59.82 39.58 49.32 32.97 34.66 34.25 45.18 52.37 64.08 48.28 41.43 35.06 29.21 26.72 23.98 24.17 23.90 22.76 23.45 24.68 25.53 27.61 28.07 29.56 27.61 28.38 29.30 31.11 32.41 36.85 54.24 114.37 172.08 170.37 121.07
-3.60 -3.27 -3.25 -3.10 -2.51 -1.45 0.41 2.36 7.23 8.80 4.98 5.55 6.03 10.19 10.07 7.39 8.13 8.18 6.49 10.23 9.74 6.94 5.78 6.45 7.12 8.13 8.07 8.51 9.33 13.12 14.06 15.40 17.85 25.72 33.03 41.18 66.84 82.82 76.78 50.21 60.92 31.03 35.11 38.51 44.88 58.53 63.10 54.13 45.61 38.66 32.88 28.53 26.99 26.65 25.08 24.02 23.90 25.96 28.04 30.04 28.85 30.46 29.92 29.97 30.97 31.39 33.40 39.71 51.79 80.48 137.01 149.34 110.65
-3.87 -3.67 -3.67 -3.55 -2.94 -2.05 -1.05 0.29 4.00 7.03 5.10 5.02 4.97 9.54 10.07 8.79 8.00 6.73 6.55 8.90 8.42 7.60 7.70 7.05 6.33 8.07 8.07 8.38 10.65 12.40 13.26 17.25 19.70 24.52 29.03 41.53 71.53 95.39 105.07 53.61 56.66 33.12 39.38 40.58 52.14 67.44 68.08 66.95 52.59 44.39 36.76 29.30 29.16 26.91 25.39 24.99 25.59 27.73 29.03 31.03 30.49 31.44 32.16 30.89 31.96 32.51 35.25 42.74 55.04 87.48 138.16 112.68 89.56
-4.13 -4.16 -4.21 -4.07 -3.33 -2.45 -1.92 -1.13 0.58 3.09 6.06 4.03 4.11 7.55 9.48 7.54 8.07 6.76 7.10 9.15 7.22 8.03 8.03 7.07 6.79 7.25 7.18 8.57 11.03 11.90 14.39 18.21 20.03 23.85 26.79 37.81 48.98 98.17 133.45 64.14 53.93 40.74 34.16 49.67 54.76 74.48 75.11 74.94 60.20 51.51 42.95 33.46 31.04 28.05 27.90 28.00 28.96 29.54 29.52 31.67 33.27 34.27 34.48 33.24 33.42 34.45 35.92 48.67 56.43 87.68 131.31 87.62 75.68
-4.37 -4.63 -4.74 -4.59 -3.75 -2.80 -2.36 -1.88 -0.99 0.23 5.88 6.60 5.79 6.10 6.26 6.97 7.19 6.14 5.95 7.14 6.99 8.00 8.12 6.13 6.14 7.05 7.74 10.81 11.00 12.93 15.90 16.14 20.00 29.33 29.25 33.25 38.23 98.94 121.68 66.00 69.90 42.22 50.91 58.79 63.67 72.26 78.39 82.17 68.53 54.52 42.48 37.95 37.58 33.71 32.97 32.16 34.09 33.32 32.44 32.76 33.92 34.86 35.72 33.86 34.90 35.78 37.50 54.17 68.57 83.89 113.75 73.96 65.16
-4.60 -4.82 -4.94 -4.84 -4.13 -3.29 -2.82 -2.37 -1.86 -0.94 8.13 7.03 4.99 5.97 7.91 6.98 6.01 6.00 8.90 8.83 6.95 8.00 6.04 6.00 6.00 5.98 9.99 10.08 11.02 12.06 16.03 17.96 19.98 28.10 32.83 33.84 39.83 64.84 84.94 61.02 75.89 57.69 60.51 81.93 80.48 74.60 68.28 67.82 63.01 59.22 54.21 48.38 47.50 43.49 40.58 38.59 39.70 36.71 35.78 34.84 35.84 37.80 38.83 36.80 34.93 37.86 41.72 62.05 53.58 61.99 70.66 62.43 62.08
-4.89 -4.97 -5.03 -4.94 -4.41 -3.75 -3.25 -2.75 -2.34 -1.57 -0.00 5.79 7.03 6.99 8.95 8.11 7.07 6.04 8.96 13.12 9.05 8.00 7.03 6.04 6.04 8.02 7.94 7.94 9.97 11.01 14.97 17.01 21.07 27.01 36.10 38.99 44.08 73.38 88.56 65.31 76.38 51.33 73.65 98.85 83.42 86.46 69.87 54.07 71.01 86.12 72.07 61.93 57.70 53.65 49.62 48.62 46.45 45.51 41.43 39.35 40.40 42.34 42.23 41.33 38.34 41.22 47.97 51.23 52.54 47.77 52.51 56.87 60.90
-5.35 -5.34 -5.21 -4.98 -4.48 -3.94 -3.60 -3.25 -2.83 -2.11 -0.77 0.76 5.45 6.06 6.88 9.71 8.23 7.20 7.80 12.61 9.28 7.99 6.99 6.91 6.91 7.08 8.15 8.26 10.26 12.05 15.00 18.05 22.19 28.10 35.32 34.78 42.87 76.11 98.77 69.81 87.26 66.86 85.18 113.07 91.34 58.14 64.33 64.90 63.89 94.63 92.09 79.70 71.03 66.83 62.64 59.62 56.15 54.76 50.65 48.14 50.14 48.77 46.88 48.14 46.53 46.39 46.86 72.46 100.53 56.26 51.36 56.28 58.45
-5.82 -5.68 -5.37 -5.00 -4.54 -4.12 -3.90 -3.66 -3.24 -2.61 -1.74 -0.39 1.75 7.55 6.97 6.71 8.54 8.07 6.89 9.25 11.05 8.20 7.27 6.19 6.16 8.07 8.78 10.41 12.45 12.23 14.97 18.30 23.47 27.27 30.46 34.57 40.66 66.31 78.92 64.35 91.68 75.42 102.50 131.79 85.01 45.35 60.59 57.43 56.90 76.96 100.96 92.75 84.31 85.51 77.67 71.52 73.85 68.93 67.15 69.26 60.99 51.32 52.23 54.18 57.09 60.21 73.16 114.75 134.72 91.98 57.72 55.37 55.39
-6.18 -5.89 -5.46 -5.05 -4.71 -4.42 -4.15 -3.87 -3.60 -3.20 -2.66 -1.66 0.27 5.57 7.46 7.87 6.81 7.95 7.30 7.70 12.28 9.78 8.02 7.02 7.53 8.00 8.29 11.07 12.66 13.43 15.41 18.66 22.43 23.97 28.75 31.74 35.88 48.70 56.92 65.61 100.14 84.51 98.99 145.19 98.43 71.49 59.41 55.38 53.40 53.30 68.09 93.97 105.54 100.98 89.79 92.80 94.50 90.61 95.25 86.02 62.59 54.12 57.58 60.95 66.78 73.29 90.53 148.24 160.14 142.55 101.60 71.81 65.72
-6.61 -6.14 -5.56 -5.06 -4.83 -4.67 -4.40 -4.14 -3.99 -3.77 -3.45 -2.74 -1.34 0.49 7.63 8.62 7.56 8.56 9.24 9.75 13.68 12.23 8.42 7.56 7.50 8.00 9.68 10.93 11.88 14.68 16.06 18.01 19.84 22.96 26.41 28.71 34.19 50.69 63.80 69.13 112.69 98.13 105.95 158.02 115.97 78.59 61.53 58.86 55.04 53.76 63.17 90.21 132.55 116.87 108.65 111.48 115.10 112.28 100.41 72.97 72.69 58.37 63.42 72.24 79.65 76.07 112.20 144.17 153.63 161.89 135.23 87.37 72.81
-7.07 -6.47 -5.71 -5.08 -4.91 -4.86 -4.68 -4.50 -4.41 -4.28 -4.07 -3.56 -2.66 -0.95 5.82 7.33 8.18 9.26 9.52 10.48 12.33 12.78 10.30 7.96 6.96 8.00 9.26 11.78 12.71 14.33 16.00 17.22 19.22 22.37 24.55 27.93 35.67 47.07 55.62 68.34 106.35 106.11 116.60 151.09 124.04 80.52 62.15 59.18 55.19 55.74 63.14 85.39 124.51 134.98 118.15 114.40 124.66 119.29 78.07 75.46 68.72 45.05 58.69 71.33 87.74 81.79 109.87 121.09 141.04 158.85 130.54 99.61 70.27
-7.41 -6.79 -5.97 -5.29 -5.13 -5.12 -4.97 -4.83 -4.76 -4.64 -4.43 -3.98 -3.31 -1.85 1.96 6.15 6.26 6.49 7.31 9.08 11.15 16.54 12.97 8.90 7.00 8.00 9.82 11.18 13.08 14.05 15.93 17.82 19.82 21.15 23.90 28.00 32.69 42.67 57.49 68.53 109.26 112.58 115.41 134.78 118.97 89.39 65.02 61.16 61.48 65.01 63.98 70.01 82.81 92.68 90.93 99.92 105.08 83.48 71.53 76.40 54.39 46.61 70.10 90.89 90.35 94.70 126.81 133.46 175.00 181.15 131.20 98.99 74.05
