Instances/RekaBuorYuryakh/GMRTv3_4_20171110topo.asc
ncols 1001
nrows 233
xllcorner 132.95654296875
yllcorner 71.33246695946693
cellsize 0.002197265625
nodata_value -2147483648
[rows 165 to 197 of 232, columns 380 to 455 of 1001]
-4.99 -4.99 -4.99 -4.99 -4.99 -4.99 -4.99 -4.99 -4.99 -4.99 -4.99 -4.99 -4.99 -4.99 -4.99 -4.99 -4.99 -4.99 -4.99 -5.00 -5.00 -5.00 -5.01 -5.02 -5.03 -5.05 -5.05 -5.06 -5.06 -5.05 -5.05 -5.05 -5.05 -5.05 -5.05 -5.05 -5.05 -5.06 -5.05 -5.03 -5.00 -4.99 -5.02 -5.13 -5.30 -5.48 -5.63 -5.76 -5.88 -5.98 -6.04 -6.07 -6.05 -6.03 -6.01 -6.01 -6.01 -6.01 -6.01 -6.01 -6.01 -6.01 -6.01 -6.01 -6.01 -6.01 -6.01 -6.01 -6.01 -6.01 -6.01 -6.01 -6.01 -6.01 -6.00 -6.00
-5.00 -5.00 -5.00 -5.00 -5.00 -5.00 -5.00 -5.00 -5.00 -5.00 -5.00 -5.00 -5.00 -5.00 -5.00 -5.00 -5.00 -5.00 -5.00 -5.00 -4.99 -4.99 -4.98 -4.97 -4.96 -4.95 -4.94 -4.94 -4.94 -4.94 -4.94 -4.94 -4.94 -4.94 -4.94 -4.94 -4.94 -4.95 -4.94 -4.92 -4.89 -4.88 -4.91 -5.02 -5.17 -5.34 -5.48 -5.60 -5.71 -5.80 -5.87 -5.89 -5.88 -5.85 -5.84 -5.83 -5.83 -5.84 -5.84 -5.84 -5.84 -5.84 -5.84 -5.84 -5.84 -5.83 -5.84 -5.83 -5.83 -5.83 -5.85 -5.88 -5.92 -5.97 -6.00 -6.02
-5.00 -5.00 -5.00 -5.00 -5.00 -5.00 -5.00 -5.00 -5.00 -5.00 -5.00 -5.00 -5.00 -5.00 -5.00 -5.00 -5.00 -5.00 -5.00 -5.00 -4.99 -4.99 -4.98 -4.97 -4.96 -4.95 -4.94 -4.93 -4.93 -4.94 -4.94 -4.94 -4.94 -4.94 -4.94 -4.94 -4.94 -4.94 -4.94 -4.93 -4.90 -4.90 -4.92 -4.99 -5.09 -5.20 -5.30 -5.38 -5.45 -5.52 -5.56 -5.57 -5.56 -5.55 -5.54 -5.54 -5.54 -5.54 -5.54 -5.54 -5.54 -5.54 -5.54 -5.54 -5.53 -5.53 -5.53 -5.53 -5.52 -5.53 -5.57 -5.66 -5.79 -5.92 -6.01 -6.05
-5.00 -5.00 -5.00 -5.00 -5.00 -5.00 -5.00 -5.00 -5.00 -5.00 -5.00 -5.00 -5.00 -5.00 -5.00 -5.00 -5.00 -5.00 -5.00 -5.00 -5.00 -4.99 -4.99 -4.99 -4.98 -4.97 -4.97 -4.97 -4.97 -4.97 -4.97 -4.97 -4.97 -4.97 -4.97 -4.97 -4.97 -4.97 -4.97 -4.96 -4.96 -4.95 -4.96 -4.99 -5.04 -5.09 -5.13 -5.17 -5.20 -5.23 -5.24 -5.25 -5.25 -5.24 -5.24 -5.23 -5.23 -5.24 -5.24 -5.24 -5.24 -5.24 -5.24 -5.23 -5.23 -5.22 -5.23 -5.22 -5.21 -5.22 -5.29 -5.43 -5.63 -5.84 -5.99 -6.05
-5.00 -5.00 -5.00 -5.00 -5.00 -5.00 -5.00 -5.00 -5.00 -5.00 -5.00 -5.00 -5.00 -5.00 -5.00 -5.00 -5.00 -5.00 -5.00 -5.00 -5.00 -5.00 -5.00 -5.00 -5.00 -5.00 -5.00 -5.00 -5.00 -5.00 -5.00 -5.00 -5.00 -5.00 -5.00 -5.00 -5.00 -5.00 -5.00 -5.00 -4.99 -4.99 -5.00 -5.00 -5.00 -5.01 -5.01 -5.01 -5.02 -5.02 -5.02 -5.02 -5.02 -5.02 -5.02 -5.02 -5.02 -5.02 -5.02 -5.02 -5.02 -5.02 -5.02 -5.02 -5.01 -5.01 -5.01 -5.01 -4.99 -5.01 -5.08 -5.25 -5.48 -5.72 -5.89 -5.97
-5.03 -5.03 -5.03 -5.02 -5.02 -5.03 -5.03 -5.03 -5.03 -5.03 -5.03 -5.03 -5.03 -5.03 -5.03 -5.03 -5.03 -5.03 -5.03 -5.02 -5.02 -5.02 -5.02 -5.01 -5.01 -5.00 -5.00 -5.00 -5.00 -5.00 -5.00 -5.00 -5.00 -5.00 -5.00 -5.00 -5.00 -5.00 -5.00 -5.00 -5.00 -5.01 -5.00 -4.99 -4.98 -4.97 -4.96 -4.95 -4.94 -4.94 -4.93 -4.93 -4.93 -4.93 -4.93 -4.93 -4.93 -4.93 -4.93 -4.93 -4.93 -4.93 -4.93 -4.93 -4.93 -4.92 -4.93 -4.92 -4.91 -4.92 -4.99 -5.13 -5.34 -5.55 -5.70 -5.77
-5.07 -5.07 -5.06 -5.06 -5.06 -5.06 -5.06 -5.06 -5.06 -5.06 -5.06 -5.06 -5.06 -5.06 -5.06 -5.06 -5.06 -5.07 -5.06 -5.06 -5.06 -5.05 -5.04 -5.03 -5.02 -5.01 -5.00 -5.00 -5.00 -5.00 -5.00 -5.00 -5.00 -5.00 -5.00 -5.00 -5.00 -5.00 -5.00 -5.00 -5.00 -5.00 -5.00 -5.00 -4.99 -4.97 -4.97 -4.96 -4.95 -4.95 -4.94 -4.94 -4.94 -4.94 -4.94 -4.94 -4.94 -4.94 -4.94 -4.94 -4.94 -4.94 -4.94 -4.94 -4.94 -4.94 -4.94 -4.93 -4.93 -4.94 -4.98 -5.07 -5.20 -5.33 -5.42 -5.47
-5.08 -5.07 -5.06 -5.06 -5.06 -5.06 -5.06 -5.06 -5.06 -5.06 -5.06 -5.06 -5.06 -5.06 -5.06 -5.06 -5.06 -5.06 -5.06 -5.06 -5.06 -5.05 -5.04 -5.03 -5.02 -5.01 -5.00 -4.99 -5.00 -5.00 -5.00 -5.00 -5.00 -5.00 -5.00 -5.00 -5.00 -5.00 -5.00 -5.00 -5.00 -5.00 -5.00 -5.00 -4.99 -4.99 -4.99 -4.98 -4.98 -4.98 -4.98 -4.98 -4.98 -4.98 -4.98 -4.98 -4.98 -4.98 -4.98 -4.98 -4.98 -4.98 -4.98 -4.98 -4.98 -4.98 -4.98 -4.98 -4.97 -4.98 -4.99 -5.03 -5.07 -5.12 -5.16 -5.17
-4.98 -4.97 -4.96 -4.96 -4.96 -4.96 -4.96 -4.96 -4.96 -4.95 -4.95 -4.95 -4.95 -4.95 -4.95 -4.95 -4.95 -4.95 -4.95 -4.95 -4.96 -4.96 -4.97 -4.98 -4.99 -5.00 -5.01 -5.01 -5.01 -5.01 -5.01 -5.01 -5.01 -5.01 -5.01 -5.01 -5.01 -5.01 -5.01 -5.01 -5.01 -5.00 -5.00 -5.00 -5.00 -5.00 -5.00 -5.00 -5.00 -5.00 -5.00 -5.00 -5.00 -5.00 -5.00 -5.00 -5.00 -5.00 -5.00 -5.00 -5.00 -5.00 -5.00 -5.00 -5.00 -5.00 -5.00 -5.00 -5.00 -5.00 -5.00 -5.00 -5.00 -5.00 -4.99 -4.99
-4.77 -4.76 -4.76 -4.76 -4.76 -4.76 -4.75 -4.75 -4.74 -4.73 -4.73 -4.72 -4.72 -4.73 -4.72 -4.72 -4.71 -4.71 -4.72 -4.73 -4.75 -4.78 -4.82 -4.87 -4.93 -5.00 -5.04 -5.05 -5.05 -5.04 -5.03 -5.03 -5.03 -5.03 -5.03 -5.03 -5.03 -5.04 -5.03 -5.03 -5.03 -5.02 -5.01 -5.01 -5.01 -5.00 -5.00 -5.00 -5.00 -5.00 -5.00 -5.00 -5.00 -5.00 -5.00 -5.00 -5.00 -5.00 -5.00 -5.00 -5.00 -5.00 -5.00 -5.00 -5.00 -5.00 -5.00 -5.00 -5.00 -5.00 -5.00 -4.98 -4.97 -4.95 -4.94 -4.93
-4.49 -4.48 -4.48 -4.48 -4.48 -4.47 -4.47 -4.46 -4.44 -4.42 -4.41 -4.41 -4.41 -4.41 -4.41 -4.40 -4.39 -4.38 -4.39 -4.43 -4.47 -4.53 -4.61 -4.72 -4.86 -4.99 -5.08 -5.11 -5.10 -5.08 -5.07 -5.07 -5.07 -5.07 -5.07 -5.07 -5.07 -5.07 -5.07 -5.06 -5.05 -5.04 -5.03 -5.02 -5.01 -5.00 -5.00 -5.00 -5.00 -5.00 -5.00 -5.00 -5.00 -5.00 -5.00 -5.00 -5.00 -5.00 -5.00 -5.00 -5.00 -5.00 -5.00 -5.00 -5.00 -5.00 -5.00 -5.00 -5.00 -5.00 -5.00 -4.99 -4.98 -4.96 -4.95 -4.95
-4.18 -4.18 -4.18 -4.18 -4.18 -4.17 -4.17 -4.16 -4.15 -4.14 -4.13 -4.12 -4.13 -4.13 -4.13 -4.11 -4.09 -4.09 -4.10 -4.15 -4.21 -4.29 -4.40 -4.56 -4.75 -4.94 -5.07 -5.11 -5.10 -5.07 -5.05 -5.05 -5.05 -5.05 -5.05 -5.05 -5.05 -5.05 -5.05 -5.05 -5.04 -5.03 -5.02 -5.01 -5.01 -5.00 -5.00 -5.00 -5.00 -5.00 -5.00 -5.00 -5.00 -5.00 -5.00 -5.00 -5.00 -5.00 -5.00 -5.00 -5.00 -5.00 -5.00 -5.00 -5.00 -5.00 -5.00 -5.00 -5.00 -5.00 -5.00 -5.00 -4.99 -4.99 -4.99 -4.99
-3.89 -3.89 -3.89 -3.89 -3.89 -3.89 -3.90 -3.92 -3.94 -3.96 -3.98 -3.99 -3.99 -3.99 -3.98 -3.97 -3.95 -3.94 -3.96 -4.00 -4.07 -4.15 -4.26 -4.42 -4.62 -4.82 -4.95 -4.99 -4.98 -4.94 -4.92 -4.92 -4.92 -4.92 -4.92 -4.91 -4.91 -4.91 -4.91 -4.92 -4.94 -4.95 -4.97 -4.98 -4.99 -5.01 -5.01 -5.02 -5.02 -5.01 -5.01 -5.01 -5.01 -5.01 -5.01 -5.01 -5.01 -5.01 -5.01 -5.01 -5.01 -5.01 -5.01 -5.01 -5.01 -5.00 -5.00 -5.00 -5.00 -5.00 -5.00 -5.00 -5.00 -5.00 -5.00 -5.00
-3.58 -3.58 -3.59 -3.59 -3.59 -3.61 -3.64 -3.71 -3.80 -3.89 -3.96 -3.98 -3.99 -3.98 -3.98 -3.97 -3.95 -3.94 -3.95 -3.99 -4.04 -4.10 -4.19 -4.31 -4.47 -4.62 -4.72 -4.75 -4.74 -4.71 -4.69 -4.68 -4.67 -4.67 -4.66 -4.65 -4.64 -4.63 -4.65 -4.69 -4.75 -4.81 -4.87 -4.92 -4.98 -5.02 -5.06 -5.07 -5.06 -5.05 -5.04 -5.04 -5.04 -5.04 -5.04 -5.04 -5.04 -5.04 -5.04 -5.04 -5.04 -5.04 -5.04 -5.03 -5.02 -5.01 -5.01 -5.00 -5.00 -5.00 -5.00 -5.00 -5.00 -5.00 -5.00 -5.00
-3.29 -3.29 -3.29 -3.30 -3.31 -3.33 -3.40 -3.52 -3.70 -3.87 -3.99 -4.04 -4.05 -4.04 -4.03 -4.02 -4.01 -4.01 -4.01 -4.03 -4.06 -4.09 -4.14 -4.21 -4.29 -4.37 -4.43 -4.44 -4.43 -4.41 -4.39 -4.38 -4.37 -4.36 -4.35 -4.33 -4.31 -4.30 -4.32 -4.40 -4.51 -4.63 -4.74 -4.85 -4.95 -5.03 -5.09 -5.11 -5.10 -5.08 -5.07 -5.06 -5.06 -5.07 -5.07 -5.07 -5.07 -5.07 -5.07 -5.07 -5.07 -5.07 -5.07 -5.05 -5.04 -5.02 -5.01 -5.00 -5.00 -5.00 -5.00 -5.00 -5.00 -5.00 -5.00 -5.00
-3.06 -3.06 -3.06 -3.07 -3.08 -3.11 -3.20 -3.36 -3.60 -3.83 -3.99 -4.05 -4.06 -4.04 -4.03 -4.03 -4.03 -4.02 -4.02 -4.03 -4.03 -4.04 -4.05 -4.07 -4.09 -4.11 -4.12 -4.12 -4.12 -4.11 -4.10 -4.10 -4.09 -4.09 -4.08 -4.06 -4.03 -4.02 -4.05 -4.15 -4.30 -4.46 -4.61 -4.74 -4.87 -4.99 -5.07 -5.09 -5.08 -5.05 -5.03 -5.03 -5.03 -5.03 -5.03 -5.03 -5.03 -5.03 -5.03 -5.03 -5.03 -5.03 -5.03 -5.03 -5.02 -5.01 -5.01 -5.00 -5.00 -5.00 -5.00 -5.00 -5.00 -5.00 -5.00 -5.00
-3.01 -2.99 -2.98 -2.98 -2.98 -3.01 -3.09 -3.25 -3.48 -3.71 -3.86 -3.92 -3.92 -3.90 -3.88 -3.88 -3.88 -3.88 -3.87 -3.87 -3.87 -3.86 -3.86 -3.85 -3.84 -3.83 -3.82 -3.83 -3.85 -3.87 -3.89 -3.91 -3.94 -3.96 -3.98 -3.96 -3.93 -3.91 -3.94 -4.03 -4.18 -4.34 -4.48 -4.61 -4.73 -4.85 -4.92 -4.95 -4.93 -4.91 -4.89 -4.89 -4.89 -4.89 -4.89 -4.89 -4.89 -4.89 -4.89 -4.88 -4.88 -4.87 -4.88 -4.90 -4.93 -4.97 -4.99 -5.00 -5.01 -5.01 -5.02 -5.02 -5.02 -5.02 -5.02 -5.02
-3.16 -3.09 -3.04 -3.02 -3.01 -3.02 -3.08 -3.20 -3.37 -3.54 -3.65 -3.68 -3.66 -3.63 -3.60 -3.60 -3.60 -3.60 -3.60 -3.59 -3.59 -3.58 -3.57 -3.56 -3.53 -3.51 -3.51 -3.54 -3.59 -3.65 -3.71 -3.78 -3.87 -3.95 -4.00 -4.00 -3.97 -3.95 -3.96 -4.03 -4.13 -4.25 -4.35 -4.44 -4.53 -4.61 -4.67 -4.69 -4.68 -4.66 -4.65 -4.64 -4.64 -4.65 -4.65 -4.65 -4.65 -4.65 -4.64 -4.63 -4.61 -4.59 -4.61 -4.68 -4.79 -4.90 -4.98 -5.02 -5.04 -5.05 -5.06 -5.06 -5.06 -5.05 -5.05 -5.05
-3.25 -3.16 -3.10 -3.07 -3.05 -3.05 -3.07 -3.14 -3.23 -3.32 -3.38 -3.38 -3.35 -3.31 -3.29 -3.28 -3.28 -3.28 -3.28 -3.28 -3.28 -3.28 -3.27 -3.25 -3.22 -3.21 -3.22 -3.27 -3.35 -3.45 -3.56 -3.68 -3.83 -3.96 -4.06 -4.08 -4.06 -4.02 -4.02 -4.05 -4.10 -4.16 -4.21 -4.25 -4.30 -4.34 -4.36 -4.37 -4.37 -4.36 -4.35 -4.35 -4.35 -4.35 -4.35 -4.35 -4.35 -4.35 -4.35 -4.33 -4.29 -4.28 -4.32 -4.44 -4.62 -4.80 -4.94 -5.01 -5.05 -5.06 -5.08 -5.09 -5.08 -5.07 -5.07 -5.07
-3.07 -3.06 -3.41 -4.14 -3.03 -3.03 -3.04 -3.04 -3.06 -3.07 -3.08 -3.08 -3.07 -3.06 -3.06 -3.06 -3.06 -3.05 -3.05 -3.05 -3.06 -3.06 -3.05 -3.04 -3.01 -3.00 -3.02 -3.09 -3.18 -3.30 -3.43 -3.58 -3.76 -3.93 -4.04 -4.07 -4.06 -4.02 -4.00 -4.01 -4.01 -4.02 -4.03 -4.04 -4.05 -4.05 -4.06 -4.06 -4.06 -4.06 -4.06 -4.06 -4.06 -4.06 -4.06 -4.06 -4.05 -4.05 -4.05 -4.03 -4.01 -4.01 -4.07 -4.22 -4.45 -4.68 -4.85 -4.94 -4.99 -5.01 -5.03 -5.04 -5.03 -5.02 -5.01 -5.01
-2.47 -2.69 -2.95 5.55 -2.98 -3.68 -3.95 -3.57 -2.90 -2.84 5.84 3.19 -2.92 -3.00 -3.05 -3.06 -3.05 -3.03 -3.02 -3.02 -3.03 -3.03 -3.03 -3.02 -3.00 -2.99 -3.01 -3.07 -3.15 -3.25 -3.35 -3.48 -3.63 -3.76 -3.85 -3.88 -3.87 -3.84 -3.82 -3.81 -3.81 -3.81 -3.81 -3.80 -3.80 -3.79 -3.79 -3.79 -3.79 -3.79 -3.79 -3.79 -3.79 -3.79 -3.79 -3.78 -3.77 -3.76 -3.77 -3.78 -3.81 -3.85 -3.94 -4.10 -4.32 -4.54 -4.70 -4.79 -4.83 -4.85 -4.86 -4.87 -4.86 -4.85 -4.85 -4.85
-1.62 -2.20 -2.63 -2.87 -2.99 -3.06 -3.08 -2.99 -2.81 -2.68 -2.63 -2.73 -2.92 -3.12 -3.25 -3.28 -3.25 -3.21 -3.18 -3.18 -3.18 -3.19 -3.19 -3.19 -3.19 -3.19 -3.20 -3.23 -3.26 -3.30 -3.34 -3.39 -3.45 -3.51 -3.54 -3.55 -3.53 -3.51 -3.49 -3.50 -3.51 -3.52 -3.53 -3.53 -3.53 -3.53 -3.52 -3.52 -3.52 -3.52 -3.52 -3.53 -3.53 -3.53 -3.52 -3.50 -3.47 -3.46 -3.48 -3.55 -3.65 -3.77 -3.90 -4.05 -4.22 -4.38 -4.50 -4.56 -4.58 -4.59 -4.59 -4.60 -4.60 -4.59 -4.59 -4.59
-0.31 -1.27 -2.00 -2.41 -2.62 -2.69 -2.72 -2.64 -2.44 -2.25 -2.20 -2.39 -2.71 -3.05 -3.28 -3.34 -3.31 -3.25 -3.22 -3.22 -3.22 -3.23 -3.23 -3.24 -3.24 -3.25 -3.25 -3.25 -3.25 -3.24 -3.24 -3.23 -3.23 -3.22 -3.21 -3.20 -3.19 -3.17 -3.17 -3.18 -3.20 -3.22 -3.24 -3.25 -3.26 -3.26 -3.26 -3.27 -3.27 -3.26 -3.26 -3.26 -3.27 -3.26 -3.26 -3.24 -3.20 -3.18 -3.22 -3.34 -3.51 -3.71 -3.87 -3.99 -4.11 -4.20 -4.27 -4.30 -4.31 -4.30 -4.30 -4.30 -4.30 -4.29 -4.29 -4.29
1.67 0.38 -0.60 -1.18 -1.50 -1.65 -1.74 -1.70 -1.50 -1.32 -1.32 -1.61 -2.09 -2.58 -2.92 -3.06 -3.07 -3.03 -3.01 -3.02 -3.01 -2.09 -1.31 1.17 -2.98 -2.98 -2.98 -2.99 -3.00 -3.02 -3.03 -1.85 -3.07 -3.09 -3.10 -3.11 -3.11 -3.10 -3.10 -3.09 -3.07 -3.05 -3.04 -3.02 -3.01 -3.00 -2.99 -2.99 -2.99 -2.99 -2.99 -2.99 -2.98 -2.98 -2.98 -2.97 -2.95 -2.95 -3.01 -3.16 -3.38 -3.61 -3.78 -3.88 -3.94 -3.98 -4.01 -4.02 -4.01 -4.00 -3.99 -3.99 -3.99 -3.99 -4.00 -4.00
4.48 2.95 1.76 1.01 0.56 0.29 0.09 0.03 0.14 0.24 0.13 -0.31 -0.95 -1.61 2.30 -2.49 -2.47 -2.51 -2.54 -2.55 12.14 -2.48 -2.44 -2.40 -2.35 -2.32 -2.33 -2.39 -2.50 -2.63 -2.76 -3.95 3.24 -0.54 -3.40 -3.68 -3.50 -3.50 -3.46 -3.38 -3.25 -3.10 -2.99 -2.90 -2.82 -2.75 -2.71 -2.68 -2.67 -2.68 -2.68 -2.67 -2.66 -2.66 -2.67 -2.70 -2.73 -2.78 -2.87 -3.03 -3.25 -3.45 -3.60 -3.68 -3.70 -3.71 -3.71 -3.72 -3.71 -3.71 -3.70 -3.70 -3.70 -3.71 -3.71 -3.71
6.82 6.54 4.93 4.01 3.39 2.96 2.60 2.39 2.35 2.30 2.03 1.40 0.56 -0.29 0.67 0.54 -1.62 -1.79 -1.90 -1.93 9.00 -1.77 -1.68 -1.58 -1.46 -1.38 -1.41 -1.58 -1.84 -2.16 -2.49 -2.88 -3.34 -3.76 -4.06 -4.62 -4.31 -4.31 -4.22 -4.02 -3.70 -3.36 -3.08 -2.86 -2.67 -2.52 -2.40 -2.34 -2.33 -2.33 -2.33 -2.32 -2.30 -2.30 -2.33 -2.42 -2.53 -2.66 -2.80 -2.94 -3.11 -3.26 -3.37 -3.41 -3.40 -3.38 -3.37 -3.38 -3.38 -3.39 -3.40 -3.40 -3.40 -3.41 -3.41 -3.40
14.05 15.61 8.57 7.02 6.62 6.04 5.52 5.16 4.96 4.74 4.32 3.55 2.57 1.58 0.79 0.24 -0.17 -0.46 -0.64 -0.68 2.86 5.98 6.96 -0.17 0.01 0.13 0.08 -0.17 -0.56 -1.05 -1.56 -2.16 -2.86 -3.51 -3.99 -4.26 -4.40 -4.42 -4.32 -4.07 -3.67 -3.23 -2.88 -2.62 -2.41 -2.24 -2.11 -2.05 -2.04 -2.06 -2.06 -2.04 -2.02 -2.01 -2.06 -2.19 -2.37 -2.57 -2.74 -2.86 -2.98 -3.07 -3.13 -3.15 -3.13 -3.10 -3.09 -3.09 -3.10 -3.12 -3.13 -3.13 -3.14 -3.14 -3.14 -3.14
7.53 5.62 4.53 6.32 8.90 9.53 8.90 8.39 8.04 7.67 7.13 6.31 5.31 4.30 3.48 2.87 2.36 1.99 1.75 1.68 2.16 2.35 5.11 7.86 1.71 2.57 2.52 2.23 1.78 1.23 0.63 -0.08 -0.90 -1.68 -2.27 -2.64 -2.86 -2.97 -2.99 -2.88 -2.64 -2.37 -2.18 -2.10 -2.07 -2.06 -2.06 -2.07 -2.10 -2.13 -2.15 -2.14 -2.11 -2.10 -2.15 -2.30 -2.51 -2.73 -2.89 -2.99 -3.06 -3.10 -3.13 5.90 4.10 -3.16 -3.16 -3.15 -3.13 -3.11 -3.09 -3.07 -3.05 -3.04 -3.02 -3.00
7.11 6.03 7.10 8.12 8.40 13.84 13.08 12.42 11.65 11.13 10.52 9.74 8.85 7.98 7.23 6.61 6.07 5.64 5.36 5.27 5.34 5.49 5.61 5.75 5.86 6.71 5.98 5.71 5.10 4.77 4.18 3.49 2.67 1.87 6.66 0.77 0.43 0.17 -0.10 -0.34 -0.54 -0.75 -0.99 -1.32 -1.70 -2.06 -2.33 -2.50 -2.59 -2.64 -2.68 -2.69 -2.68 -2.67 -2.71 -2.84 -3.03 -3.21 -3.35 -3.41 -3.43 -3.44 -3.46 -3.57 -3.66 -3.67 11.69 14.19 13.09 9.86 -3.36 -3.28 -3.20 -3.13 -3.07 -3.02
5.98 9.02 7.00 6.00 6.98 8.00 8.01 6.00 6.99 6.97 7.94 7.94 12.98 12.41 11.82 11.25 10.70 10.24 9.93 9.81 9.85 9.95 10.03 10.12 10.24 10.32 10.26 10.05 9.72 9.30 8.80 8.19 7.47 6.73 6.06 5.52 5.05 4.57 3.97 3.23 2.38 1.49 0.62 -0.28 -1.24 -2.11 -2.76 -3.14 -3.32 -3.40 -3.47 -3.52 -3.52 -3.51 -3.54 -3.63 -3.75 -3.88 -3.96 -3.98 -3.95 -3.93 -3.96 -4.07 -4.25 -4.41 -4.47 -4.52 -4.36 -4.11 3.99 -3.64 -3.48 -3.35 -3.23 -3.13
4.21 4.95 5.84 4.36 6.39 8.10 11.05 9.95 9.25 9.16 7.91 7.98 8.21 8.09 6.11 4.24 4.47 3.66 3.82 13.53 14.48 14.59 14.67 14.70 14.64 14.68 14.63 14.48 14.27 13.97 13.59 13.10 12.52 11.88 11.23 10.64 10.07 8.68 7.98 7.14 5.87 4.36 2.91 1.46 -0.03 -1.38 -2.41 -3.02 -3.32 -3.45 -3.56 -3.63 -3.61 -3.56 -3.55 -3.58 -3.63 -3.67 -3.71 -3.70 -3.66 -3.64 -3.68 -3.85 -4.09 -4.31 -4.41 -4.31 -4.09 -3.84 -3.63 -3.48 -3.36 -3.25 -3.16 -3.09
4.78 4.58 6.29 5.52 10.03 8.01 7.39 7.97 6.21 11.35 13.53 12.69 12.88 13.15 12.15 11.57 13.67 13.81 11.18 8.78 7.96 7.43 4.27 2.64 1.93 4.14 14.91 14.85 19.24 19.07 18.79 17.96 17.55 17.06 16.49 34.28 111.37 85.26 51.64 10.79 10.14 8.19 6.33 4.49 2.59 0.85 -0.49 -1.34 -1.82 -2.09 -2.26 -2.32 -2.20 -2.03 -1.91 -1.84 -1.79 -1.76 -1.74 -1.75 -1.78 -1.83 -1.92 -2.08 -2.29 -2.49 -2.61 -2.59 -2.48 -2.37 -2.33 -2.40 -2.53 -2.68 -2.81 -2.93
5.88 10.08 12.98 8.91 12.53 11.98 10.36 5.96 8.12 10.91 15.46 15.12 14.35 15.97 17.53 15.36 12.37 11.32 8.98 7.36 7.36 6.35 6.48 6.03 3.89 3.84 4.31 4.47 5.02 4.36 5.00 3.91 3.93 15.27 15.49 20.37 19.98 19.08 19.01 17.33 15.26 13.04 10.90 8.76 6.54 4.50 2.87 1.76 1.01 0.55 0.28 0.27 0.56 0.94 1.23 1.43 1.61 1.74 1.79 1.72 1.56 1.37 1.21 1.10 1.01 0.91 0.77 0.63 0.49 0.29 -0.02 -0.50 -1.11 -1.73 -2.27 -2.71
