Instances/RekaBuorYuryakh/GMRTv3_4_20171110topo.asc
ncols 1001
nrows 233
xllcorner 132.95654296875
yllcorner 71.33246695946693
cellsize 0.002197265625
nodata_value -2147483648
[rows 165 to 197 of 232, columns 456 to 531 of 1001]
-6.00 -6.00 -6.00 -6.00 -6.00 -6.00 -6.00 -6.00 -6.00 -6.00 -6.00 -6.00 -6.00 -6.00 -6.00 -6.00 -6.00 -6.00 -6.00 -6.00 -6.00 -6.00 -6.00 -6.00 -6.00 -6.00 -6.00 -6.00 -6.00 -6.00 -6.00 -6.00 -6.00 -6.00 -6.00 -6.00 -6.00 -6.00 -6.00 -6.00 -6.00 -6.00 -6.00 -6.00 -5.99 -5.99 -5.99 -5.99 -5.99 -5.99 -5.99 -5.99 -5.99 -5.99 -5.99 -5.99 -5.99 -5.99 -5.99 -5.99 -5.99 -5.99 -5.99 -5.99 -5.99 -5.99 -6.00 -6.01 -6.02 -6.04 -6.05 -6.05 -6.05 -6.05 -6.05 -6.05
-6.02 -6.02 -6.02 -6.02 -6.02 -6.02 -6.02 -6.02 -6.02 -6.02 -6.02 -6.02 -6.02 -6.02 -6.02 -6.02 -6.02 -6.02 -6.02 -6.02 -6.02 -6.02 -6.02 -6.02 -6.02 -6.01 -6.01 -6.01 -6.00 -6.00 -6.00 -6.00 -6.00 -6.00 -6.00 -6.00 -6.00 -6.00 -6.00 -6.00 -6.00 -6.00 -6.00 -6.00 -6.00 -6.00 -6.00 -6.00 -6.00 -6.00 -6.00 -6.00 -6.00 -6.00 -6.00 -6.00 -6.00 -6.00 -6.00 -6.00 -6.00 -6.00 -6.00 -6.00 -6.00 -6.00 -6.00 -5.99 -5.97 -5.96 -5.95 -5.94 -5.94 -5.94 -5.94 -5.94
-6.06 -6.06 -6.06 -6.07 -6.06 -6.06 -6.06 -6.06 -6.06 -6.06 -6.06 -6.06 -6.06 -6.06 -6.06 -6.06 -6.06 -6.06 -6.06 -6.06 -6.06 -6.06 -6.06 -6.06 -6.05 -6.04 -6.04 -6.03 -6.02 -6.01 -6.00 -6.00 -6.00 -6.00 -6.00 -6.00 -6.00 -6.00 -6.00 -6.00 -6.00 -6.00 -6.00 -6.00 -6.00 -6.00 -6.00 -6.00 -6.00 -6.00 -6.00 -6.00 -6.00 -6.00 -6.00 -6.00 -6.00 -6.00 -6.00 -6.00 -6.00 -6.00 -6.00 -6.00 -6.00 -6.00 -6.00 -5.99 -5.97 -5.96 -5.94 -5.94 -5.94 -5.94 -5.94 -5.94
-6.08 -6.08 -6.08 -6.08 -6.08 -6.07 -6.07 -6.07 -6.07 -6.07 -6.07 -6.07 -6.07 -6.07 -6.07 -6.07 -6.07 -6.07 -6.07 -6.07 -6.07 -6.07 -6.07 -6.06 -6.06 -6.05 -6.04 -6.03 -6.02 -6.00 -6.00 -5.99 -5.99 -6.00 -6.00 -6.00 -6.00 -6.00 -6.00 -6.00 -6.00 -6.00 -6.00 -6.00 -6.00 -6.00 -6.00 -6.00 -6.00 -6.00 -6.00 -6.00 -6.00 -6.00 -6.00 -6.00 -6.00 -6.00 -6.00 -6.00 -6.00 -6.00 -6.00 -6.00 -6.00 -6.00 -6.00 -5.99 -5.99 -5.98 -5.97 -5.97 -5.97 -5.97 -5.97 -5.97
-6.00 -6.00 -6.00 -6.00 -6.00 -5.99 -5.99 -5.98 -5.98 -5.99 -5.99 -5.99 -5.99 -5.99 -5.99 -5.99 -5.99 -5.99 -5.99 -5.99 -5.98 -5.98 -5.99 -5.99 -5.99 -5.99 -5.99 -6.00 -6.00 -6.00 -6.01 -6.01 -6.01 -6.00 -6.00 -6.00 -6.00 -6.00 -6.00 -6.00 -6.00 -6.00 -6.00 -6.00 -6.00 -6.00 -6.00 -6.00 -6.00 -6.00 -6.00 -6.00 -6.00 -6.00 -6.00 -6.00 -6.00 -6.00 -6.00 -6.00 -6.00 -6.00 -6.00 -6.00 -6.00 -6.00 -6.00 -6.00 -6.00 -6.00 -6.00 -6.00 -6.00 -6.00 -6.00 -6.00
-5.79 -5.79 -5.79 -5.80 -5.79 -5.79 -5.78 -5.78 -5.78 -5.78 -5.78 -5.78 -5.78 -5.78 -5.78 -5.78 -5.78 -5.78 -5.78 -5.78 -5.77 -5.77 -5.78 -5.79 -5.82 -5.84 -5.88 -5.92 -5.96 -6.00 -6.03 -6.04 -6.04 -6.03 -6.03 -6.02 -6.02 -6.02 -6.03 -6.03 -6.03 -6.03 -6.03 -6.02 -6.02 -6.01 -6.01 -6.01 -6.00 -6.00 -6.00 -6.00 -6.00 -6.00 -6.00 -6.00 -6.00 -6.00 -6.00 -6.00 -6.00 -6.00 -6.00 -6.00 -6.00 -6.00 -6.00 -6.00 -6.00 -6.00 -6.00 -6.00 -6.00 -6.00 -6.00 -6.00
-5.48 -5.48 -5.48 -5.48 -5.48 -5.48 -5.47 -5.47 -5.47 -5.47 -5.47 -5.47 -5.47 -5.47 -5.47 -5.47 -5.48 -5.48 -5.47 -5.46 -5.45 -5.44 -5.46 -5.49 -5.55 -5.62 -5.70 -5.79 -5.91 -6.01 -6.08 -6.10 -6.10 -6.08 -6.06 -6.06 -6.06 -6.06 -6.06 -6.06 -6.07 -6.07 -6.06 -6.06 -6.05 -6.03 -6.02 -6.01 -6.01 -6.00 -6.00 -6.00 -6.00 -6.00 -6.00 -6.00 -6.00 -6.00 -6.00 -6.00 -6.00 -6.00 -6.00 -6.00 -6.00 -6.00 -6.00 -6.00 -6.00 -6.00 -6.00 -6.00 -6.00 -6.00 -6.00 -6.00
-5.18 -5.18 -5.18 -5.18 -5.18 -5.18 -5.18 -5.18 -5.18 -5.18 -5.18 -5.18 -5.18 -5.18 -5.18 -5.18 -5.18 -5.18 -5.18 -5.16 -5.14 -5.13 -5.15 -5.21 -5.29 -5.40 -5.52 -5.66 -5.83 -5.98 -6.09 -6.12 -6.11 -6.08 -6.06 -6.06 -6.06 -6.06 -6.06 -6.06 -6.06 -6.07 -6.06 -6.06 -6.04 -6.03 -6.02 -6.01 -6.01 -6.00 -6.00 -6.00 -6.00 -6.00 -6.00 -6.00 -6.00 -6.00 -6.00 -6.00 -6.00 -6.00 -6.00 -6.00 -6.00 -6.00 -6.00 -6.00 -6.00 -6.00 -6.00 -6.00 -6.00 -6.00 -6.00 -6.00
-4.99 -4.99 -4.99 -4.99 -4.99 -4.99 -4.99 -4.99 -4.99 -4.99 -4.99 -4.99 -4.99 -4.99 -4.99 -5.00 -5.00 -5.00 -4.99 -4.98 -4.95 -4.94 -4.96 -5.03 -5.12 -5.24 -5.36 -5.52 -5.70 -5.87 -5.98 -6.02 -6.01 -5.97 -5.95 -5.95 -5.95 -5.95 -5.95 -5.95 -5.95 -5.95 -5.95 -5.96 -5.97 -5.98 -5.99 -5.99 -6.00 -6.01 -6.01 -6.01 -6.01 -6.01 -6.01 -6.01 -6.01 -6.01 -6.01 -6.01 -6.01 -6.01 -6.01 -6.01 -6.01 -6.01 -6.01 -6.01 -6.01 -6.01 -6.01 -6.01 -6.01 -6.01 -6.01 -6.01
-4.93 -4.93 -4.93 -4.93 -4.93 -4.93 -4.93 -4.93 -4.93 -4.93 -4.93 -4.93 -4.93 -4.93 -4.93 -4.93 -4.93 -4.93 -4.93 -4.92 -4.90 -4.89 -4.90 -4.96 -5.04 -5.13 -5.23 -5.36 -5.51 -5.65 -5.75 -5.78 -5.77 -5.74 -5.73 -5.72 -5.72 -5.73 -5.72 -5.72 -5.71 -5.70 -5.72 -5.75 -5.81 -5.87 -5.92 -5.96 -6.00 -6.02 -6.04 -6.05 -6.05 -6.04 -6.03 -6.03 -6.03 -6.03 -6.03 -6.03 -6.03 -6.03 -6.03 -6.03 -6.03 -6.03 -6.03 -6.03 -6.03 -6.03 -6.03 -6.03 -6.03 -6.03 -6.03 -6.03
-4.95 -4.95 -4.95 -4.95 -4.95 -4.95 -4.95 -4.95 -4.95 -4.95 -4.95 -4.95 -4.95 -4.95 -4.95 -4.95 -4.95 -4.95 -4.95 -4.94 -4.93 -4.92 -4.93 -4.96 -5.01 -5.07 -5.13 -5.20 -5.29 -5.37 -5.43 -5.44 -5.44 -5.42 -5.41 -5.41 -5.41 -5.41 -5.41 -5.40 -5.37 -5.37 -5.39 -5.47 -5.59 -5.72 -5.83 -5.91 -5.99 -6.05 -6.09 -6.10 -6.09 -6.08 -6.07 -6.06 -6.06 -6.07 -6.07 -6.07 -6.07 -6.07 -6.07 -6.07 -6.07 -6.07 -6.07 -6.07 -6.07 -6.07 -6.07 -6.07 -6.07 -6.07 -6.07 -6.07
-4.99 -4.99 -4.99 -4.99 -4.99 -4.99 -4.99 -4.99 -4.99 -4.99 -4.99 -4.99 -4.99 -4.99 -4.99 -4.99 -4.99 -4.99 -4.99 -4.98 -4.98 -4.98 -4.98 -4.99 -5.00 -5.02 -5.04 -5.06 -5.09 -5.11 -5.13 -5.14 -5.13 -5.13 -5.13 -5.13 -5.13 -5.13 -5.13 -5.11 -5.07 -5.06 -5.10 -5.21 -5.38 -5.57 -5.72 -5.83 -5.94 -6.02 -6.08 -6.10 -6.09 -6.06 -6.05 -6.05 -6.05 -6.05 -6.05 -6.05 -6.05 -6.05 -6.05 -6.05 -6.05 -6.05 -6.05 -6.05 -6.05 -6.05 -6.05 -6.05 -6.05 -6.05 -6.05 -6.05
-5.00 -5.00 -5.00 -5.00 -5.00 -5.00 -5.00 -5.00 -5.00 -5.00 -5.00 -5.00 -5.00 -5.00 -5.00 -5.00 -5.00 -5.00 -5.00 -5.00 -5.00 -5.00 -5.00 -5.00 -5.00 -4.99 -4.99 -4.98 -4.98 -4.98 -4.97 -4.97 -4.97 -4.97 -4.97 -4.97 -4.97 -4.97 -4.97 -4.95 -4.92 -4.91 -4.95 -5.06 -5.24 -5.42 -5.58 -5.70 -5.80 -5.89 -5.94 -5.96 -5.95 -5.93 -5.92 -5.91 -5.91 -5.91 -5.92 -5.92 -5.92 -5.92 -5.92 -5.92 -5.92 -5.92 -5.92 -5.92 -5.92 -5.92 -5.92 -5.92 -5.92 -5.92 -5.92 -5.92
-5.00 -5.00 -5.00 -5.00 -5.00 -5.00 -5.00 -5.00 -5.00 -5.00 -5.00 -5.00 -5.00 -5.00 -5.00 -5.00 -5.00 -5.00 -5.00 -5.00 -5.00 -5.00 -5.00 -5.00 -4.99 -4.98 -4.97 -4.96 -4.95 -4.94 -4.93 -4.93 -4.93 -4.93 -4.93 -4.93 -4.93 -4.93 -4.93 -4.91 -4.89 -4.88 -4.91 -5.00 -5.13 -5.28 -5.40 -5.49 -5.57 -5.64 -5.68 -5.70 -5.69 -5.67 -5.66 -5.66 -5.66 -5.66 -5.66 -5.66 -5.66 -5.66 -5.66 -5.66 -5.66 -5.66 -5.66 -5.66 -5.66 -5.66 -5.66 -5.66 -5.66 -5.66 -5.66 -5.66
-5.00 -5.00 -5.00 -5.00 -5.00 -5.00 -5.00 -5.00 -5.00 -5.00 -5.00 -5.00 -5.00 -5.00 -5.00 -5.00 -5.00 -5.00 -5.00 -5.00 -5.00 -5.00 -5.00 -5.00 -4.99 -4.99 -4.98 -4.98 -4.97 -4.96 -4.95 -4.95 -4.95 -4.95 -4.95 -4.96 -4.96 -4.96 -4.95 -4.95 -4.93 -4.93 -4.94 -4.99 -5.06 -5.14 -5.21 -5.26 -5.30 -5.34 -5.36 -5.37 -5.36 -5.36 -5.35 -5.35 -5.35 -5.35 -5.35 -5.35 -5.35 -5.35 -5.35 -5.35 -5.35 -5.35 -5.35 -5.35 -5.35 -5.35 -5.35 -5.35 -5.35 -5.35 -5.35 -5.35
-5.00 -5.00 -5.00 -5.00 -5.00 -5.00 -5.00 -5.00 -5.00 -5.00 -5.00 -5.00 -5.00 -5.00 -5.00 -5.00 -5.00 -5.00 -5.00 -5.00 -5.00 -5.00 -5.00 -5.00 -5.00 -5.00 -5.00 -5.00 -4.99 -4.99 -4.99 -4.99 -4.99 -4.99 -4.99 -4.99 -4.99 -4.99 -4.99 -4.99 -4.99 -4.99 -4.99 -5.00 -5.02 -5.03 -5.05 -5.06 -5.07 -5.08 -5.08 -5.09 -5.09 -5.08 -5.08 -5.08 -5.08 -5.08 -5.08 -5.08 -5.08 -5.08 -5.08 -5.08 -5.08 -5.08 -5.08 -5.08 -5.08 -5.08 -5.08 -5.08 -5.08 -5.08 -5.08 -5.08
-5.02 -5.02 -5.02 -5.02 -5.02 -5.02 -5.02 -5.02 -5.02 -5.02 -5.02 -5.02 -5.02 -5.02 -5.02 -5.02 -5.02 -5.02 -5.02 -5.02 -5.02 -5.02 -5.02 -5.01 -5.01 -5.01 -5.01 -5.01 -5.00 -5.00 -5.00 -5.00 -5.00 -5.00 -5.00 -5.00 -5.00 -5.00 -5.00 -5.00 -5.00 -5.00 -5.00 -5.00 -4.99 -4.98 -4.97 -4.97 -4.96 -4.96 -4.95 -4.95 -4.95 -4.96 -4.96 -4.96 -4.96 -4.96 -4.96 -4.96 -4.96 -4.96 -4.96 -4.96 -4.96 -4.96 -4.96 -4.96 -4.96 -4.96 -4.96 -4.96 -4.96 -4.96 -4.96 -4.96
-5.05 -5.05 -5.05 -5.05 -5.05 -5.05 -5.05 -5.05 -5.05 -5.05 -5.05 -5.05 -5.05 -5.05 -5.05 -5.05 -5.05 -5.05 -5.05 -5.05 -5.05 -5.05 -5.05 -5.05 -5.04 -5.04 -5.03 -5.02 -5.01 -5.00 -5.00 -5.00 -5.00 -5.00 -5.00 -5.00 -5.00 -5.00 -5.00 -5.00 -5.00 -5.01 -5.00 -4.99 -4.98 -4.97 -4.96 -4.95 -4.94 -4.94 -4.93 -4.93 -4.93 -4.93 -4.93 -4.93 -4.93 -4.93 -4.93 -4.93 -4.93 -4.93 -4.93 -4.93 -4.93 -4.93 -4.93 -4.93 -4.93 -4.93 -4.93 -4.93 -4.93 -4.93 -4.93 -4.93
-5.07 -5.07 -5.07 -5.07 -5.07 -5.07 -5.07 -5.07 -5.07 -5.07 -5.07 -5.07 -5.07 -5.07 -5.07 -5.07 -5.07 -5.07 -5.07 -5.07 -5.07 -5.07 -5.07 -5.06 -5.06 -5.05 -5.04 -5.03 -5.02 -5.01 -5.00 -4.99 -5.00 -5.00 -5.00 -5.00 -5.00 -5.00 -5.00 -5.00 -5.00 -5.00 -5.00 -5.00 -4.99 -4.98 -4.98 -4.97 -4.97 -4.96 -4.96 -4.96 -4.96 -4.96 -4.96 -4.96 -4.96 -4.96 -4.96 -4.96 -4.96 -4.96 -4.96 -4.96 -4.96 -4.96 -4.96 -4.96 -4.96 -4.96 -4.96 -4.96 -4.96 -4.96 -4.96 -4.96
-5.01 -5.01 -5.01 -5.01 -5.01 -5.01 -5.01 -5.01 -5.01 -5.01 -5.01 -5.01 -5.01 -5.01 -5.01 -5.01 -5.01 -5.01 -5.01 -5.01 -5.01 -5.01 -5.01 -5.01 -5.01 -5.01 -5.01 -5.01 -5.00 -5.00 -5.00 -5.00 -5.00 -5.00 -5.00 -5.00 -5.00 -5.00 -5.00 -5.00 -5.00 -5.00 -5.00 -5.00 -5.00 -5.00 -5.00 -5.00 -5.00 -5.00 -4.99 -4.99 -4.99 -5.00 -5.00 -5.00 -5.00 -5.00 -5.00 -5.00 -5.00 -5.00 -5.00 -5.00 -5.00 -5.00 -5.00 -5.00 -5.00 -5.00 -5.00 -5.00 -5.00 -5.00 -5.00 -5.00
-4.85 -4.85 -4.85 -4.85 -4.85 -4.85 -4.84 -4.84 -4.83 -4.83 -4.83 -4.83 -4.83 -4.83 -4.83 -4.83 -4.83 -4.83 -4.83 -4.82 -4.82 -4.82 -4.82 -4.83 -4.85 -4.88 -4.90 -4.93 -4.97 -5.00 -5.03 -5.03 -5.03 -5.02 -5.02 -5.02 -5.02 -5.02 -5.02 -5.02 -5.02 -5.02 -5.02 -5.02 -5.01 -5.01 -5.01 -5.00 -5.00 -5.00 -5.00 -5.00 -5.00 -5.00 -5.00 -5.00 -5.00 -5.00 -5.00 -5.00 -5.00 -5.00 -5.00 -5.00 -5.00 -5.00 -5.00 -5.00 -5.00 -5.00 -5.00 -5.00 -5.00 -5.00 -5.00 -5.00
-4.59 -4.59 -4.59 -4.59 -4.58 -4.58 -4.58 -4.57 -4.55 -4.54 -4.53 -4.52 -4.52 -4.53 -4.53 -4.53 -4.53 -4.53 -4.53 -4.52 -4.50 -4.50 -4.51 -4.54 -4.60 -4.66 -4.73 -4.82 -4.92 -5.01 -5.08 -5.10 -5.09 -5.07 -5.06 -5.06 -5.06 -5.06 -5.06 -5.06 -5.06 -5.06 -5.06 -5.05 -5.04 -5.03 -5.02 -5.01 -5.01 -5.00 -5.00 -5.00 -5.00 -5.00 -5.00 -5.00 -5.00 -5.00 -5.00 -5.00 -5.00 -5.00 -5.00 -5.00 -5.00 -5.00 -5.00 -5.00 -5.00 -5.00 -5.00 -5.00 -5.00 -5.00 -5.00 -5.00
-4.29 -4.29 -4.29 -4.29 -4.29 -4.29 -4.28 -4.27 -4.25 -4.24 -4.23 -4.22 -4.22 -4.22 -4.23 -4.23 -4.23 -4.23 -4.23 -4.21 -4.19 -4.18 -4.20 -4.25 -4.34 -4.44 -4.55 -4.68 -4.84 -4.99 -5.09 -5.12 -5.11 -5.08 -5.06 -5.06 -5.06 -5.06 -5.06 -5.07 -5.07 -5.07 -5.07 -5.06 -5.05 -5.03 -5.02 -5.01 -5.01 -5.00 -5.00 -5.00 -5.00 -5.00 -5.00 -5.00 -5.00 -5.00 -5.00 -5.00 -5.00 -5.00 -5.00 -5.00 -5.00 -5.00 -5.00 -5.00 -5.00 -5.00 -5.00 -5.00 -5.00 -5.00 -5.00 -5.00
-3.99 -3.99 -3.99 -4.00 -4.00 -4.00 -4.00 -4.00 -4.01 -4.01 -4.02 -4.02 -4.02 -4.02 -4.02 -4.02 -4.02 -4.02 -4.02 -4.00 -3.98 -3.97 -3.99 -4.05 -4.15 -4.26 -4.39 -4.55 -4.73 -4.90 -5.02 -5.05 -5.04 -5.01 -4.99 -4.98 -4.98 -4.98 -4.98 -4.98 -4.98 -4.98 -4.98 -4.98 -4.99 -4.99 -5.00 -5.00 -5.00 -5.00 -5.01 -5.01 -5.01 -5.01 -5.00 -5.00 -5.00 -5.00 -5.00 -5.00 -5.00 -5.00 -5.00 -5.00 -5.00 -5.01 -5.00 -5.00 -5.01 -5.00 -5.00 -5.00 -5.00 -5.00 -5.00 -5.00
-3.70 -3.70 -3.70 -3.71 -3.71 -3.72 -3.75 -3.79 -3.85 -3.91 -3.95 -3.97 -3.97 -3.97 -3.96 -3.96 -3.96 -3.96 -3.96 -3.95 -3.93 -3.91 -3.93 -3.99 -4.07 -4.17 -4.28 -4.42 -4.58 -4.73 -4.83 -4.86 -4.85 -4.82 -4.80 -4.80 -4.79 -4.79 -4.79 -4.78 -4.76 -4.76 -4.77 -4.80 -4.84 -4.89 -4.94 -4.97 -5.00 -5.02 -5.03 -5.04 -5.04 -5.03 -5.03 -5.03 -5.03 -5.03 -5.03 -5.03 -5.03 -5.03 -5.03 -5.03 -5.03 -5.03 -5.03 -5.03 -5.03 -5.03 -5.02 -5.02 -5.01 -5.01 -5.00 -5.00
-3.40 -3.39 -3.40 -3.41 -3.42 -3.44 -3.50 -3.61 -3.75 -3.89 -3.99 -4.03 -4.03 -4.02 -4.01 -4.01 -4.01 -4.01 -4.01 -4.00 -3.99 -3.98 -3.99 -4.03 -4.08 -4.14 -4.21 -4.29 -4.39 -4.48 -4.54 -4.56 -4.56 -4.54 -4.53 -4.52 -4.51 -4.50 -4.49 -4.47 -4.44 -4.42 -4.44 -4.51 -4.63 -4.75 -4.85 -4.92 -4.99 -5.05 -5.08 -5.10 -5.09 -5.07 -5.06 -5.06 -5.06 -5.06 -5.06 -5.06 -5.06 -5.06 -5.06 -5.06 -5.06 -5.07 -5.06 -5.06 -5.07 -5.06 -5.06 -5.05 -5.03 -5.02 -5.00 -5.00
-3.13 -3.13 -3.14 -3.15 -3.17 -3.20 -3.29 -3.45 -3.66 -3.87 -4.02 -4.07 -4.08 -4.06 -4.05 -4.05 -4.04 -4.04 -4.04 -4.04 -4.03 -4.03 -4.03 -4.05 -4.06 -4.09 -4.11 -4.14 -4.18 -4.21 -4.23 -4.24 -4.24 -4.24 -4.23 -4.22 -4.22 -4.21 -4.20 -4.17 -4.13 -4.11 -4.14 -4.25 -4.41 -4.59 -4.74 -4.85 -4.95 -5.03 -5.08 -5.10 -5.09 -5.07 -5.06 -5.06 -5.06 -5.06 -5.06 -5.06 -5.06 -5.06 -5.06 -5.06 -5.06 -5.06 -5.06 -5.06 -5.06 -5.06 -5.05 -5.04 -5.03 -5.01 -5.00 -5.00
-2.99 -2.97 -2.97 -2.98 -3.00 -3.04 -3.13 -3.30 -3.53 -3.76 -3.91 -3.98 -3.98 -3.96 -3.94 -3.94 -3.94 -3.94 -3.94 -3.94 -3.94 -3.94 -3.94 -3.94 -3.94 -3.94 -3.94 -3.94 -3.94 -3.94 -3.94 -3.93 -3.93 -3.93 -3.93 -3.94 -3.95 -3.96 -3.97 -3.96 -3.93 -3.93 -3.97 -4.09 -4.27 -4.45 -4.61 -4.73 -4.84 -4.93 -4.98 -5.00 -4.99 -4.97 -4.96 -4.95 -4.95 -4.95 -4.96 -4.96 -4.96 -4.96 -4.95 -4.95 -4.95 -4.95 -4.95 -4.95 -4.95 -4.95 -4.95 -4.96 -4.98 -4.99 -5.00 -5.01
-2.97 -2.94 -2.92 -2.91 -2.92 -2.95 -3.02 -3.15 -3.34 -3.53 -3.66 -3.71 -3.71 -3.70 -3.69 -3.69 -3.69 -3.68 -3.68 -3.68 -3.68 -3.68 -3.68 -3.68 -3.68 -3.67 -3.67 -3.66 -3.65 -3.65 -3.64 -3.64 -3.63 -3.62 -3.63 -3.67 -3.72 -3.77 -3.82 -3.84 -3.86 -3.89 -3.95 -4.06 -4.20 -4.34 -4.47 -4.56 -4.65 -4.72 -4.77 -4.79 -4.78 -4.76 -4.75 -4.75 -4.75 -4.75 -4.75 -4.75 -4.75 -4.75 -4.75 -4.74 -4.73 -4.72 -4.72 -4.71 -4.71 -4.72 -4.74 -4.80 -4.87 -4.95 -5.01 -5.03
-3.05 -2.99 -2.95 -2.92 -2.91 -2.92 -2.95 -3.03 -3.14 -3.24 -3.32 -3.35 -3.35 -3.34 -3.33 -3.33 -3.33 -3.33 -3.33 -3.33 -3.33 -3.33 -3.33 -3.33 -3.33 -3.34 -3.34 -3.34 -3.35 -3.35 -3.35 -3.34 -3.31 -3.30 -3.32 -3.39 -3.49 -3.61 -3.71 -3.79 -3.87 -3.95 -4.03 -4.10 -4.18 -4.24 -4.30 -4.36 -4.41 -4.45 -4.48 -4.49 -4.48 -4.47 -4.46 -4.46 -4.46 -4.47 -4.47 -4.47 -4.47 -4.47 -4.46 -4.45 -4.43 -4.41 -4.40 -4.39 -4.39 -4.40 -4.45 -4.57 -4.73 -4.90 -5.02 -5.07
-3.04 -3.00 -2.97 -2.95 -2.94 -2.94 -2.94 -2.96 -2.99 -3.03 -3.05 -3.06 -3.06 -3.06 -3.05 -3.05 -3.06 -3.06 -3.06 -3.05 -3.05 -3.05 -3.05 -3.06 -3.06 -3.07 -3.07 -3.08 -3.09 -3.10 -3.10 -3.09 -3.05 -3.04 -3.07 -3.16 -3.30 -3.46 -3.60 -3.73 -3.86 -3.98 -4.06 -4.11 -4.12 -4.12 -4.12 -4.13 -4.15 -4.16 -4.17 -4.17 -4.17 -4.17 -4.17 -4.17 -4.17 -4.17 -4.17 -4.17 -4.17 -4.17 -4.16 -4.15 -4.13 -4.12 -4.11 -4.11 -4.10 -4.12 -4.19 -4.35 -4.58 -4.81 -4.98 -5.05
-3.03 -3.13 2.67 2.66 -3.28 2.64 -3.30 -3.31 -3.31 -3.30 -3.30 -3.29 -3.29 -3.28 -3.28 -3.27 -3.26 -3.26 -3.26 -3.26 -3.27 -3.28 -3.27 -3.26 1.03 3.45 4.52 -1.25 -3.08 -3.04 -3.01 -2.98 -2.95 -2.94 -2.97 -3.07 -3.21 -3.36 -3.50 -3.63 -3.76 -3.87 -3.94 -3.96 -3.94 -3.90 -3.88 -3.88 -3.88 -3.88 -3.88 -3.88 -3.88 -3.88 -3.88 -3.88 -3.88 -3.88 -3.88 -3.87 -3.87 -3.87 -3.88 -3.89 -3.91 -3.93 -3.96 -3.96 -3.96 -3.98 -4.06 -4.22 -4.45 -4.68 -4.85 -4.92
-3.10 -3.44 -3.70 -3.88 -3.98 -4.03 -4.08 -4.11 -4.11 -4.10 -4.09 -4.08 -4.06 -4.04 -4.02 -4.00 -3.97 -3.95 -3.95 -3.96 -3.99 -4.02 0.47 4.14 2.72 4.12 4.94 2.15 -3.32 -3.17 -3.06 -3.01 -2.99 -3.00 -3.03 -3.10 -3.21 -3.33 -3.43 -3.50 -3.57 -3.63 -3.67 -3.67 -3.64 -3.61 -3.59 -3.58 -3.58 -3.58 -3.58 -3.58 -3.58 -3.58 -3.58 -3.58 -3.58 -3.58 -3.58 -3.57 -3.57 -3.57 -3.59 -3.66 -3.75 -3.84 -3.91 -3.94 -3.96 -3.98 -4.04 -4.17 -4.34 -4.52 -4.64 -4.69
