Instances/RekaBuorYuryakh/GMRTv3_4_20171110topo.asc
ncols 1001
nrows 233
xllcorner 132.95654296875
yllcorner 71.33246695946693
cellsize 0.002197265625
nodata_value -2147483648
[rows 132 to 164 of 232, columns 684 to 759 of 1001]
-10.00 -10.00 -10.00 -10.00 -10.00 -10.00 -10.00 -10.00 -10.00 -10.00 -10.00 -10.00 -10.00 -10.00 -10.00 -10.00 -10.00 -10.00 -10.00 -10.00 -10.00 -10.00 -10.00 -10.00 -10.00 -10.00 -10.00 -10.00 -10.00 -10.00 -10.00 -10.00 -10.00 -10.00 -10.00 -10.00 -10.00 -10.00 -10.00 -10.00 -10.00 -10.00 -10.00 -10.00 -10.00 -10.00 -10.00 -10.00 -10.00 -10.00 -10.00 -10.00 -10.01 -10.01 -10.02 -10.02 -10.02 -10.02 -10.02 -10.02 -10.02 -10.02 -10.02 -10.02 -10.02 -10.02 -10.02 -10.02 -10.02 -10.02 -10.02 -10.02 -10.03 -10.03 -10.03 -10.02
-10.00 -10.00 -10.00 -10.00 -10.00 -10.00 -10.00 -10.00 -10.00 -10.00 -10.00 -10.00 -10.00 -10.00 -10.00 -10.00 -10.00 -10.00 -10.00 -10.00 -10.00 -10.00 -10.00 -10.00 -10.00 -10.00 -10.00 -10.00 -10.00 -10.00 -10.00 -10.00 -10.00 -10.00 -10.00 -10.00 -10.00 -10.00 -10.00 -10.00 -10.00 -10.00 -10.00 -10.00 -10.00 -10.00 -10.00 -10.00 -10.00 -10.00 -10.00 -10.01 -10.02 -10.04 -10.05 -10.06 -10.06 -10.06 -10.06 -10.06 -10.06 -10.06 -10.06 -10.06 -10.06 -10.06 -10.06 -10.06 -10.06 -10.06 -10.06 -10.07 -10.07 -10.08 -10.07 -10.05
-10.00 -10.00 -10.00 -10.00 -10.00 -10.00 -10.00 -10.00 -10.00 -10.00 -10.00 -10.00 -10.00 -10.00 -10.00 -10.00 -10.00 -10.00 -10.00 -10.00 -10.00 -10.00 -10.00 -10.00 -10.00 -10.00 -10.00 -10.00 -10.00 -10.00 -10.00 -10.00 -10.00 -10.00 -10.00 -10.00 -10.00 -10.00 -10.00 -10.00 -10.00 -10.00 -10.00 -10.00 -10.00 -10.00 -10.00 -10.00 -10.00 -10.00 -10.00 -10.01 -10.03 -10.04 -10.05 -10.06 -10.06 -10.06 -10.06 -10.07 -10.07 -10.06 -10.06 -10.06 -10.06 -10.06 -10.06 -10.06 -10.06 -10.06 -10.06 -10.07 -10.09 -10.09 -10.08 -10.05
-10.00 -10.00 -10.00 -10.00 -10.00 -10.00 -10.01 -10.01 -10.01 -10.01 -10.01 -10.01 -10.01 -10.01 -10.01 -10.01 -10.01 -10.01 -10.01 -10.01 -10.01 -10.01 -10.01 -10.01 -10.01 -10.01 -10.01 -10.01 -10.01 -10.01 -10.01 -10.01 -10.01 -10.01 -10.01 -10.01 -10.01 -10.01 -10.01 -10.01 -10.01 -10.01 -10.01 -10.01 -10.01 -10.01 -10.01 -10.01 -10.01 -10.01 -10.00 -10.00 -9.99 -9.98 -9.97 -9.97 -9.97 -9.97 -9.97 -9.97 -9.97 -9.97 -9.97 -9.97 -9.97 -9.97 -9.97 -9.97 -9.96 -9.97 -9.97 -9.98 -9.99 -10.00 -9.99 -9.96
-10.00 -10.00 -10.01 -10.01 -10.02 -10.03 -10.03 -10.03 -10.03 -10.03 -10.03 -10.03 -10.03 -10.03 -10.03 -10.03 -10.03 -10.03 -10.03 -10.03 -10.03 -10.03 -10.03 -10.03 -10.03 -10.03 -10.03 -10.03 -10.03 -10.03 -10.03 -10.03 -10.03 -10.03 -10.03 -10.03 -10.03 -10.03 -10.03 -10.03 -10.03 -10.03 -10.03 -10.03 -10.03 -10.03 -10.03 -10.04 -10.04 -10.04 -10.03 -9.98 -9.91 -9.84 -9.79 -9.77 -9.75 -9.75 -9.74 -9.74 -9.74 -9.74 -9.75 -9.75 -9.74 -9.74 -9.74 -9.74 -9.74 -9.75 -9.75 -9.76 -9.78 -9.80 -9.79 -9.77
-10.00 -10.01 -10.01 -10.02 -10.04 -10.05 -10.06 -10.07 -10.07 -10.07 -10.06 -10.06 -10.06 -10.06 -10.06 -10.06 -10.06 -10.06 -10.06 -10.06 -10.06 -10.06 -10.06 -10.06 -10.06 -10.06 -10.06 -10.06 -10.06 -10.06 -10.06 -10.06 -10.06 -10.06 -10.06 -10.06 -10.06 -10.06 -10.06 -10.06 -10.06 -10.06 -10.06 -10.06 -10.07 -10.07 -10.07 -10.08 -10.09 -10.09 -10.05 -9.95 -9.80 -9.65 -9.54 -9.48 -9.45 -9.44 -9.43 -9.42 -9.42 -9.43 -9.44 -9.44 -9.44 -9.43 -9.43 -9.44 -9.44 -9.44 -9.45 -9.46 -9.48 -9.50 -9.51 -9.50
-10.00 -10.00 -10.01 -10.02 -10.03 -10.04 -10.05 -10.06 -10.06 -10.05 -10.05 -10.05 -10.05 -10.05 -10.05 -10.05 -10.05 -10.05 -10.05 -10.05 -10.05 -10.05 -10.05 -10.05 -10.05 -10.05 -10.05 -10.05 -10.05 -10.05 -10.05 -10.05 -10.05 -10.05 -10.05 -10.05 -10.05 -10.05 -10.05 -10.05 -10.05 -10.05 -10.05 -10.06 -10.06 -10.06 -10.06 -10.07 -10.10 -10.09 -10.04 -9.89 -9.68 -9.46 -9.30 -9.21 -9.17 -9.15 -9.13 -9.12 -9.13 -9.14 -9.14 -9.14 -9.14 -9.14 -9.14 -9.14 -9.14 -9.15 -9.15 -9.16 -9.18 -9.19 -9.20 -9.20
-10.01 -10.00 -9.99 -9.98 -9.96 -9.94 -9.93 -9.93 -9.93 -9.93 -9.93 -9.93 -9.93 -9.93 -9.93 -9.93 -9.93 -9.93 -9.93 -9.93 -9.93 -9.93 -9.93 -9.93 -9.93 -9.93 -9.93 -9.93 -9.93 -9.93 -9.93 -9.93 -9.93 -9.93 -9.93 -9.93 -9.93 -9.93 -9.93 -9.93 -9.93 -9.93 -9.93 -9.93 -9.94 -9.94 -9.94 -9.95 -9.98 -9.98 -9.92 -9.77 -9.55 -9.32 -9.15 -9.06 -9.01 -8.99 -8.97 -8.96 -8.97 -8.98 -8.99 -8.99 -8.99 -8.99 -8.99 -8.99 -8.99 -8.98 -8.98 -8.96 -8.94 -8.93 -8.91 -8.91
-10.03 -10.00 -9.97 -9.91 -9.82 -9.74 -9.68 -9.66 -9.66 -9.67 -9.68 -9.68 -9.68 -9.68 -9.68 -9.68 -9.68 -9.68 -9.68 -9.68 -9.68 -9.68 -9.68 -9.68 -9.68 -9.68 -9.68 -9.68 -9.68 -9.68 -9.68 -9.68 -9.68 -9.68 -9.68 -9.68 -9.68 -9.68 -9.68 -9.68 -9.68 -9.68 -9.68 -9.68 -9.68 -9.68 -9.69 -9.70 -9.73 -9.74 -9.70 -9.58 -9.41 -9.23 -9.10 -9.03 -8.99 -8.97 -8.96 -8.95 -8.96 -8.97 -8.97 -8.97 -8.98 -8.98 -8.98 -8.97 -8.97 -8.95 -8.92 -8.85 -8.76 -8.68 -8.62 -8.60
-10.04 -10.00 -9.93 -9.81 -9.64 -9.49 -9.38 -9.34 -9.34 -9.36 -9.37 -9.37 -9.37 -9.37 -9.37 -9.37 -9.37 -9.37 -9.37 -9.37 -9.37 -9.37 -9.37 -9.37 -9.37 -9.37 -9.37 -9.37 -9.37 -9.37 -9.37 -9.37 -9.37 -9.37 -9.37 -9.37 -9.37 -9.37 -9.37 -9.37 -9.37 -9.37 -9.37 -9.37 -9.37 -9.37 -9.37 -9.39 -9.42 -9.43 -9.42 -9.36 -9.26 -9.16 -9.09 -9.05 -9.03 -9.02 -9.01 -9.01 -9.01 -9.01 -9.02 -9.02 -9.03 -9.03 -9.03 -9.02 -9.01 -8.98 -8.92 -8.79 -8.62 -8.45 -8.34 -8.30
-10.00 -9.95 -9.85 -9.69 -9.47 -9.25 -9.10 -9.05 -9.05 -9.08 -9.09 -9.09 -9.10 -9.10 -9.10 -9.10 -9.10 -9.10 -9.10 -9.10 -9.10 -9.10 -9.10 -9.10 -9.10 -9.10 -9.10 -9.10 -9.10 -9.10 -9.10 -9.10 -9.10 -9.10 -9.10 -9.10 -9.10 -9.10 -9.10 -9.10 -9.10 -9.10 -9.10 -9.10 -9.10 -9.10 -9.10 -9.11 -9.12 -9.13 -9.13 -9.11 -9.09 -9.06 -9.05 -9.04 -9.03 -9.03 -9.03 -9.02 -9.02 -9.03 -9.03 -9.03 -9.04 -9.05 -9.04 -9.03 -9.01 -8.97 -8.89 -8.72 -8.49 -8.27 -8.11 -8.05
-9.85 -9.80 -9.71 -9.54 -9.32 -9.11 -8.96 -8.91 -8.91 -8.94 -8.96 -8.96 -8.96 -8.96 -8.96 -8.96 -8.96 -8.96 -8.96 -8.97 -8.97 -8.97 -8.97 -8.97 -8.97 -8.97 -8.97 -8.97 -8.97 -8.97 -8.97 -8.97 -8.97 -8.97 -8.97 -8.97 -8.97 -8.97 -8.97 -8.97 -8.97 -8.97 -8.97 -8.97 -8.98 -8.98 -8.97 -8.95 -8.92 -8.90 -8.88 -8.87 -8.87 -8.88 -8.88 -8.88 -8.89 -8.89 -8.89 -8.89 -8.89 -8.89 -8.89 -8.90 -8.91 -8.92 -8.92 -8.90 -8.89 -8.85 -8.77 -8.60 -8.38 -8.16 -8.00 -7.93
-9.59 -9.55 -9.48 -9.36 -9.20 -9.04 -8.94 -8.90 -8.90 -8.92 -8.93 -8.93 -8.93 -8.93 -8.93 -8.94 -8.94 -8.95 -8.95 -8.96 -8.97 -8.98 -8.98 -8.99 -8.99 -8.98 -8.98 -8.98 -8.98 -8.98 -8.98 -8.98 -8.98 -8.98 -8.98 -8.98 -8.98 -8.98 -8.98 -8.98 -8.98 -8.98 -8.98 -8.99 -9.00 -9.01 -8.98 -8.91 -8.81 -8.71 -8.64 -8.61 -8.60 -8.60 -8.60 -8.60 -8.60 -8.61 -8.62 -8.62 -8.62 -8.62 -8.62 -8.63 -8.65 -8.67 -8.67 -8.67 -8.66 -8.63 -8.57 -8.45 -8.29 -8.13 -8.01 -7.95
-9.29 -9.27 -9.24 -9.18 -9.10 -9.02 -8.96 -8.94 -8.94 -8.95 -8.96 -8.96 -8.96 -8.96 -8.96 -8.96 -8.97 -8.98 -8.99 -9.00 -9.01 -9.02 -9.03 -9.03 -9.03 -9.03 -9.03 -9.03 -9.03 -9.03 -9.03 -9.03 -9.03 -9.03 -9.03 -9.03 -9.03 -9.03 -9.03 -9.03 -9.03 -9.03 -9.03 -9.05 -9.07 -9.07 -9.03 -8.91 -8.74 -8.56 -8.43 -8.36 -8.32 -8.30 -8.29 -8.28 -8.29 -8.30 -8.31 -8.31 -8.31 -8.31 -8.31 -8.33 -8.35 -8.37 -8.38 -8.38 -8.37 -8.36 -8.32 -8.27 -8.20 -8.12 -8.05 -8.01
-9.06 -9.06 -9.05 -9.04 -9.02 -9.01 -9.00 -8.99 -8.99 -8.99 -8.99 -8.99 -8.99 -8.99 -8.99 -9.00 -9.00 -9.00 -9.00 -9.00 -9.01 -9.01 -9.01 -9.01 -9.01 -9.01 -9.01 -9.01 -9.01 -9.01 -9.01 -9.01 -9.01 -9.01 -9.01 -9.01 -9.01 -9.01 -9.01 -9.01 -9.01 -9.01 -9.01 -9.03 -9.06 -9.06 -9.01 -8.86 -8.65 -8.43 -8.26 -8.16 -8.10 -8.07 -8.04 -8.03 -8.04 -8.05 -8.06 -8.06 -8.06 -8.06 -8.06 -8.07 -8.07 -8.07 -8.08 -8.08 -8.08 -8.07 -8.07 -8.07 -8.06 -8.06 -8.03 -8.00
-8.96 -8.97 -8.97 -8.98 -9.00 -9.01 -9.02 -9.02 -9.02 -9.02 -9.02 -9.02 -9.02 -9.03 -9.02 -9.01 -8.99 -8.97 -8.95 -8.92 -8.89 -8.86 -8.84 -8.83 -8.84 -8.84 -8.85 -8.85 -8.85 -8.85 -8.85 -8.85 -8.85 -8.85 -8.85 -8.85 -8.85 -8.85 -8.85 -8.85 -8.85 -8.86 -8.86 -8.88 -8.91 -8.91 -8.86 -8.72 -8.52 -8.31 -8.15 -8.06 -8.00 -7.97 -7.94 -7.93 -7.94 -7.96 -7.96 -7.96 -7.97 -7.96 -7.95 -7.92 -7.87 -7.83 -7.80 -7.79 -7.79 -7.79 -7.80 -7.82 -7.85 -7.88 -7.88 -7.86
-9.00 -9.00 -9.01 -9.02 -9.03 -9.05 -9.06 -9.06 -9.06 -9.06 -9.06 -9.07 -9.08 -9.08 -9.07 -9.04 -8.99 -8.93 -8.86 -8.78 -8.68 -8.59 -8.53 -8.52 -8.52 -8.54 -8.55 -8.55 -8.55 -8.55 -8.55 -8.55 -8.55 -8.55 -8.55 -8.55 -8.55 -8.55 -8.55 -8.56 -8.57 -8.58 -8.59 -8.61 -8.63 -8.64 -8.61 -8.51 -8.38 -8.23 -8.12 -8.06 -8.02 -8.00 -7.98 -7.98 -7.98 -8.00 -8.00 -8.00 -8.00 -7.99 -7.95 -7.86 -7.74 -7.61 -7.52 -7.49 -7.48 -7.49 -7.50 -7.53 -7.57 -7.60 -7.62 -7.60
-9.04 -9.04 -9.04 -9.05 -9.06 -9.06 -9.07 -9.07 -9.07 -9.07 -9.07 -9.08 -9.10 -9.11 -9.09 -9.04 -8.95 -8.85 -8.75 -8.61 -8.46 -8.31 -8.22 -8.19 -8.20 -8.23 -8.24 -8.25 -8.24 -8.24 -8.24 -8.24 -8.24 -8.24 -8.24 -8.24 -8.24 -8.24 -8.24 -8.25 -8.27 -8.28 -8.29 -8.31 -8.32 -8.33 -8.31 -8.27 -8.21 -8.14 -8.10 -8.07 -8.05 -8.04 -8.03 -8.03 -8.04 -8.05 -8.05 -8.05 -8.05 -8.03 -7.97 -7.82 -7.62 -7.41 -7.27 -7.21 -7.20 -7.21 -7.22 -7.24 -7.27 -7.30 -7.31 -7.31
-8.99 -8.99 -8.99 -8.99 -8.99 -8.99 -8.99 -8.99 -8.99 -8.99 -8.99 -9.01 -9.03 -9.05 -9.03 -8.96 -8.86 -8.75 -8.62 -8.46 -8.28 -8.11 -8.00 -7.96 -7.98 -8.01 -8.03 -8.03 -8.03 -8.03 -8.03 -8.03 -8.03 -8.03 -8.03 -8.03 -8.03 -8.03 -8.03 -8.03 -8.03 -8.02 -8.02 -8.02 -8.02 -8.02 -8.02 -8.01 -8.01 -8.00 -7.99 -7.99 -7.99 -7.99 -7.99 -7.99 -8.00 -8.00 -8.00 -8.00 -8.01 -7.99 -7.91 -7.74 -7.50 -7.26 -7.10 -7.02 -7.00 -7.01 -7.02 -7.01 -7.01 -7.02 -7.02 -7.02
-8.79 -8.79 -8.79 -8.79 -8.79 -8.79 -8.79 -8.79 -8.79 -8.80 -8.80 -8.82 -8.85 -8.86 -8.85 -8.79 -8.70 -8.60 -8.48 -8.34 -8.18 -8.03 -7.93 -7.90 -7.91 -7.94 -7.96 -7.96 -7.96 -7.96 -7.96 -7.96 -7.96 -7.96 -7.96 -7.96 -7.97 -7.97 -7.96 -7.93 -7.89 -7.84 -7.80 -7.77 -7.75 -7.73 -7.72 -7.73 -7.75 -7.77 -7.78 -7.79 -7.79 -7.79 -7.80 -7.81 -7.82 -7.82 -7.82 -7.83 -7.83 -7.81 -7.75 -7.60 -7.39 -7.18 -7.02 -6.96 -6.94 -6.93 -6.92 -6.87 -6.82 -6.77 -6.73 -6.72
-8.49 -8.49 -8.49 -8.49 -8.49 -8.48 -8.49 -8.49 -8.49 -8.50 -8.50 -8.52 -8.55 -8.57 -8.57 -8.53 -8.48 -8.41 -8.34 -8.25 -8.14 -8.05 -7.99 -7.96 -7.97 -7.99 -8.00 -8.00 -8.00 -8.00 -8.00 -8.00 -8.00 -8.00 -8.00 -8.02 -8.03 -8.04 -8.01 -7.94 -7.82 -7.70 -7.60 -7.53 -7.48 -7.44 -7.41 -7.41 -7.43 -7.46 -7.47 -7.48 -7.48 -7.48 -7.49 -7.50 -7.52 -7.54 -7.55 -7.55 -7.56 -7.55 -7.50 -7.41 -7.28 -7.15 -7.05 -7.00 -6.98 -6.96 -6.91 -6.81 -6.67 -6.53 -6.44 -6.41
-8.19 -8.19 -8.19 -8.18 -8.18 -8.18 -8.18 -8.19 -8.19 -8.20 -8.20 -8.22 -8.24 -8.25 -8.26 -8.25 -8.22 -8.20 -8.17 -8.13 -8.10 -8.06 -8.03 -8.03 -8.03 -8.04 -8.04 -8.04 -8.04 -8.04 -8.04 -8.04 -8.04 -8.04 -8.04 -8.06 -8.09 -8.10 -8.06 -7.94 -7.76 -7.58 -7.43 -7.33 -7.24 -7.18 -7.14 -7.13 -7.14 -7.16 -7.18 -7.18 -7.18 -7.18 -7.19 -7.20 -7.22 -7.23 -7.24 -7.25 -7.25 -7.25 -7.23 -7.20 -7.16 -7.11 -7.07 -7.04 -7.02 -6.99 -6.91 -6.75 -6.54 -6.33 -6.19 -6.13
-8.01 -8.01 -8.01 -8.01 -8.01 -8.01 -8.01 -8.00 -8.00 -8.00 -7.99 -7.98 -7.97 -7.96 -7.96 -7.96 -7.96 -7.96 -7.96 -7.96 -7.96 -7.96 -7.96 -7.96 -7.96 -7.96 -7.96 -7.96 -7.96 -7.96 -7.96 -7.96 -7.96 -7.96 -7.96 -7.98 -8.01 -8.02 -7.98 -7.85 -7.66 -7.46 -7.29 -7.18 -7.09 -7.02 -6.98 -6.96 -6.97 -6.99 -7.01 -7.01 -7.01 -7.01 -7.00 -7.00 -6.98 -6.97 -6.97 -6.96 -6.96 -6.96 -6.96 -6.96 -6.97 -6.98 -6.97 -6.96 -6.95 -6.91 -6.82 -6.65 -6.42 -6.19 -6.03 -5.97
-7.96 -7.96 -7.96 -7.97 -7.97 -7.98 -7.97 -7.96 -7.94 -7.91 -7.88 -7.82 -7.76 -7.70 -7.66 -7.65 -7.66 -7.68 -7.69 -7.70 -7.72 -7.73 -7.74 -7.74 -7.74 -7.74 -7.74 -7.74 -7.74 -7.74 -7.74 -7.73 -7.73 -7.73 -7.74 -7.76 -7.79 -7.81 -7.77 -7.67 -7.51 -7.34 -7.21 -7.12 -7.04 -6.98 -6.94 -6.93 -6.94 -6.96 -6.97 -6.97 -6.98 -6.97 -6.95 -6.90 -6.83 -6.76 -6.70 -6.68 -6.67 -6.66 -6.67 -6.68 -6.71 -6.74 -6.75 -6.75 -6.74 -6.72 -6.65 -6.51 -6.32 -6.13 -5.99 -5.93
-8.01 -8.01 -8.01 -8.02 -8.03 -8.04 -8.03 -8.00 -7.96 -7.90 -7.83 -7.72 -7.58 -7.45 -7.36 -7.33 -7.34 -7.37 -7.39 -7.40 -7.41 -7.42 -7.43 -7.43 -7.43 -7.43 -7.42 -7.42 -7.42 -7.42 -7.42 -7.42 -7.42 -7.42 -7.42 -7.44 -7.47 -7.49 -7.48 -7.42 -7.33 -7.24 -7.16 -7.10 -7.06 -7.02 -7.00 -6.99 -7.00 -7.01 -7.02 -7.02 -7.04 -7.03 -6.99 -6.88 -6.73 -6.57 -6.45 -6.40 -6.37 -6.37 -6.37 -6.37 -6.40 -6.42 -6.43 -6.44 -6.45 -6.45 -6.42 -6.34 -6.24 -6.13 -6.04 -5.99
-8.04 -8.04 -8.04 -8.05 -8.07 -8.08 -8.06 -8.02 -7.96 -7.88 -7.77 -7.61 -7.42 -7.23 -7.10 -7.06 -7.07 -7.10 -7.12 -7.13 -7.13 -7.13 -7.13 -7.14 -7.14 -7.13 -7.13 -7.13 -7.13 -7.13 -7.13 -7.13 -7.13 -7.13 -7.13 -7.14 -7.16 -7.17 -7.17 -7.16 -7.13 -7.11 -7.08 -7.07 -7.05 -7.04 -7.03 -7.03 -7.04 -7.04 -7.04 -7.05 -7.07 -7.07 -7.00 -6.85 -6.63 -6.40 -6.24 -6.16 -6.12 -6.11 -6.11 -6.11 -6.12 -6.13 -6.14 -6.15 -6.16 -6.17 -6.16 -6.15 -6.13 -6.10 -6.06 -6.02
-7.92 -7.92 -7.92 -7.93 -7.95 -7.96 -7.95 -7.90 -7.84 -7.76 -7.65 -7.49 -7.28 -7.09 -6.96 -6.92 -6.93 -6.96 -6.98 -6.99 -6.99 -6.99 -6.99 -6.99 -6.99 -6.99 -6.99 -6.99 -6.99 -6.99 -6.99 -6.99 -6.99 -6.99 -6.99 -6.98 -6.96 -6.94 -6.93 -6.92 -6.92 -6.91 -6.91 -6.91 -6.92 -6.92 -6.92 -6.93 -6.93 -6.93 -6.93 -6.94 -6.96 -6.96 -6.90 -6.74 -6.51 -6.28 -6.11 -6.03 -5.99 -5.98 -5.97 -5.97 -5.97 -5.98 -5.98 -5.96 -5.94 -5.92 -5.91 -5.91 -5.93 -5.95 -5.94 -5.91
-7.67 -7.67 -7.67 -7.68 -7.70 -7.70 -7.69 -7.66 -7.61 -7.54 -7.46 -7.33 -7.18 -7.03 -6.93 -6.90 -6.92 -6.95 -6.97 -6.98 -6.98 -6.97 -6.97 -6.97 -6.97 -6.97 -6.97 -6.97 -6.97 -6.97 -6.97 -6.98 -6.99 -7.00 -6.98 -6.93 -6.86 -6.79 -6.73 -6.69 -6.67 -6.65 -6.64 -6.64 -6.65 -6.66 -6.67 -6.68 -6.68 -6.68 -6.68 -6.69 -6.72 -6.72 -6.68 -6.56 -6.38 -6.20 -6.07 -6.01 -5.98 -5.98 -5.97 -5.96 -5.96 -5.96 -5.93 -5.86 -5.77 -5.69 -5.63 -5.62 -5.65 -5.68 -5.68 -5.66
-7.36 -7.36 -7.36 -7.37 -7.37 -7.38 -7.37 -7.35 -7.32 -7.29 -7.24 -7.17 -7.09 -7.02 -6.97 -6.96 -6.98 -7.00 -7.02 -7.02 -7.02 -7.02 -7.02 -7.02 -7.02 -7.02 -7.02 -7.02 -7.02 -7.02 -7.02 -7.04 -7.06 -7.07 -7.04 -6.95 -6.82 -6.68 -6.56 -6.48 -6.41 -6.36 -6.33 -6.32 -6.33 -6.35 -6.36 -6.36 -6.36 -6.36 -6.36 -6.38 -6.40 -6.42 -6.40 -6.34 -6.24 -6.15 -6.08 -6.04 -6.03 -6.03 -6.02 -6.02 -6.01 -6.00 -5.94 -5.81 -5.64 -5.47 -5.35 -5.32 -5.33 -5.35 -5.36 -5.35
-7.09 -7.09 -7.09 -7.09 -7.09 -7.10 -7.09 -7.09 -7.08 -7.07 -7.06 -7.05 -7.03 -7.01 -7.00 -7.00 -7.01 -7.02 -7.03 -7.03 -7.03 -7.03 -7.03 -7.03 -7.03 -7.03 -7.03 -7.03 -7.02 -7.02 -7.03 -7.05 -7.08 -7.09 -7.05 -6.93 -6.76 -6.57 -6.41 -6.30 -6.20 -6.11 -6.06 -6.04 -6.05 -6.08 -6.09 -6.09 -6.09 -6.09 -6.09 -6.10 -6.11 -6.12 -6.12 -6.10 -6.08 -6.06 -6.04 -6.04 -6.04 -6.04 -6.04 -6.03 -6.03 -6.00 -5.92 -5.75 -5.52 -5.29 -5.13 -5.06 -5.06 -5.07 -5.08 -5.08
-6.97 -6.97 -6.97 -6.97 -6.97 -6.97 -6.97 -6.97 -6.98 -6.98 -6.99 -6.99 -6.98 -6.98 -6.97 -6.95 -6.92 -6.90 -6.88 -6.87 -6.88 -6.88 -6.88 -6.88 -6.88 -6.88 -6.88 -6.88 -6.88 -6.88 -6.88 -6.90 -6.93 -6.95 -6.91 -6.79 -6.62 -6.44 -6.28 -6.17 -6.07 -5.99 -5.94 -5.92 -5.93 -5.96 -5.97 -5.98 -5.98 -5.98 -5.97 -5.95 -5.92 -5.88 -5.86 -5.86 -5.86 -5.87 -5.87 -5.88 -5.89 -5.90 -5.89 -5.89 -5.89 -5.86 -5.78 -5.61 -5.39 -5.16 -5.00 -4.94 -4.94 -4.95 -4.96 -4.96
-6.98 -6.98 -6.98 -6.98 -6.98 -6.98 -6.98 -6.99 -7.01 -7.02 -7.02 -7.00 -6.98 -6.95 -6.90 -6.83 -6.74 -6.65 -6.59 -6.57 -6.58 -6.60 -6.60 -6.61 -6.61 -6.61 -6.60 -6.60 -6.60 -6.60 -6.61 -6.62 -6.64 -6.65 -6.62 -6.54 -6.41 -6.28 -6.17 -6.09 -6.03 -5.98 -5.95 -5.94 -5.96 -5.98 -5.99 -6.00 -6.01 -6.00 -5.98 -5.90 -5.80 -5.69 -5.62 -5.59 -5.58 -5.58 -5.59 -5.59 -5.61 -5.61 -5.61 -5.61 -5.61 -5.59 -5.53 -5.41 -5.25 -5.08 -4.97 -4.94 -4.95 -4.98 -4.98 -4.97
-7.03 -7.03 -7.03 -7.03 -7.03 -7.03 -7.03 -7.04 -7.06 -7.07 -7.06 -7.03 -6.97 -6.90 -6.81 -6.68 -6.52 -6.38 -6.28 -6.24 -6.25 -6.28 -6.30 -6.30 -6.30 -6.30 -6.30 -6.30 -6.30 -6.30 -6.30 -6.30 -6.31 -6.32 -6.31 -6.26 -6.20 -6.13 -6.08 -6.05 -6.02 -6.01 -6.00 -6.00 -6.01 -6.03 -6.04 -6.05 -6.07 -6.07 -6.02 -5.89 -5.71 -5.53 -5.39 -5.32 -5.29 -5.29 -5.28 -5.28 -5.29 -5.30 -5.30 -5.30 -5.30 -5.29 -5.26 -5.20 -5.12 -5.04 -4.99 -4.98 -5.01 -5.04 -5.04 -5.02
