Instances/RekaBuorYuryakh/GMRTv3_4_20171110topo.asc
ncols 1001
nrows 233
xllcorner 132.95654296875
yllcorner 71.33246695946693
cellsize 0.002197265625
nodata_value -2147483648
[rows 165 to 197 of 232, columns 684 to 759 of 1001]
-7.01 -7.01 -7.01 -7.01 -7.00 -7.00 -7.01 -7.02 -7.04 -7.05 -7.04 -6.98 -6.90 -6.81 -6.69 -6.53 -6.33 -6.15 -6.03 -5.99 -6.00 -6.03 -6.05 -6.05 -6.05 -6.05 -6.05 -6.05 -6.05 -6.06 -6.06 -6.06 -6.06 -6.06 -6.06 -6.05 -6.04 -6.03 -6.02 -6.01 -6.01 -6.00 -6.00 -6.00 -6.01 -6.01 -6.01 -6.03 -6.05 -6.05 -5.99 -5.83 -5.61 -5.38 -5.21 -5.12 -5.07 -5.05 -5.04 -5.03 -5.04 -5.05 -5.06 -5.06 -5.06 -5.05 -5.05 -5.04 -5.02 -5.01 -5.00 -5.01 -5.02 -5.04 -5.03 -5.00
-6.84 -6.84 -6.84 -6.84 -6.84 -6.84 -6.84 -6.85 -6.87 -6.88 -6.86 -6.81 -6.74 -6.64 -6.53 -6.39 -6.20 -6.04 -5.92 -5.88 -5.89 -5.92 -5.94 -5.95 -5.95 -5.95 -5.95 -5.96 -5.96 -5.96 -5.96 -5.96 -5.96 -5.96 -5.96 -5.97 -5.99 -6.00 -6.00 -5.98 -5.95 -5.92 -5.89 -5.88 -5.86 -5.85 -5.84 -5.85 -5.87 -5.87 -5.82 -5.68 -5.47 -5.25 -5.09 -5.01 -4.97 -4.94 -4.93 -4.92 -4.93 -4.95 -4.96 -4.96 -4.97 -4.97 -4.97 -4.98 -4.99 -4.99 -4.99 -4.97 -4.94 -4.90 -4.86 -4.82
-6.54 -6.54 -6.54 -6.54 -6.54 -6.54 -6.54 -6.55 -6.56 -6.57 -6.56 -6.52 -6.47 -6.41 -6.33 -6.24 -6.11 -6.00 -5.92 -5.90 -5.90 -5.92 -5.94 -5.94 -5.95 -5.96 -5.97 -5.98 -5.98 -5.99 -6.00 -6.00 -6.00 -5.99 -6.00 -6.01 -6.04 -6.06 -6.05 -5.98 -5.89 -5.78 -5.70 -5.64 -5.59 -5.55 -5.53 -5.53 -5.55 -5.56 -5.53 -5.43 -5.29 -5.15 -5.04 -4.98 -4.95 -4.94 -4.93 -4.94 -4.95 -4.97 -4.99 -5.00 -5.01 -5.01 -5.01 -5.02 -5.02 -5.01 -4.98 -4.90 -4.78 -4.66 -4.57 -4.51
-6.24 -6.24 -6.24 -6.24 -6.23 -6.23 -6.24 -6.24 -6.25 -6.25 -6.24 -6.23 -6.21 -6.18 -6.14 -6.10 -6.05 -6.00 -5.96 -5.95 -5.95 -5.96 -5.97 -5.97 -5.98 -5.99 -6.00 -6.01 -6.02 -6.03 -6.04 -6.04 -6.04 -6.04 -6.04 -6.06 -6.09 -6.11 -6.07 -5.96 -5.80 -5.63 -5.49 -5.39 -5.31 -5.26 -5.21 -5.20 -5.22 -5.24 -5.23 -5.19 -5.13 -5.06 -5.01 -4.99 -4.97 -4.97 -4.97 -4.98 -5.00 -5.01 -5.03 -5.04 -5.05 -5.06 -5.05 -5.05 -5.04 -5.01 -4.94 -4.80 -4.60 -4.41 -4.26 -4.20
-6.02 -6.02 -6.02 -6.02 -6.02 -6.02 -6.02 -6.02 -6.02 -6.02 -6.02 -6.02 -6.02 -6.02 -6.02 -6.01 -6.01 -6.00 -6.00 -6.00 -6.00 -6.00 -6.00 -6.00 -6.00 -5.99 -5.99 -5.99 -5.99 -5.98 -5.98 -5.98 -5.98 -5.98 -5.98 -6.00 -6.04 -6.05 -6.00 -5.87 -5.68 -5.48 -5.31 -5.20 -5.11 -5.04 -5.00 -4.98 -4.99 -5.01 -5.02 -5.02 -5.02 -5.01 -5.01 -5.00 -5.00 -5.00 -5.00 -5.00 -4.99 -4.99 -4.98 -4.99 -5.00 -5.00 -5.00 -4.98 -4.97 -4.93 -4.84 -4.67 -4.44 -4.21 -4.05 -3.98
-5.93 -5.93 -5.93 -5.93 -5.93 -5.93 -5.93 -5.93 -5.93 -5.94 -5.94 -5.95 -5.96 -5.97 -5.98 -5.99 -6.01 -6.02 -6.03 -6.04 -6.04 -6.04 -6.03 -6.01 -5.98 -5.94 -5.91 -5.87 -5.83 -5.80 -5.78 -5.77 -5.77 -5.78 -5.79 -5.80 -5.83 -5.84 -5.80 -5.69 -5.52 -5.34 -5.19 -5.09 -5.01 -4.95 -4.91 -4.90 -4.91 -4.94 -4.96 -4.97 -4.99 -5.01 -5.02 -5.03 -5.03 -5.03 -5.01 -4.97 -4.91 -4.85 -4.81 -4.79 -4.80 -4.80 -4.79 -4.78 -4.77 -4.73 -4.66 -4.51 -4.30 -4.10 -3.96 -3.90
-5.94 -5.94 -5.94 -5.94 -5.94 -5.94 -5.94 -5.94 -5.95 -5.95 -5.96 -5.97 -5.99 -6.01 -6.03 -6.04 -6.05 -6.06 -6.06 -6.08 -6.10 -6.10 -6.08 -6.03 -5.95 -5.86 -5.77 -5.69 -5.59 -5.51 -5.45 -5.43 -5.44 -5.46 -5.48 -5.49 -5.51 -5.51 -5.49 -5.41 -5.31 -5.19 -5.10 -5.04 -4.99 -4.95 -4.93 -4.93 -4.95 -4.97 -4.99 -5.01 -5.03 -5.05 -5.06 -5.07 -5.08 -5.07 -5.03 -4.93 -4.78 -4.64 -4.53 -4.49 -4.48 -4.48 -4.47 -4.47 -4.46 -4.44 -4.40 -4.30 -4.17 -4.04 -3.96 -3.92
-5.98 -5.98 -5.98 -5.98 -5.98 -5.98 -5.98 -5.98 -5.98 -5.99 -6.00 -6.01 -6.02 -6.04 -6.05 -6.05 -6.06 -6.06 -6.06 -6.08 -6.11 -6.12 -6.09 -6.01 -5.89 -5.76 -5.63 -5.49 -5.35 -5.23 -5.15 -5.12 -5.13 -5.16 -5.18 -5.18 -5.19 -5.19 -5.18 -5.15 -5.11 -5.07 -5.04 -5.01 -4.99 -4.98 -4.97 -4.98 -4.99 -5.01 -5.03 -5.04 -5.05 -5.06 -5.07 -5.08 -5.09 -5.08 -5.01 -4.86 -4.64 -4.42 -4.27 -4.19 -4.17 -4.17 -4.17 -4.16 -4.16 -4.16 -4.15 -4.11 -4.06 -4.01 -3.98 -3.97
-6.01 -6.01 -6.01 -6.01 -6.01 -6.01 -6.01 -6.00 -6.00 -6.00 -5.99 -5.98 -5.97 -5.96 -5.95 -5.95 -5.95 -5.95 -5.95 -5.97 -6.00 -6.02 -5.99 -5.90 -5.77 -5.62 -5.48 -5.34 -5.19 -5.05 -4.96 -4.93 -4.95 -4.98 -5.00 -5.00 -5.00 -5.00 -5.00 -5.00 -5.00 -5.00 -5.00 -5.01 -5.01 -5.01 -5.01 -5.00 -4.98 -4.97 -4.96 -4.96 -4.96 -4.96 -4.96 -4.97 -4.98 -4.97 -4.90 -4.73 -4.50 -4.26 -4.09 -4.01 -3.99 -3.99 -3.98 -3.98 -3.99 -4.00 -4.00 -4.00 -4.01 -4.01 -4.01 -4.00
-6.03 -6.03 -6.03 -6.04 -6.04 -6.05 -6.04 -6.03 -6.01 -5.98 -5.94 -5.89 -5.83 -5.76 -5.72 -5.70 -5.71 -5.72 -5.72 -5.74 -5.77 -5.78 -5.75 -5.68 -5.57 -5.45 -5.33 -5.21 -5.09 -4.97 -4.90 -4.88 -4.90 -4.93 -4.95 -4.95 -4.96 -4.96 -4.96 -4.97 -4.99 -5.00 -5.01 -5.03 -5.04 -5.05 -5.04 -4.99 -4.92 -4.85 -4.79 -4.76 -4.75 -4.74 -4.73 -4.73 -4.74 -4.73 -4.68 -4.54 -4.35 -4.15 -4.01 -3.94 -3.92 -3.92 -3.92 -3.93 -3.94 -3.96 -3.97 -3.99 -4.01 -4.03 -4.04 -4.03
-6.06 -6.06 -6.07 -6.07 -6.09 -6.09 -6.08 -6.05 -6.01 -5.95 -5.88 -5.76 -5.62 -5.49 -5.40 -5.37 -5.37 -5.40 -5.41 -5.42 -5.44 -5.44 -5.43 -5.39 -5.32 -5.25 -5.18 -5.11 -5.04 -4.97 -4.93 -4.92 -4.94 -4.97 -4.99 -5.00 -5.00 -5.01 -5.02 -5.02 -5.03 -5.04 -5.05 -5.07 -5.09 -5.10 -5.07 -4.97 -4.82 -4.67 -4.55 -4.48 -4.45 -4.42 -4.40 -4.40 -4.41 -4.41 -4.38 -4.30 -4.19 -4.08 -3.99 -3.96 -3.94 -3.94 -3.95 -3.96 -3.98 -4.00 -4.02 -4.04 -4.06 -4.08 -4.08 -4.06
-6.05 -6.05 -6.05 -6.06 -6.08 -6.09 -6.07 -6.03 -5.97 -5.89 -5.78 -5.62 -5.43 -5.24 -5.11 -5.07 -5.07 -5.11 -5.12 -5.13 -5.13 -5.14 -5.13 -5.12 -5.10 -5.08 -5.06 -5.03 -5.01 -4.99 -4.98 -4.98 -4.99 -5.00 -5.02 -5.02 -5.03 -5.03 -5.04 -5.04 -5.04 -5.05 -5.05 -5.07 -5.10 -5.10 -5.05 -4.91 -4.70 -4.48 -4.32 -4.23 -4.17 -4.14 -4.11 -4.10 -4.11 -4.12 -4.12 -4.09 -4.06 -4.02 -4.00 -3.99 -3.98 -3.99 -3.99 -4.00 -4.01 -4.02 -4.04 -4.05 -4.07 -4.08 -4.07 -4.04
-5.91 -5.91 -5.92 -5.93 -5.95 -5.96 -5.94 -5.90 -5.83 -5.75 -5.64 -5.48 -5.28 -5.09 -4.96 -4.91 -4.92 -4.95 -4.97 -4.97 -4.97 -4.97 -4.98 -4.98 -4.99 -4.99 -5.00 -5.00 -5.01 -5.02 -5.01 -5.00 -4.99 -4.97 -4.95 -4.94 -4.93 -4.92 -4.91 -4.91 -4.91 -4.92 -4.92 -4.94 -4.96 -4.97 -4.91 -4.77 -4.56 -4.34 -4.17 -4.08 -4.02 -3.99 -3.96 -3.95 -3.96 -3.97 -3.99 -3.99 -4.00 -4.00 -4.01 -4.01 -4.01 -4.01 -4.00 -3.98 -3.96 -3.93 -3.92 -3.92 -3.94 -3.95 -3.93 -3.90
-5.66 -5.66 -5.66 -5.67 -5.68 -5.69 -5.68 -5.65 -5.60 -5.53 -5.45 -5.32 -5.17 -5.02 -4.92 -4.88 -4.89 -4.91 -4.93 -4.93 -4.93 -4.94 -4.95 -4.96 -4.98 -4.99 -5.01 -5.03 -5.05 -5.07 -5.06 -5.02 -4.95 -4.88 -4.82 -4.76 -4.72 -4.68 -4.65 -4.64 -4.65 -4.66 -4.66 -4.68 -4.70 -4.70 -4.66 -4.55 -4.38 -4.21 -4.09 -4.02 -3.98 -3.96 -3.95 -3.95 -3.95 -3.96 -3.98 -3.99 -4.01 -4.03 -4.04 -4.04 -4.04 -4.03 -4.00 -3.93 -3.84 -3.74 -3.68 -3.66 -3.67 -3.68 -3.67 -3.65
-5.35 -5.35 -5.35 -5.35 -5.36 -5.37 -5.36 -5.34 -5.32 -5.28 -5.23 -5.17 -5.08 -5.00 -4.95 -4.93 -4.93 -4.94 -4.95 -4.96 -4.96 -4.97 -4.98 -5.00 -5.01 -5.03 -5.05 -5.07 -5.10 -5.12 -5.09 -5.01 -4.89 -4.75 -4.64 -4.54 -4.45 -4.38 -4.33 -4.31 -4.32 -4.34 -4.35 -4.36 -4.37 -4.37 -4.35 -4.29 -4.20 -4.10 -4.04 -4.01 -4.00 -4.00 -4.00 -4.00 -4.01 -4.02 -4.03 -4.04 -4.06 -4.07 -4.07 -4.07 -4.07 -4.05 -3.99 -3.86 -3.68 -3.51 -3.38 -3.34 -3.34 -3.35 -3.35 -3.34
-5.08 -5.08 -5.08 -5.08 -5.08 -5.09 -5.08 -5.08 -5.07 -5.07 -5.06 -5.04 -5.02 -5.00 -4.99 -4.99 -4.99 -4.99 -4.99 -4.99 -5.00 -5.00 -5.01 -5.01 -5.02 -5.02 -5.03 -5.05 -5.09 -5.10 -5.06 -4.96 -4.79 -4.62 -4.47 -4.34 -4.22 -4.12 -4.05 -4.03 -4.04 -4.07 -4.08 -4.09 -4.09 -4.09 -4.08 -4.07 -4.05 -4.03 -4.01 -4.01 -4.01 -4.01 -4.02 -4.02 -4.02 -4.02 -4.03 -4.03 -4.04 -4.05 -4.04 -4.04 -4.04 -4.01 -3.93 -3.76 -3.52 -3.29 -3.13 -3.06 -3.05 -3.07 -3.08 -3.07
-4.96 -4.96 -4.96 -4.95 -4.95 -4.95 -4.95 -4.96 -4.96 -4.97 -4.97 -4.98 -5.00 -5.01 -5.02 -5.02 -5.02 -5.02 -5.02 -5.01 -4.99 -4.97 -4.95 -4.93 -4.90 -4.88 -4.87 -4.88 -4.92 -4.93 -4.90 -4.80 -4.64 -4.47 -4.33 -4.21 -4.09 -4.00 -3.94 -3.91 -3.93 -3.95 -3.97 -3.97 -3.97 -3.97 -3.97 -3.98 -3.99 -4.00 -4.00 -3.98 -3.95 -3.92 -3.90 -3.88 -3.88 -3.87 -3.87 -3.87 -3.88 -3.89 -3.88 -3.88 -3.88 -3.85 -3.77 -3.61 -3.38 -3.16 -3.00 -2.94 -2.93 -2.95 -2.96 -2.96
-4.93 -4.93 -4.93 -4.93 -4.93 -4.93 -4.93 -4.94 -4.94 -4.95 -4.97 -4.99 -5.01 -5.04 -5.05 -5.07 -5.08 -5.08 -5.07 -5.03 -4.98 -4.91 -4.85 -4.78 -4.70 -4.63 -4.58 -4.58 -4.61 -4.63 -4.62 -4.54 -4.43 -4.30 -4.20 -4.12 -4.04 -3.98 -3.95 -3.94 -3.95 -3.97 -3.99 -3.99 -3.99 -3.99 -3.99 -4.00 -4.03 -4.05 -4.03 -3.96 -3.86 -3.75 -3.67 -3.63 -3.61 -3.60 -3.59 -3.59 -3.59 -3.60 -3.60 -3.60 -3.60 -3.57 -3.52 -3.40 -3.24 -3.08 -2.97 -2.93 -2.94 -2.96 -2.98 -2.98
-4.96 -4.96 -4.96 -4.96 -4.96 -4.96 -4.96 -4.96 -4.97 -4.98 -4.99 -5.01 -5.03 -5.05 -5.07 -5.09 -5.11 -5.12 -5.09 -5.03 -4.94 -4.83 -4.72 -4.60 -4.46 -4.34 -4.26 -4.24 -4.26 -4.29 -4.30 -4.26 -4.20 -4.14 -4.09 -4.06 -4.03 -4.01 -4.00 -4.00 -4.01 -4.02 -4.03 -4.03 -4.03 -4.03 -4.03 -4.05 -4.08 -4.09 -4.05 -3.92 -3.74 -3.56 -3.42 -3.35 -3.31 -3.29 -3.27 -3.27 -3.28 -3.29 -3.29 -3.29 -3.29 -3.28 -3.25 -3.19 -3.11 -3.04 -2.99 -2.98 -2.99 -3.01 -3.02 -3.03
-5.00 -5.00 -5.00 -5.00 -5.00 -5.00 -5.00 -5.00 -5.00 -5.00 -5.00 -5.00 -5.00 -5.01 -5.01 -5.03 -5.06 -5.07 -5.04 -4.97 -4.85 -4.72 -4.59 -4.44 -4.27 -4.12 -4.01 -3.98 -4.00 -4.03 -4.05 -4.05 -4.04 -4.03 -4.02 -4.01 -4.01 -4.00 -4.00 -4.00 -4.00 -4.00 -4.01 -4.01 -4.01 -4.01 -4.01 -4.03 -4.05 -4.05 -3.99 -3.84 -3.61 -3.38 -3.21 -3.12 -3.07 -3.05 -3.03 -3.02 -3.03 -3.04 -3.05 -3.05 -3.05 -3.05 -3.04 -3.03 -3.02 -3.01 -3.00 -3.00 -3.00 -3.00 -3.00 -3.00
-5.02 -5.02 -5.02 -5.02 -5.03 -5.03 -5.02 -5.02 -5.00 -4.99 -4.96 -4.93 -4.89 -4.85 -4.82 -4.83 -4.86 -4.87 -4.86 -4.79 -4.68 -4.57 -4.45 -4.31 -4.16 -4.02 -3.93 -3.90 -3.91 -3.94 -3.96 -3.97 -3.99 -4.00 -4.00 -3.99 -3.96 -3.92 -3.90 -3.87 -3.85 -3.83 -3.82 -3.82 -3.82 -3.83 -3.83 -3.84 -3.87 -3.86 -3.81 -3.67 -3.47 -3.26 -3.11 -3.03 -2.98 -2.96 -2.95 -2.94 -2.95 -2.95 -2.96 -2.96 -2.97 -2.97 -2.97 -2.98 -2.99 -3.00 -2.99 -2.96 -2.91 -2.86 -2.83 -2.82
-5.06 -5.06 -5.06 -5.07 -5.08 -5.08 -5.07 -5.05 -5.01 -4.97 -4.90 -4.81 -4.70 -4.59 -4.52 -4.50 -4.52 -4.55 -4.54 -4.50 -4.44 -4.37 -4.29 -4.21 -4.12 -4.04 -3.98 -3.96 -3.97 -3.98 -4.00 -4.02 -4.04 -4.06 -4.05 -3.99 -3.90 -3.80 -3.72 -3.65 -3.59 -3.54 -3.51 -3.50 -3.51 -3.52 -3.53 -3.54 -3.55 -3.55 -3.52 -3.43 -3.31 -3.18 -3.09 -3.04 -3.01 -3.00 -2.99 -2.98 -2.99 -2.99 -3.00 -3.00 -3.01 -3.01 -3.01 -3.02 -3.02 -3.02 -2.98 -2.89 -2.76 -2.63 -2.54 -2.51
-5.07 -5.06 -5.07 -5.08 -5.09 -5.10 -5.09 -5.05 -4.99 -4.92 -4.82 -4.68 -4.50 -4.33 -4.21 -4.17 -4.19 -4.22 -4.23 -4.22 -4.19 -4.17 -4.14 -4.11 -4.08 -4.05 -4.03 -4.02 -4.02 -4.03 -4.04 -4.06 -4.09 -4.11 -4.08 -3.97 -3.82 -3.66 -3.52 -3.42 -3.33 -3.25 -3.20 -3.18 -3.19 -3.21 -3.23 -3.23 -3.24 -3.23 -3.22 -3.19 -3.15 -3.10 -3.07 -3.05 -3.04 -3.04 -3.03 -3.03 -3.03 -3.03 -3.04 -3.04 -3.05 -3.06 -3.05 -3.05 -3.04 -3.01 -2.94 -2.79 -2.59 -2.39 -2.25 -2.20
-4.98 -4.98 -4.98 -4.99 -5.01 -5.02 -5.01 -4.96 -4.90 -4.81 -4.70 -4.54 -4.33 -4.14 -4.00 -3.96 -3.97 -4.00 -4.02 -4.02 -4.01 -4.01 -4.00 -4.00 -3.99 -3.98 -3.98 -3.98 -3.97 -3.98 -3.98 -4.00 -4.04 -4.05 -4.01 -3.89 -3.71 -3.52 -3.36 -3.24 -3.13 -3.05 -2.99 -2.97 -2.98 -3.00 -3.02 -3.02 -3.02 -3.02 -3.02 -3.01 -3.00 -2.99 -2.99 -2.98 -2.98 -2.98 -2.98 -2.98 -2.98 -2.98 -2.98 -2.99 -3.00 -3.00 -2.99 -2.98 -2.97 -2.93 -2.84 -2.67 -2.43 -2.20 -2.04 -1.98
-4.76 -4.77 -4.77 -4.78 -4.80 -4.81 -4.79 -4.76 -4.70 -4.63 -4.54 -4.40 -4.22 -4.06 -3.95 -3.91 -3.92 -3.95 -3.97 -3.95 -3.93 -3.90 -3.88 -3.85 -3.82 -3.79 -3.77 -3.76 -3.76 -3.77 -3.77 -3.79 -3.83 -3.84 -3.81 -3.71 -3.56 -3.39 -3.26 -3.15 -3.06 -2.99 -2.94 -2.92 -2.93 -2.95 -2.96 -2.97 -2.97 -2.97 -2.96 -2.93 -2.88 -2.84 -2.81 -2.79 -2.78 -2.77 -2.77 -2.77 -2.77 -2.77 -2.77 -2.78 -2.79 -2.79 -2.79 -2.77 -2.76 -2.73 -2.65 -2.50 -2.30 -2.10 -1.96 -1.90
-4.44 -4.45 -4.46 -4.46 -4.47 -4.48 -4.47 -4.45 -4.42 -4.38 -4.33 -4.25 -4.15 -4.06 -4.00 -3.99 -4.01 -4.03 -4.03 -3.98 -3.92 -3.84 -3.77 -3.68 -3.59 -3.50 -3.44 -3.42 -3.43 -3.44 -3.46 -3.48 -3.51 -3.53 -3.51 -3.46 -3.37 -3.27 -3.19 -3.13 -3.07 -3.03 -2.99 -2.98 -2.99 -3.00 -3.01 -3.02 -3.03 -3.03 -3.00 -2.91 -2.78 -2.65 -2.55 -2.50 -2.48 -2.46 -2.45 -2.45 -2.45 -2.46 -2.46 -2.47 -2.47 -2.47 -2.47 -2.46 -2.45 -2.43 -2.38 -2.29 -2.17 -2.04 -1.96 -1.93
-4.14 -4.15 -4.16 -4.16 -4.17 -4.17 -4.17 -4.17 -4.16 -4.15 -4.13 -4.11 -4.08 -4.05 -4.04 -4.05 -4.07 -4.09 -4.07 -4.00 -3.90 -3.78 -3.65 -3.52 -3.37 -3.23 -3.14 -3.11 -3.12 -3.15 -3.17 -3.18 -3.20 -3.21 -3.21 -3.19 -3.17 -3.13 -3.11 -3.08 -3.06 -3.04 -3.03 -3.03 -3.03 -3.04 -3.04 -3.06 -3.08 -3.08 -3.02 -2.88 -2.68 -2.47 -2.32 -2.23 -2.19 -2.17 -2.16 -2.15 -2.15 -2.16 -2.17 -2.17 -2.17 -2.17 -2.17 -2.17 -2.16 -2.15 -2.13 -2.10 -2.05 -2.00 -1.97 -1.96
-3.96 -3.98 -3.99 -3.99 -3.99 -4.00 -4.00 -4.00 -3.99 -3.99 -3.98 -3.97 -3.96 -3.95 -3.94 -3.96 -3.99 -4.00 -3.98 -3.90 -3.79 -3.66 -3.53 -3.38 -3.22 -3.07 -2.96 -2.93 -2.95 -2.98 -3.00 -2.99 -2.98 -2.97 -2.96 -2.95 -2.95 -2.94 -2.94 -2.94 -2.94 -2.94 -2.95 -2.95 -2.95 -2.95 -2.95 -2.97 -2.99 -2.99 -2.93 -2.77 -2.55 -2.32 -2.15 -2.06 -2.01 -1.99 -1.97 -1.96 -1.97 -1.98 -1.99 -1.99 -1.99 -2.00 -2.00 -2.01 -2.02 -2.04 -2.05 -2.06 -2.06 -2.07 -2.07 -2.08
-3.92 -3.94 -3.96 -3.96 -3.97 -3.97 -3.97 -3.96 -3.94 -3.92 -3.89 -3.85 -3.79 -3.74 -3.71 -3.71 -3.74 -3.76 -3.74 -3.68 -3.59 -3.49 -3.38 -3.27 -3.14 -3.02 -2.94 -2.92 -2.94 -2.97 -2.97 -2.94 -2.88 -2.82 -2.77 -2.74 -2.71 -2.69 -2.68 -2.68 -2.69 -2.71 -2.72 -2.72 -2.72 -2.72 -2.72 -2.73 -2.75 -2.75 -2.70 -2.57 -2.39 -2.20 -2.06 -1.99 -1.95 -1.93 -1.92 -1.91 -1.91 -1.92 -1.93 -1.94 -1.94 -1.96 -1.98 -2.02 -2.08 -2.13 -2.18 -2.22 -2.25 -2.28 -2.30 -2.32
-3.97 -4.00 -4.01 -4.02 -4.04 -4.04 -4.03 -4.01 -3.97 -3.91 -3.84 -3.73 -3.60 -3.47 -3.39 -3.36 -3.38 -3.41 -3.41 -3.38 -3.34 -3.28 -3.23 -3.17 -3.10 -3.04 -3.00 -3.01 -3.03 -3.06 -3.04 -2.96 -2.85 -2.72 -2.62 -2.53 -2.46 -2.40 -2.36 -2.35 -2.36 -2.38 -2.40 -2.40 -2.40 -2.40 -2.40 -2.41 -2.42 -2.42 -2.39 -2.32 -2.21 -2.11 -2.03 -1.98 -1.96 -1.95 -1.94 -1.94 -1.94 -1.94 -1.95 -1.96 -1.98 -2.01 -2.06 -2.13 -2.24 -2.34 -2.43 -2.49 -2.53 -2.57 -2.60 -2.61
-4.01 -4.02 -4.03 -4.05 -4.06 -4.07 -4.06 -4.02 -3.96 -3.87 -3.77 -3.61 -3.42 -3.23 -3.10 -3.06 -3.07 -3.10 -3.12 -3.11 -3.10 -3.09 -3.08 -3.07 -3.05 -3.04 -3.03 -3.05 -3.08 -3.10 -3.06 -2.96 -2.80 -2.63 -2.48 -2.36 -2.24 -2.15 -2.08 -2.06 -2.07 -2.10 -2.12 -2.12 -2.12 -2.12 -2.11 -2.12 -2.12 -2.12 -2.11 -2.09 -2.06 -2.03 -2.00 -1.99 -1.98 -1.98 -1.98 -1.97 -1.97 -1.97 -1.98 -1.99 -2.00 -2.02 -2.05 -2.11 -2.18 -2.25 -2.31 -2.35 -2.38 -2.40 -2.42 -2.43
-3.95 -3.93 -3.91 -3.91 -3.93 -3.94 -3.93 -3.89 -3.83 -3.75 -3.64 -3.48 -3.28 -3.09 -2.96 -2.92 -2.93 -2.97 -2.98 -2.98 -2.97 -2.96 -2.95 -2.94 -2.92 -2.91 -2.90 -2.92 -2.95 -2.97 -2.94 -2.83 -2.67 -2.50 -2.35 -2.24 -2.13 -2.03 -1.97 -1.96 -1.97 -2.00 -2.02 -2.03 -2.03 -2.03 -2.04 -2.04 -2.04 -2.04 -2.04 -2.05 -2.06 -2.06 -2.07 -2.07 -2.07 -2.08 -2.08 -2.08 -2.08 -2.08 -2.07 -2.06 -2.04 -2.00 -1.94 -1.84 -1.70 -1.57 -1.46 -1.39 -1.34 -1.31 -1.28 1.39
-3.82 -3.72 -3.66 -3.64 -3.66 -3.67 -3.67 -3.64 -3.59 -3.53 -3.45 -3.34 -3.19 -3.05 -2.96 -2.93 -2.95 -2.98 -2.98 -2.96 -2.92 -2.88 -2.83 -2.78 -2.72 -2.67 -2.64 -2.64 -2.67 -2.69 -2.67 -2.59 -2.47 -2.35 -2.24 -2.17 -2.11 -2.06 -2.03 -2.03 -2.05 -2.08 -2.10 -2.12 -2.14 -2.15 -2.16 -2.17 -2.18 -2.18 -2.19 -2.20 -2.22 -2.23 -2.25 -2.25 -2.26 -2.26 -2.26 -2.27 -2.29 -2.29 -2.26 -2.20 -2.12 -1.99 -1.76 -1.37 -0.86 -0.34 0.07 0.33 0.50 0.63 1.59 2.21
