Instances/YellowSea/GMRTv3_5_20180731topo.asc
ncols 525
nrows 284
xllcorner 116.736328125
yllcorner 36.48835105361107
cellsize 0.017578125
nodata_value -2147483648
[rows 66 to 98 of 284, columns 0 to 72 of 525]
46.78 46.96 50.58 53.01 101.41 274.23 336.09 345.85 259.29 305.62 345.20 207.75 147.46 121.20 207.52 352.31 331.83 197.54 222.32 246.04 268.39 380.90 328.81 425.93 494.43 525.61 641.48 841.63 698.41 558.07 670.13 795.65 570.68 365.82 490.67 685.57 586.25 464.48 422.51 476.48 405.12 535.83 566.84 505.43 739.06 784.95 734.53 952.71 954.25 687.72 491.15 398.39 392.18 369.93 292.85 250.25 320.31 433.30 542.53 617.89 707.13 567.52 495.18 414.98 353.72 328.54 293.72 270.81 223.39 227.68 248.01 285.57 334.94
41.87 45.84 46.82 55.03 81.94 150.25 307.30 389.48 274.50 227.28 208.12 158.39 156.08 183.64 134.86 240.18 263.51 166.54 200.66 164.24 315.71 338.87 255.62 360.54 538.04 582.39 595.97 678.69 566.22 420.49 504.07 685.66 527.08 378.57 491.86 607.56 559.79 588.37 518.72 367.62 437.34 482.13 415.63 488.91 514.42 562.97 701.17 838.05 718.08 583.02 537.77 476.19 369.28 306.93 284.60 229.47 241.04 347.00 475.20 342.25 415.43 310.10 292.91 329.73 248.05 216.32 330.88 287.56 257.38 193.31 184.73 201.40 237.97
41.69 42.11 44.54 52.58 73.76 78.59 134.59 184.14 240.21 205.19 169.46 191.44 238.78 258.24 138.50 185.83 156.81 112.66 105.22 132.72 193.97 255.30 259.96 328.34 468.88 541.31 459.39 596.92 533.14 385.12 565.73 667.63 494.06 311.55 458.20 494.70 633.63 676.18 634.61 509.57 386.48 354.36 398.66 441.61 426.16 550.83 718.87 575.79 499.46 473.40 582.38 552.36 440.16 388.69 340.92 260.68 200.09 244.08 257.69 223.48 269.91 254.54 214.87 243.11 214.38 199.26 340.79 255.91 187.76 144.44 124.83 120.23 127.56
40.38 40.20 43.30 48.40 58.41 57.08 58.32 99.58 269.77 276.17 216.70 284.56 254.21 282.04 124.79 77.39 83.34 84.53 141.09 179.75 237.35 376.81 323.19 361.67 382.51 514.82 321.82 384.88 445.22 291.82 462.42 436.56 394.74 262.50 334.40 424.23 510.57 568.85 632.51 555.37 331.45 433.47 497.26 468.75 474.05 541.63 631.29 440.52 425.31 482.86 431.34 415.91 308.49 272.98 270.88 219.62 173.85 184.72 212.95 185.64 215.15 236.60 238.76 170.06 160.74 135.35 143.47 172.17 161.38 121.49 104.78 105.38 105.18
37.99 40.00 41.99 48.00 52.99 51.99 49.98 52.89 108.45 191.56 217.87 254.65 245.68 233.59 162.26 139.27 66.96 75.94 141.81 216.72 288.92 296.36 320.64 357.94 231.51 372.10 240.71 346.69 348.41 248.73 260.27 271.40 277.45 220.80 255.59 290.52 392.57 508.74 466.59 460.47 288.81 437.66 667.98 721.65 654.30 717.48 740.43 464.32 336.81 390.70 333.71 343.85 247.93 187.78 227.66 207.85 168.86 182.89 209.94 149.01 141.74 171.70 202.68 142.84 109.84 96.86 115.92 106.76 94.74 86.87 73.90 86.90 91.91
36.72 38.44 39.47 48.41 50.37 49.64 48.41 48.25 54.86 101.85 146.53 143.72 131.33 149.89 199.44 150.08 60.46 55.96 73.94 87.83 206.71 168.77 184.79 297.93 194.57 169.49 177.23 206.71 196.96 160.83 143.77 162.47 173.98 176.83 174.37 238.33 323.42 425.31 427.97 341.01 251.59 329.78 494.84 663.72 607.54 704.71 778.39 566.48 347.26 350.73 299.08 328.91 263.64 168.98 143.23 157.67 122.86 129.51 171.04 168.17 103.63 113.17 126.63 106.01 88.57 74.32 83.64 64.44 59.92 63.14 60.88 66.22 70.12
34.72 35.31 40.85 46.57 47.82 47.79 46.40 44.95 47.58 55.04 86.56 69.58 72.30 81.61 75.11 62.29 42.89 37.95 39.68 49.88 101.20 91.44 67.85 91.22 100.76 67.62 74.64 84.33 97.87 97.90 104.08 109.62 117.20 148.40 184.65 245.98 279.29 320.08 327.37 253.11 210.30 260.95 318.23 379.12 504.36 551.14 641.68 670.64 439.98 298.44 218.98 224.28 209.16 156.22 118.95 119.26 120.25 102.85 96.75 103.69 86.47 76.96 84.08 72.40 64.50 57.46 56.62 51.05 50.46 51.96 56.76 59.03 66.43
33.04 38.93 43.08 43.13 44.20 45.10 44.13 44.05 42.18 43.47 63.62 68.77 43.97 38.00 37.45 38.13 36.08 31.12 31.27 31.60 32.34 36.13 36.64 39.67 43.84 45.78 49.85 56.67 65.83 70.96 75.53 82.76 99.51 116.81 148.62 178.83 206.52 249.18 315.93 227.92 245.08 253.74 274.71 304.43 309.60 323.51 389.80 524.57 477.31 273.43 171.00 133.83 118.00 106.58 99.99 87.91 83.74 84.21 79.74 75.94 68.72 59.53 53.84 49.59 52.46 49.30 48.36 45.23 46.16 49.13 52.24 54.16 60.54
32.80 35.05 37.18 39.36 39.95 43.61 41.47 41.49 40.78 37.70 39.23 37.39 38.09 36.63 34.71 35.12 34.39 33.23 31.75 27.23 27.36 30.70 32.84 33.81 33.27 34.79 39.18 46.81 54.10 67.24 95.47 129.44 172.65 135.34 154.42 192.03 194.26 208.04 243.34 206.17 288.82 330.42 329.25 361.07 352.53 249.18 196.50 214.00 389.52 288.98 201.60 136.75 101.20 91.81 84.73 75.42 66.82 62.29 65.43 63.97 59.10 52.83 46.11 43.15 44.30 44.92 42.09 41.57 43.60 46.45 50.34 55.81 50.18
31.94 30.65 29.99 30.93 32.34 40.13 39.89 39.39 37.93 36.60 43.45 45.34 36.69 34.33 32.95 30.72 30.91 30.95 28.47 24.27 27.08 31.90 32.14 28.03 28.53 32.36 38.06 49.36 107.29 143.54 160.91 218.78 274.83 248.55 278.10 248.12 290.68 241.20 182.48 186.99 219.25 248.88 269.25 251.58 237.25 262.00 258.65 196.30 146.01 127.82 164.27 153.23 109.13 78.58 81.23 69.40 59.49 53.87 53.77 54.09 49.02 45.05 40.95 38.65 36.22 35.65 35.11 38.30 44.02 45.73 52.42 60.83 50.15
32.10 29.93 30.10 28.92 29.64 39.88 40.05 38.09 50.34 39.65 35.70 41.44 42.10 34.10 30.18 29.13 27.38 26.41 23.42 23.94 27.27 27.50 27.16 26.20 28.67 37.03 48.19 89.04 172.46 256.91 253.00 369.64 389.47 329.45 348.06 316.59 249.66 292.52 232.29 240.87 282.49 262.41 258.35 192.24 119.79 155.30 202.57 187.83 126.85 109.59 79.90 100.36 138.49 103.76 85.75 68.19 55.28 49.58 44.06 41.56 38.29 34.95 34.51 34.24 35.58 64.76 96.24 86.41 55.03 42.55 40.81 43.77 47.55
29.73 30.95 28.00 32.81 36.74 39.91 38.83 37.90 37.95 38.47 41.43 33.38 32.83 31.36 29.90 27.83 24.65 22.68 22.39 25.42 23.90 27.17 35.13 51.71 90.88 97.02 118.64 193.81 310.27 361.60 536.23 498.34 479.21 410.12 394.40 303.34 264.38 258.72 260.62 317.70 359.48 383.94 293.74 162.78 104.33 91.63 103.10 84.53 46.45 56.41 42.50 31.22 27.64 40.65 48.55 79.69 72.54 59.93 111.19 111.40 93.17 109.28 141.84 69.79 58.48 82.48 52.56 46.89 36.67 38.61 37.91 39.71 41.80
30.52 29.47 29.12 36.04 37.85 37.59 37.58 36.06 35.39 34.33 37.78 37.17 37.02 29.67 27.82 26.41 22.46 23.11 27.84 28.26 26.76 27.68 58.79 122.23 245.14 200.84 236.25 288.05 286.91 339.15 456.43 339.57 309.21 347.11 323.59 267.81 273.30 221.81 203.08 238.90 278.09 267.47 321.19 250.74 168.18 99.69 39.90 29.60 25.41 25.50 27.83 29.32 27.45 31.84 51.08 45.75 60.92 53.29 61.20 92.37 93.88 78.90 50.95 35.67 32.67 28.99 30.95 33.02 34.04 35.64 36.95 38.64 44.06
29.57 29.05 28.24 32.55 35.25 35.18 35.46 34.27 34.22 33.22 33.11 32.31 32.11 31.38 29.58 26.88 20.95 20.72 26.97 27.37 31.83 96.62 128.24 146.80 218.23 221.65 282.25 334.19 265.52 236.63 160.73 91.11 84.37 114.37 150.50 140.07 166.69 138.46 163.55 179.08 132.89 143.52 113.26 86.09 66.58 46.12 26.25 20.15 20.80 24.77 30.10 27.52 23.59 25.63 28.67 31.38 52.65 54.43 32.42 27.20 25.82 26.73 27.05 29.12 30.33 31.22 31.22 32.30 33.99 36.57 35.69 41.54 47.66
28.95 27.91 26.97 27.74 32.82 33.91 32.87 31.88 32.85 31.92 31.92 30.91 29.91 28.93 27.93 26.03 24.28 20.22 19.83 23.68 27.93 77.72 149.30 200.90 204.22 232.67 245.22 256.02 214.54 162.89 89.86 75.42 55.65 43.15 49.44 88.35 88.18 53.70 66.42 59.06 48.46 36.12 20.34 17.41 14.97 15.49 16.69 15.89 23.73 26.59 25.48 23.67 20.82 20.80 23.73 24.66 24.00 24.98 24.69 24.88 25.89 25.91 27.95 28.89 28.91 29.91 29.93 43.06 102.25 82.99 72.04 72.97 121.80
27.24 26.93 26.58 26.55 30.81 32.56 31.97 30.56 30.95 30.24 29.82 29.61 28.97 28.68 27.73 26.38 26.57 24.75 21.44 18.88 34.49 74.70 124.89 220.78 220.76 294.55 186.35 182.31 177.98 121.62 74.15 93.16 77.75 37.24 30.99 44.96 30.59 19.39 18.37 18.78 20.93 17.29 14.21 15.54 15.85 15.72 15.83 16.00 16.12 16.61 17.76 19.39 18.86 19.51 20.41 21.41 24.20 23.95 23.97 23.56 23.49 24.56 26.61 26.90 27.93 28.88 32.94 40.03 63.38 115.10 147.67 165.34 225.98
25.19 27.15 26.78 28.81 31.82 32.12 31.33 30.04 29.59 28.27 27.98 28.30 28.33 27.30 25.56 24.34 23.53 23.69 22.25 19.50 30.29 55.72 82.12 132.32 123.83 170.87 134.74 95.67 94.28 64.75 64.06 66.08 43.20 26.19 20.49 16.96 14.81 14.23 14.23 26.60 35.52 58.23 49.46 25.21 21.30 14.43 14.10 14.38 15.38 15.20 16.28 17.34 18.04 18.68 19.53 20.60 21.87 22.15 22.74 22.09 22.31 23.16 24.79 25.82 27.12 28.05 44.12 53.03 53.47 85.88 155.47 171.51 187.91
25.00 24.99 25.99 29.00 30.99 29.99 29.99 28.99 27.99 26.99 26.99 27.00 26.99 25.99 23.99 21.99 21.99 20.99 18.99 18.99 20.97 23.94 26.89 35.76 42.79 41.69 38.75 39.86 38.89 39.92 41.91 42.89 20.96 15.98 14.98 13.99 12.99 13.99 14.00 33.96 59.95 89.89 67.95 50.17 81.32 104.42 64.28 38.20 24.08 26.13 26.11 30.13 32.16 34.13 26.07 26.12 28.20 27.15 30.12 35.11 32.17 35.28 31.20 32.09 40.19 53.30 62.28 87.25 125.34 190.38 182.96 177.93 127.90
23.89 24.76 23.89 27.38 29.38 29.49 27.61 27.38 26.42 25.69 24.38 26.32 25.15 24.76 22.66 22.03 20.93 20.26 19.30 18.53 16.74 17.85 19.28 18.58 21.31 20.58 21.88 24.52 26.53 26.46 27.12 22.15 18.14 14.42 11.54 11.61 11.69 11.61 12.66 14.46 22.52 31.44 38.78 81.74 133.01 146.85 106.14 80.07 47.59 64.86 68.17 79.05 114.98 102.68 55.35 70.73 121.21 91.75 90.48 80.53 95.22 125.71 103.35 68.10 96.13 130.41 151.47 143.28 182.29 245.69 152.51 123.79 107.00
24.72 23.31 23.43 25.91 27.91 27.27 26.24 25.91 24.27 24.46 21.69 21.29 22.37 22.10 22.10 21.43 21.15 19.76 19.47 18.80 16.28 15.07 17.74 18.31 17.49 17.68 18.60 18.94 18.61 18.68 18.64 16.94 14.01 12.34 10.31 10.46 10.31 10.24 12.03 10.49 13.10 18.53 26.84 38.68 60.05 47.83 49.04 63.54 69.10 90.72 101.04 119.62 188.19 145.16 48.68 86.22 185.00 167.21 177.40 161.48 166.90 102.37 79.62 77.73 65.56 79.81 126.46 95.51 145.96 184.68 206.72 106.41 86.21
24.05 23.00 22.01 26.13 28.07 27.03 27.02 26.07 24.03 22.13 20.04 20.02 20.09 20.07 20.10 20.08 19.13 19.03 18.05 18.03 16.95 16.90 16.04 18.10 17.03 15.12 17.11 16.12 15.12 14.13 14.16 14.19 12.11 11.11 10.03 8.06 10.00 10.98 11.08 10.03 9.13 11.25 13.59 15.73 19.04 31.52 34.23 100.03 121.22 87.50 73.10 36.84 50.08 48.75 21.58 39.46 77.69 112.67 106.73 107.98 161.86 105.92 51.77 41.10 37.68 41.32 67.70 73.93 80.00 137.26 159.89 80.15 58.31
23.82 22.84 22.91 21.73 25.73 25.62 24.71 23.69 22.77 20.95 20.00 19.13 19.65 18.77 19.68 18.60 17.95 17.97 17.82 16.95 17.02 16.82 15.84 14.62 15.95 13.76 14.51 14.60 13.79 13.84 12.77 10.82 9.69 8.69 8.76 9.09 9.82 9.93 9.77 8.76 8.84 9.77 8.77 10.61 13.24 17.20 31.29 73.77 128.69 107.54 69.42 24.07 14.53 13.51 15.48 20.30 28.12 27.91 32.27 44.10 65.39 48.26 64.60 52.21 32.10 34.41 39.80 50.67 51.88 63.30 54.52 38.18 38.32
23.01 21.34 21.34 22.07 24.00 22.81 23.54 23.07 21.40 20.46 20.07 19.52 17.88 17.40 16.74 16.35 17.60 17.06 17.01 16.46 16.53 16.07 14.47 13.94 15.53 13.01 13.01 12.41 11.93 12.60 11.47 10.53 8.94 7.94 7.94 8.53 8.94 10.00 8.40 8.01 7.40 8.54 7.99 8.33 9.82 10.63 8.62 9.21 11.44 13.06 16.18 12.85 11.16 12.82 14.94 17.29 17.63 19.16 20.03 20.45 22.01 23.85 35.98 59.59 38.52 30.40 31.07 34.26 35.70 35.10 33.85 34.54 43.98
22.12 21.87 21.93 21.12 21.28 22.03 21.29 21.24 20.99 20.05 19.12 19.05 18.00 16.99 16.80 15.93 15.17 14.22 16.24 16.05 15.11 14.30 13.17 14.00 14.17 12.12 11.30 11.23 10.16 9.41 10.28 9.23 9.00 8.00 8.06 7.11 9.06 10.06 7.99 7.12 6.99 6.23 6.10 7.02 8.21 7.31 5.17 5.00 3.94 5.16 6.18 8.28 10.08 13.12 15.12 16.17 16.97 17.02 16.17 14.45 15.40 18.26 20.37 25.83 31.73 25.48 26.68 26.97 27.82 29.56 30.22 37.08 42.75
22.00 22.01 20.95 21.01 20.05 20.96 19.96 20.91 20.92 19.05 19.00 17.95 17.91 16.91 17.86 17.06 16.06 14.09 13.90 14.76 14.73 12.96 11.95 14.02 12.86 11.91 9.96 8.99 8.84 7.93 6.83 6.91 8.73 7.82 6.86 7.01 7.86 8.87 8.02 7.09 7.00 6.00 6.00 5.86 5.81 4.81 5.00 3.94 3.99 3.93 4.84 5.80 7.81 10.83 12.74 14.60 16.57 17.62 15.65 12.76 13.96 17.82 18.97 20.67 21.42 21.78 21.62 22.67 23.69 25.69 28.79 33.41 35.37
22.00 21.58 21.00 20.58 20.70 20.63 19.58 19.51 19.03 19.65 19.05 18.00 16.45 15.93 15.92 16.63 15.63 15.12 14.11 12.92 11.37 12.63 12.05 13.15 11.98 11.04 9.63 10.18 8.83 8.90 7.85 6.58 5.37 5.49 5.51 6.63 6.98 7.14 7.15 8.07 7.05 6.05 6.05 4.98 4.98 3.93 5.00 4.42 4.32 4.74 4.72 5.35 7.04 8.77 9.27 9.61 10.07 11.07 10.51 10.97 13.63 15.49 17.78 18.55 19.12 19.71 19.55 20.55 20.64 22.17 25.70 27.07 29.34
22.14 20.98 21.00 19.98 19.26 19.19 19.05 19.05 18.67 18.98 18.14 18.00 16.69 16.00 15.28 15.26 14.19 14.28 12.35 12.14 10.90 11.12 11.21 12.02 11.21 9.35 8.05 8.28 9.19 9.19 9.05 5.90 4.98 4.19 4.98 5.26 6.28 5.16 6.02 8.00 6.21 5.21 5.28 4.14 4.21 4.00 5.00 5.10 6.74 7.77 6.91 6.10 5.57 5.49 5.40 5.56 6.40 7.40 8.21 9.57 12.33 14.33 15.21 16.54 16.52 17.21 17.47 18.47 18.14 19.97 22.49 23.54 23.70
19.96 20.98 21.00 20.03 18.03 19.00 18.00 18.01 20.02 19.05 19.04 18.03 18.02 16.00 14.00 13.98 13.98 12.98 13.02 13.02 12.05 12.05 11.03 10.98 11.03 10.02 10.07 10.02 10.00 10.00 9.00 7.07 5.07 4.02 5.00 4.00 4.98 5.03 5.03 7.98 6.00 4.98 3.98 5.00 4.00 4.00 5.00 3.98 4.94 5.94 5.93 4.93 2.96 2.98 3.98 5.00 4.96 5.93 6.93 6.96 9.91 11.94 13.91 13.91 13.94 15.93 15.93 16.93 17.95 18.96 19.91 19.89 19.92
20.08 19.65 20.77 20.76 19.84 19.31 19.03 18.76 19.38 20.92 20.11 18.76 18.04 16.66 15.39 13.61 12.89 13.31 13.35 13.04 12.84 12.45 11.80 11.04 11.80 10.04 10.80 8.93 9.00 8.65 8.69 8.84 8.22 6.01 5.97 5.35 4.92 5.68 6.80 6.93 6.04 3.93 4.00 3.93 3.69 4.04 4.69 3.96 3.93 4.61 3.85 2.85 3.31 4.07 4.00 4.69 3.93 3.85 4.85 6.38 7.54 10.38 10.51 11.23 12.73 13.31 13.31 14.62 15.31 17.34 17.58 17.89 18.58
18.56 18.28 18.60 20.03 18.89 20.11 19.68 17.89 17.77 18.52 19.39 18.03 17.32 17.47 16.11 14.32 13.61 14.11 13.43 12.32 10.60 10.92 10.20 10.32 10.35 9.32 9.43 9.15 7.64 7.35 8.03 7.96 8.07 8.27 7.59 6.87 6.44 6.32 6.71 7.15 5.32 3.93 3.85 4.00 2.89 3.24 4.03 4.83 4.07 3.96 4.00 2.93 4.11 4.00 4.00 3.96 3.93 4.00 5.00 4.85 7.03 7.63 9.43 10.07 9.99 10.56 10.48 12.67 12.63 15.46 16.43 17.32 18.57
18.97 18.00 18.00 19.03 19.99 19.01 20.02 18.97 19.96 18.97 18.03 17.01 17.02 16.03 15.03 14.98 14.97 13.03 12.05 12.04 10.00 11.00 10.99 10.02 9.01 9.02 7.06 7.08 7.02 6.03 7.05 8.02 7.05 6.06 5.06 5.04 6.03 7.05 6.03 5.06 4.98 4.97 5.96 3.98 3.97 3.97 3.01 3.06 3.03 4.02 4.02 3.99 3.01 4.00 4.00 4.00 4.99 3.98 5.00 6.02 6.08 6.05 7.08 8.06 7.98 10.00 11.01 11.05 11.05 12.13 14.10 17.04 20.06
18.77 18.00 18.00 19.02 18.95 19.64 18.95 19.02 19.18 18.82 17.80 18.09 15.95 15.80 14.80 15.69 14.62 12.82 10.93 10.09 9.80 10.80 9.70 8.93 9.87 7.91 7.18 6.11 5.88 6.18 6.11 6.93 6.11 5.98 5.20 5.84 6.00 4.86 5.80 5.20 5.66 5.02 4.93 5.09 4.00 3.77 3.87 3.23 3.23 3.13 2.93 2.93 3.87 4.02 4.02 4.00 3.93 5.09 5.02 3.84 4.06 5.13 6.11 8.20 9.94 9.64 8.68 9.75 9.75 9.68 11.50 14.09 15.13
18.44 17.93 18.00 18.37 18.51 18.59 18.57 18.57 19.00 17.45 17.01 17.51 15.44 14.94 14.01 13.33 12.33 11.38 11.00 10.42 8.88 10.01 9.64 9.07 9.01 8.56 8.62 7.62 7.13 7.75 7.69 7.00 7.55 6.56 5.99 5.58 6.00 5.00 4.94 6.12 3.89 4.44 5.07 4.51 4.00 3.51 2.88 3.42 3.42 4.12 3.00 3.07 2.94 3.37 3.44 4.00 4.00 4.51 4.44 4.63 4.99 6.06 7.62 9.12 9.08 6.83 7.45 8.45 8.45 8.45 8.76 9.65 12.34
