Instances/YellowSea/GMRTv3_5_20180731topo.asc
ncols 525
nrows 284
xllcorner 116.736328125
yllcorner 36.48835105361107
cellsize 0.017578125
nodata_value -2147483648
[rows 198 to 230 of 284, columns 438 to 510 of 525]
-71.02 -69.01 -67.03 -63.01 -61.02 -60.02 -61.03 -51.95 -46.96 -37.98 -12.30 -5.43 -7.29 3.52 2.56 11.66 10.66 -11.27 -30.15 -46.04 -47.01 -41.96 -27.90 -15.93 -17.99 -28.01 -21.00 -20.99 -13.97 -8.98 -9.99 -9.98 -9.05 -7.06 -4.14 3.58 7.69 -2.06 -6.05 -2.97 8.08 9.18 6.05 24.88 32.02 17.12 23.94 48.38 124.08 237.31 162.81 87.12 102.66 202.98 169.53 147.36 174.97 141.79 72.32 66.84 130.57 147.50 124.35 82.32 113.95 52.70 24.60 11.57 -10.29 -10.14 13.84 10.94 -2.02
-69.01 -66.80 -63.89 -62.82 -60.32 -57.63 -52.58 -52.40 -50.42 -39.91 17.99 48.84 28.06 49.55 45.24 35.42 27.93 8.12 -18.11 -41.80 -47.24 -45.31 -34.56 -20.51 -20.40 -25.83 -20.96 -19.97 -17.06 -12.79 -9.86 -9.52 1.57 4.36 15.48 63.29 48.74 17.48 15.75 11.01 3.50 8.37 29.65 26.37 10.14 15.66 60.26 113.60 194.69 222.06 255.40 208.87 153.79 168.23 135.74 122.41 116.84 78.18 57.23 109.13 142.92 84.47 69.20 58.70 89.81 82.75 59.42 39.42 19.05 18.56 21.36 13.47 8.77
-62.06 -59.00 -58.18 -61.54 -62.84 -57.40 -43.89 -50.62 -50.93 -39.27 -9.73 24.95 50.80 33.25 16.16 6.76 3.71 -0.88 -12.25 -31.15 -42.16 -47.04 -40.55 -26.16 -15.91 -26.73 -30.99 -28.34 -23.81 -16.30 -8.07 0.25 9.98 8.37 17.91 49.32 49.82 52.36 64.51 44.23 28.01 47.16 40.69 16.77 6.74 17.67 24.13 49.40 96.76 134.28 129.17 110.91 52.69 37.34 44.87 74.69 68.98 39.91 23.67 45.68 65.74 115.49 53.60 80.16 99.28 98.16 56.25 20.86 17.92 24.92 14.39 18.82 0.53
-59.72 -56.59 -55.85 -59.24 -60.43 -58.66 -53.59 -55.20 -52.55 -42.21 -20.71 4.53 43.67 30.45 29.89 12.69 -4.63 -6.90 -8.43 -22.00 -31.21 -39.07 -39.42 -32.46 -19.72 -24.63 -36.83 -33.56 -27.50 -15.67 3.88 1.12 2.16 21.60 28.89 24.83 33.98 53.18 61.79 27.89 30.46 56.66 38.76 41.51 41.38 30.03 9.90 28.68 42.73 44.75 54.74 38.22 17.10 16.16 24.07 32.45 24.91 9.06 9.40 28.82 38.94 90.22 35.79 65.96 108.08 75.96 36.36 15.01 9.75 16.70 15.90 15.71 2.39
-63.25 -62.37 -60.31 -60.13 -61.13 -62.18 -61.26 -59.11 -55.08 -48.19 -28.18 -20.53 -13.44 -12.04 -4.06 -1.60 -7.08 -8.97 -8.07 -14.60 -25.66 -34.76 -37.94 -36.11 -28.21 -21.88 -36.77 -34.99 -32.21 -24.45 -4.74 -11.31 -6.56 19.82 43.81 19.25 9.21 28.02 33.78 13.52 34.59 45.65 46.33 34.65 30.90 17.72 14.72 46.16 26.55 35.03 71.08 87.70 64.61 14.51 12.47 20.33 14.72 8.03 12.13 20.64 35.65 32.01 17.47 44.12 121.44 90.13 52.96 23.65 8.47 15.30 25.61 29.86 19.96
-68.91 -70.10 -66.99 -64.02 -64.73 -65.19 -63.93 -60.29 -56.83 -51.77 -31.09 -19.24 -18.44 -19.30 -15.02 -9.28 -9.45 -9.02 -10.33 -7.16 -17.72 -28.33 -36.75 -36.97 -29.51 -19.49 -27.32 -34.29 -35.37 -32.27 -23.10 -14.67 -18.17 -15.42 -8.13 -5.05 0.40 17.36 19.51 11.77 13.39 11.52 26.30 59.65 54.14 12.88 0.71 1.46 -8.07 7.30 44.75 103.97 84.01 28.34 9.70 5.07 10.10 6.49 9.47 11.23 18.49 8.17 12.77 25.85 51.82 45.61 38.83 68.25 20.62 -12.18 -0.79 7.51 3.48
-70.57 -71.03 -68.64 -67.24 -67.26 -65.47 -62.81 -62.14 -61.00 -58.00 -41.89 -20.48 -11.73 -18.85 -23.73 -13.50 -21.39 -23.91 -18.23 -12.97 -14.00 -22.86 -34.32 -38.78 -33.35 -19.83 -12.73 -28.55 -32.82 -30.45 -28.14 -21.80 -17.10 -18.30 -20.11 -16.50 -10.14 4.04 8.62 16.32 4.14 9.35 20.67 19.98 2.25 -2.04 -2.65 -11.84 -16.48 1.48 8.42 21.45 10.76 10.65 18.39 23.98 27.62 15.66 2.88 14.39 21.22 20.13 12.52 11.21 21.46 35.10 41.00 46.91 15.74 -23.18 -16.18 -7.75 -3.13
-72.76 -71.85 -69.91 -69.82 -68.92 -67.82 -64.76 -64.88 -61.97 -60.73 -50.18 -28.85 -12.29 -5.50 -6.71 -8.63 -14.14 -27.87 -31.07 -23.99 -12.20 -13.43 -30.32 -41.03 -37.64 -25.23 -13.96 -14.98 -27.66 -22.33 -19.44 -16.74 -12.47 -10.02 -15.48 -21.37 -21.48 -18.42 -8.96 -2.36 -4.31 -3.20 -3.19 -3.92 -7.68 -2.87 -5.77 -14.67 -2.60 10.26 21.27 29.10 19.05 15.48 5.12 12.90 11.83 27.59 5.29 9.51 23.34 23.01 7.65 14.21 33.44 41.59 56.61 22.07 14.65 -11.19 -5.01 -2.27 -2.00
-74.06 -72.96 -70.17 -70.16 -69.15 -68.07 -66.21 -64.02 -63.03 -63.18 -57.53 -41.40 -18.94 -6.16 4.06 16.11 26.62 -13.49 -35.15 -31.70 -29.37 -20.24 -29.06 -38.28 -39.66 -32.55 -23.09 -12.79 -20.61 -25.89 -23.14 -11.17 -9.38 -3.37 4.56 -7.79 -20.77 -26.36 -17.51 -7.22 -4.05 -2.03 -2.00 -1.94 -7.62 -3.89 -3.71 1.59 20.27 28.23 26.62 25.42 12.43 4.30 1.38 -1.52 1.43 10.64 0.94 6.70 31.87 17.14 9.55 22.55 43.16 57.93 52.77 24.25 -10.86 -4.51 -3.10 -4.42 -4.62
-73.63 -71.93 -72.10 -72.83 -72.11 -69.71 -68.83 -66.13 -63.64 -64.39 -61.00 -53.22 -31.00 -5.13 41.20 93.72 38.45 -19.22 -35.05 -37.75 -38.97 -35.82 -34.17 -32.78 -34.86 -35.12 -32.61 -26.23 -20.43 -19.65 -20.18 -16.91 1.79 3.89 9.11 -3.10 -19.18 -27.90 -19.24 -8.44 -4.57 -1.29 3.33 0.07 -5.59 -0.93 8.04 7.97 6.31 6.97 18.73 12.95 8.22 2.49 -4.35 3.88 14.03 34.99 32.09 30.99 17.74 19.23 43.93 48.11 77.27 61.38 24.88 18.63 4.12 -1.23 -5.92 -9.02 -10.21
-73.04 -72.00 -72.69 -74.70 -76.12 -72.54 -70.92 -68.74 -66.32 -65.81 -61.60 -55.77 -41.58 -8.31 16.67 50.34 10.01 -22.59 -28.90 -36.35 -40.12 -44.18 -44.51 -38.86 -37.90 -36.17 -35.90 -31.91 -24.73 -13.02 -15.57 -20.85 -0.02 3.92 -3.36 -10.22 -20.81 -27.98 -17.69 -9.41 0.70 10.07 10.50 -0.13 -8.94 -2.85 -0.70 -1.01 -0.13 2.25 5.73 1.46 8.12 -0.85 -0.35 14.30 39.51 45.37 67.18 53.01 27.16 13.28 54.10 62.68 51.23 51.23 27.77 6.19 -1.20 -3.22 -12.98 -10.22 -7.03
-72.05 -72.00 -73.00 -75.99 -77.93 -72.05 -69.09 -70.02 -68.95 -65.05 -58.26 -56.92 -52.38 -31.56 -25.48 -24.42 -22.30 -16.74 -10.94 -15.86 -29.66 -39.72 -46.40 -40.80 -41.68 -39.74 -40.66 -38.54 -37.25 -21.16 -13.02 -22.37 -27.54 -20.09 -18.31 -17.58 -20.02 -23.24 -15.98 -4.04 0.33 4.65 -1.49 -3.92 -2.27 -2.10 -1.98 -2.90 -3.62 -1.68 -2.73 -0.01 -3.54 39.22 23.28 23.84 13.28 11.06 30.24 41.69 16.62 4.49 38.22 24.61 10.58 18.58 23.57 7.96 -1.91 -11.53 -15.15 -8.19 -4.05
-71.86 -72.13 -72.73 -74.12 -78.71 -72.16 -69.11 -68.00 -67.80 -65.13 -54.37 -58.77 -61.06 -51.94 -37.51 -28.35 -20.77 2.24 27.06 15.39 -20.53 -21.69 -31.54 -46.39 -48.89 -44.82 -46.60 -45.78 -46.94 -37.09 -16.85 -10.01 -9.65 -18.59 -23.92 -23.40 -21.49 -20.77 -19.13 -11.43 -7.96 -4.82 -4.38 -4.14 -2.13 -1.29 -2.76 -5.21 -10.23 -6.98 -1.78 5.30 -0.82 8.52 16.06 18.16 10.29 13.95 50.71 33.63 10.04 -0.50 2.08 1.89 -1.14 3.25 13.40 5.43 -5.68 -16.69 -10.23 -4.53 -6.00
-70.93 -73.45 -70.25 -61.59 -67.69 -72.62 -70.90 -69.51 -66.88 -66.57 -62.05 -63.56 -62.78 -55.63 -44.69 -31.63 -23.48 -4.55 -11.58 -15.02 -20.17 -11.94 -16.19 -38.90 -48.94 -48.44 -48.14 -48.70 -48.76 -44.55 -32.09 -14.02 -3.88 -6.88 -14.69 -20.90 -24.71 -24.33 -30.70 -25.86 -17.26 -9.46 -6.80 -5.12 -3.51 3.90 -1.31 -4.09 7.18 25.91 32.71 12.27 25.66 31.27 22.08 36.30 23.01 37.49 68.78 49.58 4.28 -2.85 -2.25 -3.42 -3.77 -1.75 -3.73 -7.37 -11.54 -8.89 -4.72 -8.03 -14.30
-70.85 -74.79 -72.04 -63.33 -64.48 -71.90 -72.97 -70.03 -67.69 -66.41 -64.55 -60.09 -56.21 -52.49 -47.54 -37.49 -36.16 -35.00 -28.18 -21.36 -18.18 -11.46 -10.91 -21.47 -40.36 -46.22 -48.29 -48.41 -47.97 -44.69 -40.59 -31.42 -16.98 -6.75 -3.19 -9.27 -17.78 -26.02 -33.69 -40.35 -36.67 -24.78 -10.46 -4.16 -3.96 -5.22 -4.72 24.55 24.22 40.38 7.39 30.50 62.49 41.78 24.32 18.41 4.73 20.39 29.29 49.07 -2.51 -6.13 -4.98 -3.18 -2.86 -3.77 -12.65 -16.31 -12.72 -7.07 -13.08 -18.50 -15.42
-72.98 -75.00 -75.97 -76.91 -72.94 -73.00 -71.03 -70.00 -69.00 -64.02 -62.02 -56.99 -53.00 -51.02 -49.00 -44.92 -44.92 -45.94 -36.92 -24.93 -17.97 -14.96 -11.98 -15.03 -26.16 -38.12 -44.07 -46.03 -47.98 -45.97 -44.95 -42.91 -35.82 -24.77 -11.79 -5.90 -6.00 -12.10 -22.13 -33.13 -42.10 -40.91 -20.88 -4.94 -5.10 0.50 34.50 36.17 6.26 -6.62 4.04 40.22 22.38 8.30 -0.78 -2.85 -4.89 -4.76 -5.67 -14.50 -17.86 -9.92 -6.86 -11.83 -15.82 -19.85 -23.92 -21.97 -21.97 -11.95 -16.01 -25.01 -14.05
-73.33 -75.18 -77.25 -78.25 -74.45 -72.11 -70.28 -70.38 -68.31 -64.35 -62.15 -60.46 -55.41 -49.91 -47.88 -48.19 -49.08 -46.15 -42.39 -33.46 -24.23 -18.47 -15.09 -16.93 -18.80 -29.51 -38.61 -44.42 -50.05 -49.48 -48.21 -46.16 -43.51 -37.89 -29.34 -21.02 -17.18 -10.81 -13.79 -22.59 -24.72 -38.40 -26.10 -14.26 5.99 48.54 47.46 5.45 -8.91 -9.88 -4.96 7.05 14.81 -1.80 -8.69 -12.90 -14.00 -17.75 -16.39 -19.41 -21.54 -17.13 -24.50 -26.36 -25.45 -23.90 -23.27 -18.46 -16.40 -16.84 -16.83 -18.09 -9.03
-76.66 -76.70 -78.89 -79.83 -76.70 -73.58 -73.28 -72.64 -70.57 -66.96 -63.90 -59.84 -54.71 -50.51 -48.90 -48.39 -47.88 -48.03 -49.42 -46.27 -39.07 -31.21 -25.45 -23.94 -23.44 -25.57 -31.64 -40.08 -46.75 -48.84 -48.13 -47.09 -42.49 -35.97 -25.46 -24.34 -27.06 -15.41 -10.09 -15.14 -17.30 -32.41 -32.10 -34.08 -29.28 -20.39 -19.13 -14.27 -6.20 -3.25 -5.61 -0.90 6.77 -10.20 -19.70 -19.59 -22.29 -21.50 -17.13 -18.33 -21.26 -19.03 -22.75 -26.29 -23.74 -21.87 -18.53 -15.27 -19.79 -26.25 -17.00 0.28 10.86
-78.13 -75.44 -75.24 -77.07 -76.13 -73.95 -72.33 -73.02 -71.71 -70.44 -67.37 -61.16 -49.86 -50.68 -51.55 -50.46 -48.69 -49.86 -51.21 -49.27 -47.51 -42.79 -38.28 -32.40 -29.05 -27.51 -29.10 -33.94 -39.30 -43.17 -46.69 -47.49 -41.98 -34.83 -30.95 -32.05 -39.21 -39.25 -35.63 -34.98 -34.52 -33.59 -31.25 -34.42 -42.14 -40.97 -33.47 -25.38 -16.78 -6.90 -11.50 -12.14 -13.68 -24.09 -27.79 -25.93 -27.23 -25.66 -24.76 -28.77 -33.55 -30.06 -27.13 -22.70 -19.21 -14.47 -12.69 -14.83 -18.43 -16.61 -7.14 22.24 25.93
-76.98 -73.98 -68.95 -70.95 -77.08 -75.08 -73.06 -73.02 -74.06 -72.04 -70.06 -66.11 -59.26 -56.17 -54.14 -54.11 -51.10 -50.04 -48.94 -46.96 -47.98 -47.07 -45.11 -41.16 -35.17 -30.10 -29.02 -30.98 -32.87 -36.83 -40.81 -42.87 -41.96 -37.08 -35.16 -36.14 -40.00 -42.94 -43.91 -43.88 -45.83 -40.90 -32.99 -27.93 -31.74 -32.71 -26.71 -30.18 -30.48 -27.60 -30.46 -27.45 -35.66 -38.41 -40.22 -28.16 -30.14 -34.19 -30.09 -28.84 -31.76 -25.79 -20.85 -18.95 -13.02 -12.09 -14.06 -13.98 -13.89 -10.91 -9.03 1.50 -0.63
-76.97 -74.45 -72.12 -73.86 -80.25 -78.22 -75.44 -74.07 -75.11 -73.36 -71.33 -68.34 -64.82 -60.98 -60.11 -57.90 -55.13 -52.86 -48.09 -47.16 -47.38 -48.30 -46.01 -43.37 -40.27 -34.16 -31.05 -32.53 -31.31 -32.38 -34.63 -38.13 -38.78 -39.11 -40.33 -39.74 -38.44 -35.99 -32.73 -30.10 -27.13 -28.11 -28.81 -28.36 -26.93 -26.03 -19.71 -37.32 -47.42 -45.00 -43.83 -43.95 -52.20 -45.62 -39.59 -35.90 -35.36 -35.63 -30.20 -20.97 -21.63 -19.39 -18.95 -18.87 -18.49 -17.46 -15.40 -14.29 -12.34 -10.35 -9.39 -8.43 -12.55
-77.58 -77.27 -76.30 -77.25 -79.42 -78.00 -75.34 -74.07 -74.56 -73.47 -71.98 -70.14 -67.06 -64.76 -62.60 -61.97 -60.53 -56.25 -50.51 -49.58 -50.13 -49.49 -46.95 -44.42 -44.37 -38.81 -35.30 -35.06 -33.99 -33.03 -31.14 -29.80 -30.96 -34.24 -35.24 -33.00 -27.92 -24.82 -26.92 -27.85 -29.20 -29.44 -29.62 -32.45 -32.47 -26.28 -28.64 -42.76 -52.67 -51.11 -50.71 -46.41 -36.76 -29.81 -31.23 -34.29 -29.80 -25.99 -24.24 -20.17 -18.96 -17.49 -17.54 -15.77 -15.82 -15.33 -14.97 -14.47 -14.62 -13.77 -13.42 -12.59 -8.57
-78.13 -78.08 -77.90 -78.96 -79.05 -78.00 -76.73 -73.13 -72.30 -73.05 -72.87 -71.84 -70.64 -67.78 -65.00 -62.70 -62.47 -58.14 -55.65 -53.65 -52.71 -51.64 -50.52 -47.57 -44.97 -41.72 -37.02 -38.64 -38.40 -34.78 -31.86 -27.12 -24.60 -26.79 -27.73 -27.35 -25.65 -27.32 -32.71 -37.84 -42.06 -42.71 -42.10 -42.16 -44.93 -42.69 -49.91 -50.02 -47.45 -37.96 -31.11 -29.35 -25.50 -25.33 -26.98 -25.39 -20.09 -17.92 -17.93 -16.87 -14.66 -12.53 -12.47 -12.26 -12.15 -13.09 -13.04 -13.99 -15.94 -15.97 -15.05 -14.60 -11.90
-75.88 -76.97 -78.00 -78.02 -78.01 -78.00 -77.00 -73.05 -70.97 -71.92 -72.89 -72.99 -70.89 -67.79 -60.53 -52.19 -53.96 -53.06 -53.41 -53.69 -53.93 -54.02 -53.07 -49.19 -46.13 -42.97 -34.91 -38.88 -40.96 -37.02 -31.95 -25.96 -20.78 -21.64 -23.68 -25.76 -27.92 -29.93 -29.75 -31.42 -30.23 -32.20 -37.23 -40.36 -43.20 -44.16 -46.91 -39.01 -31.17 -27.56 -25.74 -25.72 -23.81 -21.74 -19.63 -16.69 -13.88 -12.91 -10.83 -9.77 -10.94 -10.96 -11.95 -10.91 -12.93 -12.89 -13.93 -13.95 -14.86 -14.86 -14.89 -14.90 -14.91
-74.61 -76.69 -77.96 -79.03 -79.35 -78.24 -77.28 -74.07 -70.69 -70.02 -70.62 -71.65 -68.85 -63.35 -53.81 -42.55 -36.13 -35.21 -40.31 -46.26 -51.22 -52.93 -53.24 -52.77 -49.05 -42.75 -35.98 -37.56 -39.09 -35.97 -30.93 -26.24 -18.73 -17.31 -18.72 -20.17 -23.68 -25.36 -25.05 -23.03 -22.54 -24.17 -24.81 -26.47 -25.98 -25.14 -25.72 -24.75 -24.81 -23.60 -21.95 -20.88 -19.64 -17.60 -15.87 -15.69 -14.84 -13.84 -12.78 -11.02 -12.47 -11.08 -10.97 -9.97 -10.22 -10.58 -11.58 -12.38 -12.62 -12.58 -12.58 -12.26 -11.54
-74.03 -75.95 -78.64 -79.56 -80.54 -80.25 -78.54 -73.85 -69.88 -67.22 -68.68 -70.32 -68.93 -63.45 -54.53 -44.02 -35.01 -32.67 -36.06 -44.23 -49.76 -52.93 -55.32 -55.51 -51.92 -46.83 -43.21 -43.60 -41.03 -35.22 -31.07 -28.39 -20.84 -18.15 -17.57 -16.13 -18.27 -19.29 -18.18 -17.86 -20.79 -29.11 -24.94 -18.75 -17.14 -17.18 -16.50 -17.23 -19.90 -19.76 -17.95 -16.95 -14.90 -13.61 -13.37 -13.83 -12.83 -11.83 -13.04 -12.16 -12.06 -9.87 -10.51 -9.36 -8.91 -9.32 -10.39 -9.63 -10.75 -11.39 -11.39 -10.27 -9.68
-73.09 -76.00 -79.01 -80.87 -82.78 -81.83 -80.74 -75.68 -70.77 -66.85 -67.89 -69.99 -69.86 -65.74 -59.48 -51.31 -43.23 -41.13 -43.26 -47.60 -51.78 -53.82 -55.97 -54.19 -50.13 -50.66 -51.33 -50.41 -45.47 -36.57 -29.89 -28.05 -22.89 -19.88 -17.09 -15.94 -16.92 -17.06 -16.97 -16.98 -22.06 -27.68 -23.48 -17.11 -14.10 -14.15 -13.09 -14.15 -15.27 -16.30 -17.03 -15.98 -13.93 -12.02 -11.12 -11.16 -10.16 -9.21 -9.34 -7.38 -7.38 -7.21 -8.17 -8.99 -9.00 -8.99 -9.08 -8.99 -9.12 -10.08 -10.08 -10.04 -8.99
-72.99 -76.00 -78.99 -82.14 -84.14 -84.29 -83.29 -79.33 -74.42 -70.41 -70.20 -70.02 -70.89 -68.12 -64.30 -56.47 -50.65 -48.56 -49.43 -51.25 -53.16 -56.31 -57.16 -54.18 -51.48 -53.62 -56.63 -55.55 -50.55 -42.59 -34.54 -29.21 -24.21 -21.21 -17.15 -17.21 -18.04 -16.99 -16.99 -17.00 -18.68 -20.35 -18.63 -15.95 -15.05 -14.10 -14.15 -14.01 -13.96 -14.87 -15.88 -15.92 -15.05 -13.14 -12.05 -10.99 -10.08 -8.03 -6.98 -6.03 -6.03 -5.94 -8.00 -9.10 -8.99 -9.00 -9.00 -9.00 -8.04 -9.90 -10.00 -8.95 -9.00
-73.37 -76.00 -79.46 -83.17 -85.12 -85.82 -84.82 -81.24 -77.26 -73.68 -70.80 -69.50 -67.99 -67.13 -64.57 -59.36 -54.70 -51.54 -51.14 -51.85 -53.25 -57.14 -57.39 -56.29 -57.51 -60.17 -62.14 -59.75 -54.75 -47.02 -39.30 -32.11 -27.06 -24.01 -20.38 -19.64 -18.18 -17.27 -17.41 -17.00 -16.49 -16.30 -16.49 -16.00 -15.05 -14.75 -14.75 -13.63 -13.68 -13.61 -14.29 -14.65 -15.14 -14.17 -12.00 -11.41 -11.44 -9.76 -8.76 -7.71 -7.39 -6.73 -8.00 -9.66 -9.32 -8.95 -9.00 -9.00 -9.07 -9.29 -10.00 -8.95 -9.00
-74.19 -76.15 -78.81 -81.77 -84.53 -84.50 -83.50 -79.77 -76.46 -72.89 -68.88 -64.71 -62.67 -61.74 -59.71 -57.01 -54.35 -52.65 -50.93 -48.97 -47.13 -47.56 -49.21 -54.31 -58.65 -61.30 -62.84 -59.18 -54.18 -48.37 -42.49 -35.88 -31.42 -29.19 -26.22 -24.22 -21.49 -19.27 -17.20 -16.93 -15.89 -16.65 -15.89 -16.07 -14.39 -13.35 -13.42 -13.11 -12.42 -12.42 -11.62 -12.66 -13.09 -12.70 -12.07 -11.35 -12.11 -11.77 -10.69 -10.53 -8.73 -8.08 -8.00 -9.72 -10.73 -9.69 -9.00 -9.00 -9.00 -10.04 -10.00 -9.76 -9.07
-72.18 -74.18 -76.17 -79.21 -81.27 -81.27 -80.31 -77.21 -74.29 -69.34 -64.32 -60.25 -58.25 -56.24 -55.18 -55.04 -53.89 -53.80 -51.87 -46.93 -40.14 -36.36 -39.39 -48.33 -55.27 -58.31 -56.50 -51.63 -46.63 -44.36 -43.01 -40.68 -38.51 -35.56 -32.56 -29.69 -26.72 -21.83 -18.78 -17.84 -16.87 -16.93 -16.95 -15.09 -13.05 -12.05 -11.11 -11.11 -10.11 -10.11 -10.05 -11.12 -10.13 -11.08 -11.09 -11.03 -11.09 -12.04 -12.02 -10.10 -9.04 -8.00 -8.04 -9.09 -11.08 -10.00 -9.04 -9.04 -9.00 -10.00 -10.04 -9.09 -8.09
-69.63 -71.76 -73.77 -75.60 -77.47 -77.47 -75.41 -73.37 -68.24 -63.35 -60.46 -56.69 -54.79 -54.90 -53.90 -55.10 -57.67 -58.59 -54.57 -50.74 -44.07 -37.95 -38.63 -46.00 -51.46 -53.30 -50.23 -43.20 -38.31 -39.75 -42.99 -44.55 -44.91 -41.90 -38.77 -33.52 -29.33 -24.47 -22.52 -21.64 -19.55 -19.41 -17.29 -14.01 -12.99 -12.01 -10.89 -11.04 -9.89 -9.89 -9.76 -8.89 -8.82 -9.83 -9.82 -9.94 -9.94 -10.83 -9.77 -8.83 -7.83 -7.89 -6.95 -7.83 -8.77 -9.90 -7.95 -7.80 -8.75 -9.89 -8.80 -7.63 -7.04
-67.81 -70.88 -72.41 -72.98 -73.96 -74.01 -72.01 -68.06 -63.48 -59.96 -57.38 -56.24 -56.03 -56.03 -55.14 -56.79 -61.64 -61.99 -59.88 -57.32 -55.24 -49.13 -46.28 -47.43 -48.38 -48.48 -45.89 -41.10 -37.48 -40.31 -43.41 -47.21 -49.82 -47.13 -43.00 -37.29 -32.22 -27.83 -26.29 -26.26 -25.50 -24.90 -22.95 -16.93 -13.26 -11.53 -9.52 -9.76 -8.57 -8.57 -7.45 -8.59 -7.93 -8.52 -9.04 -10.16 -10.05 -9.52 -8.52 -7.52 -6.52 -6.57 -6.59 -6.46 -7.52 -8.05 -7.53 -7.24 -6.65 -8.04 -7.39 -6.93 -13.38
