Instances/YellowSea/GMRTv3_5_20180731topo.asc
ncols 525
nrows 284
xllcorner 116.736328125
yllcorner 36.48835105361107
cellsize 0.017578125
nodata_value -2147483648
[rows 198 to 230 of 284, columns 73 to 145 of 525]
2.00 1.99 1.01 1.00 1.00 1.05 1.01 1.00 1.00 1.00 2.00 2.99 3.00 3.00 3.00 3.00 3.99 3.99 3.99 2.99 3.99 3.00 3.00 2.00 2.00 1.99 0.99 -3.03 -4.04 -1.00 -7.00 -9.00 0.99 -1.11 -9.09 -5.04 2.00 1.01 0.99 2.01 1.02 0.03 -14.97 -19.98 -16.93 -15.97 -3.00 -1.00 -2.00 -2.05 -5.08 -3.03 -1.01 -1.00 -1.01 -6.05 -10.01 -3.99 -2.00 -2.01 -3.01 -4.03 -6.02 -8.01 -10.01 -11.01 -12.00 -12.01 -13.01 -14.00 -15.00 -15.00 -15.01
2.00 2.00 0.14 1.00 1.00 -4.40 -0.72 1.00 1.21 2.07 2.00 2.79 2.79 3.00 2.98 3.21 3.98 4.21 3.98 4.05 4.00 3.21 2.98 3.07 2.21 2.21 2.07 2.35 1.56 1.35 0.70 0.85 1.00 2.21 1.92 1.63 2.21 0.98 2.07 1.37 -0.72 -2.82 -17.37 -22.35 -19.95 -10.46 -1.27 -4.77 -6.05 -1.76 -0.63 -0.64 -0.88 -0.93 -1.06 -2.36 -5.86 -3.79 -1.98 -1.98 -1.93 -2.72 -4.98 -7.84 -8.95 -10.82 -11.82 -12.00 -11.93 -13.79 -14.82 -15.05 -15.02
2.00 2.00 1.06 1.46 1.07 0.83 1.12 1.00 2.06 1.93 1.93 1.94 1.88 3.00 3.59 3.99 4.53 4.99 4.46 4.59 4.00 4.06 3.53 2.93 3.06 3.06 1.93 2.00 2.06 2.06 0.99 0.99 0.93 2.00 2.06 2.06 3.06 1.46 2.00 2.52 0.99 -0.35 -17.60 -23.12 -19.93 -7.24 -8.88 -10.87 -13.66 -6.84 -7.89 -5.11 -3.19 -2.07 -4.84 -6.45 -4.36 -2.42 -2.14 -2.33 -1.80 -1.74 -3.94 -5.95 -8.54 -9.41 -10.41 -12.00 -11.93 -12.94 -13.41 -13.94 -14.54
2.00 2.00 0.93 -4.88 0.36 1.02 1.00 1.00 2.00 2.90 2.84 2.00 2.84 3.00 3.11 4.84 5.02 5.84 5.92 4.11 3.93 4.00 4.02 3.84 2.93 2.93 2.84 2.00 2.00 2.00 1.84 1.84 1.84 2.00 2.00 2.00 3.07 2.86 2.00 2.82 2.68 -0.05 -16.47 -22.55 -22.40 -20.03 -14.78 -0.76 -2.93 -17.85 -20.92 -18.49 -11.70 -10.44 -12.95 -14.71 -13.53 -9.33 -7.66 -5.14 -4.52 -4.45 -2.84 -4.19 -7.21 -9.05 -10.11 -12.13 -12.90 -13.07 -13.05 -13.03 -13.14
2.00 2.00 2.02 -5.72 -2.91 1.00 1.03 1.03 2.00 2.01 3.00 2.03 3.00 3.00 4.03 5.00 5.00 5.97 4.97 5.06 5.03 4.03 4.03 4.00 4.03 3.99 3.00 2.03 2.07 2.07 2.03 2.00 2.00 1.96 2.00 2.00 1.97 3.00 2.03 3.00 3.03 1.06 -10.41 -15.36 -13.27 -4.33 -1.60 -1.54 -12.58 -22.06 -21.92 -20.96 -17.03 -17.34 -17.29 -12.27 -19.21 -17.26 -15.26 -12.29 -5.16 -6.12 -5.08 -2.97 -5.94 -7.90 -7.91 -9.91 -11.94 -11.94 -11.94 -11.98 -13.00
1.71 2.00 2.29 2.88 2.66 0.96 2.07 2.04 1.96 3.04 2.96 3.36 3.29 2.96 3.71 4.71 5.04 4.93 5.00 6.11 5.00 5.07 5.07 3.96 3.96 3.21 3.29 3.36 4.51 4.44 3.04 2.29 2.00 1.21 2.00 1.96 1.96 3.00 3.36 2.96 4.07 2.36 2.31 -1.43 2.07 2.98 -1.84 -18.81 -20.73 -17.72 -15.03 -17.91 -16.51 -23.44 -23.73 -22.99 -22.73 -20.76 -19.02 -17.13 -12.50 -10.77 -6.87 -2.96 -4.71 -5.96 -7.00 -8.67 -10.71 -11.00 -10.96 -11.75 -13.07
0.95 2.00 3.12 3.05 3.05 1.62 2.00 2.62 2.62 3.62 3.62 4.05 4.05 3.62 2.88 3.95 4.38 4.93 4.93 5.38 5.00 5.00 5.00 4.62 4.69 3.98 4.05 4.05 3.74 5.12 3.69 3.05 1.93 1.98 1.93 2.62 2.62 3.00 4.05 3.62 4.00 3.12 1.06 -0.04 1.54 1.45 -8.46 -23.84 -19.94 -10.51 -11.27 -16.80 -22.53 -23.64 -24.91 -23.74 -18.78 -22.64 -22.38 -19.76 -15.64 -12.18 -10.24 -3.47 -2.72 -4.22 -5.84 -7.41 -8.79 -9.84 -10.46 -10.41 -11.84
1.00 2.00 2.10 3.05 3.00 1.96 2.00 3.01 3.01 4.01 4.01 4.00 3.95 4.01 3.85 3.95 3.94 5.96 5.90 4.94 5.00 5.00 5.00 5.06 4.05 4.90 3.95 3.95 3.89 4.15 3.10 3.00 2.90 2.90 2.90 3.01 3.01 2.95 4.05 4.01 4.00 2.04 2.92 2.89 2.91 2.96 -1.84 -11.88 -9.64 -5.84 -16.75 -22.10 -23.28 -15.38 -13.26 -23.16 -24.23 -23.91 -22.97 -19.85 -11.81 -13.38 -12.62 -5.61 -1.88 -2.07 -4.18 -6.19 -7.23 -8.18 -9.14 -9.04 -10.13
1.09 1.99 1.99 1.94 2.91 3.06 2.09 3.00 3.09 4.00 3.99 4.09 5.04 4.09 5.04 5.13 5.04 4.95 6.00 6.04 5.09 5.09 5.00 3.94 5.05 5.09 5.04 5.05 3.99 3.04 3.09 2.99 2.99 3.00 3.09 3.09 3.09 4.05 2.94 3.99 3.99 3.05 3.00 4.05 2.91 2.04 2.15 2.58 1.52 0.33 -0.10 -11.84 -16.33 -3.10 -9.97 -21.87 -23.85 -23.93 -24.03 -23.23 -19.49 -19.90 -17.44 -10.51 -4.42 -2.23 -1.96 -3.81 -3.68 -5.65 -7.78 -9.96 -8.86
2.03 2.37 2.37 2.41 1.93 2.59 3.07 3.00 4.12 4.00 4.41 5.07 5.41 5.07 5.37 6.07 5.37 4.95 5.95 6.37 6.07 6.07 5.00 4.37 4.95 6.07 5.41 5.00 4.37 4.03 4.03 3.37 3.37 2.95 4.07 4.07 4.07 4.00 3.32 4.32 4.41 2.86 2.95 4.00 2.25 3.07 1.95 1.95 2.07 1.03 1.05 -1.19 1.29 1.73 -6.33 -15.41 -18.51 -16.81 -19.63 -24.17 -22.29 -18.24 -20.49 -15.30 -8.98 -6.50 -4.40 -3.15 -1.76 -2.27 -5.81 -9.39 -8.34
2.62 2.96 3.04 2.27 1.93 2.66 3.00 3.00 3.31 4.00 4.34 5.00 5.27 5.00 6.11 6.00 6.04 5.69 6.69 7.04 5.93 5.93 4.93 4.96 5.69 6.07 5.34 5.00 5.04 4.69 4.69 4.04 4.04 3.69 3.93 3.93 3.93 4.00 4.66 5.73 4.27 5.16 3.77 4.07 3.81 3.00 2.69 2.69 1.93 1.62 2.46 3.00 2.96 2.11 0.38 -1.71 -7.13 0.67 -7.43 -23.57 -24.24 -23.96 -22.35 -18.36 -10.33 -11.78 -9.01 -5.97 -3.17 -3.90 -6.69 -8.72 -8.57
3.99 3.99 3.00 2.95 2.95 3.00 3.00 3.00 2.97 4.00 4.00 5.03 5.98 5.00 5.05 6.00 6.00 6.00 7.00 7.00 6.95 6.95 5.95 5.95 6.00 5.05 4.97 5.00 5.00 5.00 5.00 4.00 4.00 4.00 4.99 4.95 4.95 3.94 5.96 6.00 4.98 5.12 3.02 3.01 3.05 3.00 3.00 3.00 2.95 2.96 2.02 2.05 1.06 1.05 -0.06 0.97 -0.24 1.15 -0.11 -9.79 -12.66 -24.03 -24.09 -20.88 -16.66 -14.92 -12.90 -8.95 -6.87 -7.01 -7.13 -7.17 -5.20
3.08 2.91 2.97 3.00 3.00 3.14 3.14 3.14 4.06 4.14 3.99 4.09 4.95 5.00 5.16 6.00 6.00 6.14 7.00 7.14 7.14 6.99 6.14 5.99 6.00 5.14 6.06 4.99 5.16 5.00 5.01 4.16 4.00 4.00 3.94 5.00 5.14 6.11 6.00 6.00 4.08 3.00 4.06 4.06 3.14 3.16 3.03 2.45 2.57 2.29 2.78 2.00 2.06 1.14 2.12 1.16 1.11 -1.98 -5.98 -4.34 -8.62 -23.24 -20.19 -21.93 -19.01 -14.76 -11.41 -7.56 -6.45 -3.53 -2.61 -2.61 -2.88
4.07 3.94 3.89 3.00 2.94 4.07 4.07 4.01 3.94 5.07 4.44 4.62 4.56 5.00 5.62 6.00 5.94 7.07 7.00 8.12 8.12 7.44 7.07 6.44 5.94 6.01 6.00 5.44 5.62 5.00 4.56 4.62 4.00 4.00 4.00 5.00 6.07 6.50 6.06 6.06 5.07 4.51 4.00 4.00 4.12 3.68 2.11 -1.88 -0.32 -2.51 1.15 2.28 2.06 2.07 2.06 1.62 0.40 -16.88 -25.79 -20.98 -23.83 -24.80 -22.87 -20.60 -17.16 -11.59 -6.46 -3.47 -2.29 -1.86 -1.93 -1.93 -3.00
4.07 4.37 5.13 2.93 3.76 4.00 3.93 4.76 4.69 5.00 5.03 3.90 3.97 5.00 4.97 6.07 6.84 7.00 7.00 7.24 7.24 8.03 6.93 7.03 6.76 6.84 6.00 6.03 4.97 5.00 3.97 3.97 4.00 4.00 3.93 5.00 6.00 6.34 5.16 5.24 5.00 5.03 4.00 4.00 3.24 2.21 0.94 0.26 1.53 0.36 -2.74 -1.60 2.04 2.44 1.31 1.63 -11.72 -22.96 -24.63 -23.80 -23.80 -22.74 -20.66 -18.66 -14.56 -9.22 -4.15 -1.91 -1.97 -2.00 -2.00 -2.00 -2.93
3.00 3.00 4.01 3.99 4.00 3.99 4.98 5.00 6.00 4.99 4.99 4.99 3.99 5.00 5.00 5.00 6.01 7.01 7.00 7.00 7.00 8.00 7.99 6.99 7.00 6.00 6.00 6.00 5.00 5.00 3.99 4.00 3.99 3.99 4.99 4.99 6.00 5.00 6.00 5.00 5.00 4.99 3.99 4.00 3.00 2.00 0.99 0.98 2.00 -0.01 -5.04 -5.97 -9.83 -3.89 0.06 -7.84 -18.94 -24.02 -23.03 -22.03 -20.05 -18.06 -17.06 -15.05 -12.04 -8.02 -3.98 -1.98 -1.99 -2.00 -2.00 -2.00 -3.98
4.07 4.29 4.00 4.00 3.98 5.07 6.09 4.98 4.91 6.07 6.07 5.20 5.27 5.20 5.20 6.07 5.78 5.93 6.80 7.00 7.20 8.00 8.00 8.07 6.98 7.07 6.20 5.78 5.20 5.20 5.07 4.20 5.27 5.05 5.40 6.27 5.78 6.09 4.95 5.00 5.02 5.67 5.09 4.00 3.22 2.42 2.27 3.36 2.00 1.94 1.42 -7.03 -19.82 -11.69 -10.03 -19.50 -23.13 -21.53 -19.48 -18.06 -16.08 -14.10 -12.03 -10.88 -8.26 -6.58 -5.99 -4.16 -3.09 -1.98 -2.18 -2.35 -5.45
4.00 4.55 3.94 3.94 4.51 5.00 5.49 5.51 5.51 6.00 6.00 6.06 6.06 6.00 6.06 6.00 5.45 6.00 5.88 7.00 8.06 8.00 7.94 8.00 7.51 7.00 7.06 5.45 6.06 6.06 4.94 4.93 6.00 5.45 7.12 7.12 5.52 5.49 4.42 5.06 4.55 3.88 4.55 4.00 3.48 3.61 3.06 3.55 2.00 0.94 1.00 -2.34 -6.44 -12.06 -22.34 -22.37 -21.04 -18.46 -15.95 -13.41 -10.89 -8.31 -6.31 -4.70 -4.34 -3.91 -3.97 -3.49 -2.49 -2.51 -3.45 -5.21 -7.64
3.93 3.98 4.82 4.82 5.02 4.93 4.91 6.09 6.02 6.00 6.00 6.00 6.00 6.82 5.93 5.93 5.95 5.93 6.82 7.00 8.00 8.00 8.82 8.00 8.09 6.93 7.00 5.95 5.93 5.93 5.76 6.65 6.82 6.84 7.07 6.18 5.20 5.05 4.94 4.24 3.16 4.07 3.16 4.07 3.87 2.98 2.93 2.98 2.00 0.93 0.93 1.48 1.42 -11.39 -23.19 -20.42 -18.52 -15.50 -12.55 -9.74 -6.66 -4.39 -2.26 -2.10 -2.12 -2.14 -2.14 -2.98 -1.91 -2.82 -5.60 -5.35 -8.36
5.02 4.04 5.00 5.02 5.00 6.02 6.02 5.00 6.00 6.00 6.00 6.00 6.02 7.00 7.02 7.04 7.04 7.04 7.00 7.00 8.00 8.02 8.98 8.02 7.00 8.02 7.02 7.04 7.02 7.02 7.04 7.00 6.98 6.98 6.00 6.00 4.98 3.98 2.96 2.98 3.00 2.98 3.00 2.98 2.98 3.00 4.00 3.00 2.02 2.04 2.02 -4.08 -17.45 -21.18 -20.94 -18.92 -14.91 -11.89 -7.85 -4.87 -2.93 -1.96 -2.00 -2.00 -2.00 -2.00 -2.00 -3.00 -3.04 -6.07 -7.02 -3.03 -3.00
5.29 6.18 4.97 6.11 5.26 6.00 6.00 6.07 6.00 6.00 6.00 6.00 6.81 7.00 6.97 8.07 8.07 8.04 7.23 7.23 7.97 9.07 8.19 9.11 8.36 8.29 8.07 8.07 7.29 7.26 7.78 7.00 6.22 5.96 6.56 5.71 4.22 4.00 3.29 3.29 3.29 3.00 3.00 3.00 3.00 3.00 2.67 3.03 2.81 2.88 1.83 -6.75 -23.93 -21.85 -19.73 -15.33 -12.14 -8.07 -3.48 -1.78 -1.93 -2.00 -2.00 -2.00 -1.97 -1.97 -2.26 -3.26 -4.36 -7.11 -7.29 -7.00 -7.81
5.41 5.42 5.58 5.35 6.05 5.93 6.00 6.00 6.00 6.00 6.00 5.93 5.88 7.00 7.58 8.00 8.00 8.51 8.56 8.63 8.58 9.07 9.12 8.49 8.54 8.61 8.14 8.07 7.41 8.05 7.53 7.00 6.47 5.42 4.89 5.59 4.41 4.00 3.41 3.41 3.41 3.00 3.00 3.00 3.00 3.00 1.95 2.42 2.08 1.27 -6.89 -17.81 -17.44 -20.51 -17.93 -12.87 -8.82 -4.75 -2.37 -2.00 -2.00 -2.00 -2.00 -2.00 -2.65 -2.58 -2.98 -3.92 -4.41 -6.49 -7.61 -9.16 -9.11
5.86 4.93 6.01 5.86 5.94 6.87 6.00 6.00 6.00 6.00 5.94 6.93 6.87 7.00 8.07 8.00 7.94 9.94 10.00 9.07 9.13 8.19 8.13 7.12 7.17 6.24 6.31 7.25 8.04 8.12 8.07 7.06 5.99 5.05 5.00 5.14 4.86 3.94 3.86 3.80 3.86 2.94 3.00 3.06 3.00 3.00 2.00 1.99 0.20 -6.49 -6.26 -12.64 -14.88 -18.72 -15.29 -10.41 -6.41 -3.16 -1.99 -2.00 -2.00 -2.00 -1.88 -1.94 -2.02 -2.89 -3.81 -5.80 -4.80 -5.12 -5.24 -9.06 -9.12
6.00 6.03 6.00 6.00 6.98 7.00 6.00 6.05 6.00 6.05 7.03 6.02 7.00 7.00 6.96 8.00 9.04 8.96 7.87 7.91 6.93 6.91 7.95 6.95 5.96 5.94 4.96 4.93 4.89 5.87 6.91 5.91 5.95 4.02 5.00 5.00 5.00 5.04 4.05 5.04 4.00 4.04 3.00 2.02 3.00 2.95 2.00 2.00 1.04 -0.67 1.22 1.44 0.54 -9.75 -13.75 -6.73 -2.84 -1.96 -2.00 -2.00 -2.00 -2.05 -4.07 -3.04 -4.01 -5.13 -5.09 -4.90 -6.03 -5.05 -5.11 -8.02 -6.88
6.31 6.31 6.00 6.00 6.28 7.00 6.31 7.03 5.96 7.07 7.35 7.03 6.96 7.00 7.00 8.04 9.00 9.04 6.93 6.93 6.69 6.28 6.61 5.93 6.00 5.24 5.31 5.00 4.69 4.93 5.65 4.61 4.97 4.76 5.00 5.00 5.00 5.04 5.11 5.04 4.00 4.00 3.31 3.07 3.04 1.97 2.04 1.69 1.08 1.15 1.20 1.16 -2.40 -12.33 -9.11 -3.15 -1.93 -2.00 -2.00 -1.96 -2.31 -3.39 -4.31 -2.96 -3.20 -5.76 -5.76 -4.52 -6.28 -6.35 -7.15 -8.84 -5.57
7.12 7.05 6.00 5.93 6.34 7.00 7.05 7.64 6.64 6.93 7.34 7.64 7.64 6.93 6.93 7.29 9.00 8.29 7.00 7.00 5.88 6.41 5.95 6.00 6.00 6.12 6.12 5.07 3.88 5.00 4.32 3.95 4.36 3.95 5.00 5.00 5.07 4.36 4.36 4.36 4.00 4.00 4.12 3.00 2.36 1.36 1.44 0.95 -0.42 1.07 -1.60 -0.75 -9.70 -15.26 -7.34 -1.91 -2.00 -2.00 -1.93 -2.64 -2.97 -3.97 -5.05 -3.64 -4.61 -4.95 -4.95 -6.80 -7.83 -7.68 -6.93 -6.68 -5.59
6.09 7.00 5.95 6.91 6.91 7.00 7.00 8.01 6.96 7.91 7.86 8.01 8.01 7.91 7.86 7.86 9.00 8.91 6.95 7.00 6.96 5.94 6.00 6.00 6.05 5.09 5.09 4.04 4.91 5.00 3.99 4.00 3.99 3.95 5.05 5.05 4.09 3.99 4.04 4.04 4.00 4.05 3.09 3.00 1.99 0.94 0.03 1.00 0.81 0.23 -11.68 -13.37 -18.37 -14.18 -6.18 -2.00 -2.00 -2.00 -2.91 -3.01 -3.91 -4.96 -5.00 -3.96 -5.92 -5.00 -5.00 -6.09 -6.13 -8.01 -7.91 -5.89 -5.96
6.09 7.00 7.04 7.10 6.99 6.99 7.09 8.00 8.04 8.09 9.05 8.09 8.09 8.18 9.14 9.05 8.91 8.82 7.96 6.91 5.95 6.96 5.91 5.92 4.85 4.92 4.92 5.06 4.91 4.91 3.99 4.00 4.00 4.96 3.85 3.86 3.92 3.91 3.05 2.95 3.91 2.96 3.01 3.00 2.00 2.03 1.13 0.99 1.00 -2.78 -4.83 -8.77 -17.86 -11.81 -3.89 -2.00 -2.00 -2.00 -3.01 -2.99 -3.99 -4.03 -4.99 -5.05 -5.91 -4.99 -5.08 -5.99 -7.05 -8.01 -7.92 -8.11 -7.14
7.03 6.95 7.37 7.71 7.37 7.41 8.07 7.95 8.37 9.07 8.95 9.03 9.07 10.14 10.07 9.00 7.88 6.81 6.93 5.93 6.00 5.93 4.97 4.56 4.34 3.47 3.47 4.54 3.83 3.88 4.37 3.95 4.00 3.93 3.34 2.93 2.56 2.97 3.75 3.00 2.93 2.63 2.63 3.05 2.00 2.78 2.39 1.37 1.00 0.92 -12.58 -21.24 -16.97 -10.93 -4.32 -2.00 -2.00 -2.00 -2.54 -3.37 -4.37 -5.44 -5.37 -4.95 -4.88 -5.37 -6.49 -6.37 -6.95 -7.59 -6.51 -7.63 -8.07
7.61 7.69 8.04 6.96 8.04 7.28 8.00 8.69 9.04 9.00 9.76 9.76 8.93 10.00 10.00 9.00 8.69 7.76 7.00 6.00 6.07 6.07 4.24 3.96 4.35 4.34 4.34 5.34 5.37 4.69 5.11 4.76 4.00 4.07 3.35 3.00 1.96 2.39 2.64 3.30 3.07 1.96 1.96 2.31 2.22 3.54 4.17 2.41 1.30 0.55 -21.09 -21.04 -16.24 -10.85 -5.58 -1.93 -2.00 -2.00 -3.34 -4.04 -5.04 -6.04 -6.04 -5.69 -5.69 -5.97 -6.35 -7.04 -7.76 -7.65 -6.57 -6.89 -7.93
8.95 8.00 8.04 7.00 8.00 7.94 8.00 9.00 9.00 9.00 9.06 9.02 9.91 9.96 10.04 9.04 9.04 7.06 7.04 6.00 5.05 5.05 4.98 4.00 3.96 5.04 5.01 6.04 6.04 5.08 4.05 4.06 4.04 3.02 3.00 3.04 1.96 1.05 -2.59 -0.56 2.20 2.04 2.00 2.07 -0.51 1.21 -1.16 -2.07 -2.13 -7.06 -21.91 -21.00 -16.94 -12.89 -7.86 -2.95 -2.00 -2.00 -4.04 -4.00 -5.00 -6.00 -6.00 -6.00 -6.00 -6.95 -6.00 -7.00 -7.09 -8.00 -7.95 -7.95 -8.95
8.99 7.99 7.07 7.11 8.00 8.13 8.13 9.00 9.00 9.00 8.99 10.06 11.06 10.93 8.80 7.94 7.82 7.01 5.95 5.86 5.00 5.00 4.07 4.11 5.06 4.07 5.00 4.95 4.82 2.88 4.01 4.00 2.94 3.93 3.01 1.94 3.21 1.28 -6.78 -7.94 -4.12 -0.04 1.08 -0.38 -10.69 -2.67 -16.99 -22.21 -22.26 -22.86 -22.95 -21.00 -17.11 -13.11 -9.17 -3.13 -2.00 -2.00 -2.82 -4.00 -5.14 -6.01 -6.00 -6.00 -6.00 -7.00 -5.99 -6.86 -5.93 -7.87 -7.87 -8.00 -8.89
9.36 8.36 8.02 8.48 7.95 9.07 9.02 8.89 9.00 8.95 9.36 9.95 10.95 9.93 8.35 8.00 6.93 6.53 5.53 5.35 4.95 4.89 5.02 5.48 5.00 5.12 5.00 4.59 3.98 2.95 3.59 4.05 3.00 2.93 2.53 1.95 3.24 2.31 -1.12 -8.69 -18.79 -13.66 -9.14 -6.94 -10.14 -6.85 -16.35 -21.82 -19.48 -15.01 -21.57 -21.00 -18.48 -14.43 -10.48 -4.02 -2.00 -2.00 -1.93 -4.00 -5.65 -5.53 -6.00 -6.00 -6.00 -7.05 -6.41 -6.35 -6.41 -6.93 -6.88 -8.00 -7.52
