Instances/YellowSea/GMRTv3_5_20180731topo.asc
ncols 525
nrows 284
xllcorner 116.736328125
yllcorner 36.48835105361107
cellsize 0.017578125
nodata_value -2147483648
[rows 231 to 263 of 284, columns 73 to 145 of 525]
10.69 9.69 8.66 9.03 8.73 8.85 9.51 10.31 8.78 9.58 10.69 10.73 11.88 10.07 9.11 8.07 7.07 6.70 5.70 6.03 5.73 6.54 5.73 5.96 4.93 4.27 5.15 3.97 3.27 3.81 3.04 3.34 3.07 3.07 2.77 2.81 1.86 0.86 1.86 0.69 -6.84 -20.11 -17.91 -12.08 -3.14 -4.62 -6.74 -12.33 -17.78 -14.73 -20.90 -21.15 -19.03 -15.91 -11.18 -4.81 -2.00 -2.00 -2.00 -4.07 -5.04 -5.77 -6.07 -6.00 -6.00 -6.27 -7.03 -7.03 -7.03 -7.00 -7.81 -8.07 -6.97
11.97 10.95 9.95 8.95 8.93 10.90 12.91 12.94 11.91 11.94 11.97 11.00 10.08 9.05 8.03 7.05 6.03 7.02 6.00 6.00 5.98 6.03 6.00 6.99 5.99 3.98 3.04 4.02 2.98 3.03 2.01 2.01 2.01 2.03 2.01 2.01 2.99 1.97 2.02 1.20 -1.99 -13.49 -15.33 -14.89 -6.82 -6.89 -2.05 -3.21 -11.34 -19.95 -11.15 -19.04 -19.16 -14.13 -9.08 -4.03 -2.00 -2.00 -2.00 -3.05 -4.05 -5.05 -5.03 -6.02 -6.02 -6.00 -7.02 -7.02 -7.02 -7.02 -7.05 -7.03 -7.00
12.30 12.54 11.37 11.61 12.37 13.02 12.89 12.87 11.87 11.70 11.52 10.52 8.62 7.78 7.84 6.09 6.16 5.92 6.16 6.16 7.08 6.00 5.84 5.79 4.93 5.07 4.07 2.92 3.89 3.00 3.07 3.07 3.07 2.16 3.07 2.91 1.93 2.00 1.09 -6.37 -3.74 1.86 -4.66 -16.00 -8.05 -8.03 -1.74 -1.05 -3.83 -19.81 -17.17 -19.81 -12.04 -10.26 -7.72 -4.13 -1.97 -2.00 -2.00 -1.93 -2.78 -3.78 -4.84 -4.78 -4.93 -5.84 -5.78 -5.93 -5.93 -5.93 -5.93 -6.84 -7.02
14.65 15.32 13.76 14.43 12.78 10.62 10.56 11.14 10.14 9.58 8.92 7.80 6.87 6.93 6.93 7.07 7.12 6.46 7.07 7.12 6.54 6.06 4.93 4.42 5.06 5.06 4.00 3.46 3.45 3.00 3.06 3.00 3.00 3.12 3.06 1.99 2.06 2.12 2.24 -3.11 -12.23 -3.16 -5.17 -17.77 -13.46 -8.39 -3.04 -6.38 -3.75 -19.73 -19.96 -16.50 -14.86 -9.34 -8.07 -5.86 -2.86 -2.00 -2.00 -2.00 -1.93 -2.99 -3.99 -3.99 -5.00 -4.93 -4.93 -6.06 -6.00 -6.00 -6.00 -5.93 -6.54
14.48 13.68 11.94 11.00 9.67 8.15 8.92 8.48 7.41 6.67 7.54 8.14 7.07 7.00 7.00 7.00 6.16 7.03 7.07 6.23 6.04 5.16 5.00 4.74 4.16 4.16 4.00 4.10 3.26 3.00 2.23 3.07 3.07 2.30 2.30 1.23 1.23 0.46 -0.23 -0.96 -6.27 -1.27 -5.18 -20.73 -21.58 -16.82 -15.47 -16.45 -17.53 -22.66 -17.70 -6.73 -11.86 -15.81 -13.01 -8.37 -4.75 -2.00 -2.00 -2.00 -2.00 -2.23 -3.30 -3.23 -5.14 -5.07 -5.07 -5.30 -6.07 -6.00 -6.00 -6.00 -5.97
11.04 10.04 8.02 9.01 9.01 8.01 9.00 7.01 7.00 6.00 6.01 6.03 6.01 7.00 7.00 7.00 6.99 7.01 6.01 6.01 5.01 6.01 5.00 5.00 5.00 5.00 4.00 3.01 3.01 3.01 2.00 2.01 2.02 1.00 1.00 1.00 1.00 -0.01 -2.02 -0.02 1.01 -3.87 -17.87 -23.02 -22.00 -20.99 -19.98 -19.97 -21.99 -22.04 -21.00 -19.85 -19.90 -18.96 -15.96 -11.94 -5.95 -1.97 -1.99 -2.00 -2.00 -2.00 -2.01 -3.01 -3.02 -4.01 -4.01 -4.01 -5.02 -6.00 -6.01 -6.01 -6.01
9.93 9.14 9.07 9.00 7.93 6.93 8.83 6.81 6.81 6.00 6.00 5.14 6.00 7.02 6.81 7.02 6.81 5.93 5.81 4.93 5.00 3.86 4.81 4.81 3.93 3.93 3.79 3.00 1.93 1.93 2.00 2.00 1.12 2.07 1.86 1.00 1.21 1.05 1.00 1.07 -4.45 -15.97 -19.32 -19.38 -22.15 -20.25 -20.23 -21.01 -20.72 -18.43 -16.41 -21.00 -22.29 -21.18 -18.65 -15.80 -11.40 -6.22 -3.85 -2.65 -2.08 -1.96 -2.00 -1.93 -2.81 -3.83 -3.81 -3.81 -3.95 -5.83 -4.93 -4.93 -4.93
10.06 9.57 9.00 9.06 8.00 6.94 7.44 5.94 5.94 5.94 5.94 5.45 5.94 6.44 5.94 6.51 6.00 6.06 4.94 5.00 5.06 4.00 3.94 3.88 3.94 4.00 3.43 2.94 1.94 2.00 2.00 2.00 2.06 2.00 1.43 0.94 1.57 1.56 0.43 1.00 -1.35 -11.85 -21.29 -19.90 -23.93 -23.48 -20.14 -11.65 -15.11 -16.44 -16.81 -22.30 -23.99 -20.20 -18.03 -18.44 -17.31 -14.16 -11.96 -8.41 -5.28 -2.74 -1.81 -2.00 -1.94 -2.44 -3.00 -2.94 -3.51 -4.50 -5.12 -5.06 -5.00
9.20 8.98 9.07 8.20 8.07 7.87 6.98 6.00 6.00 6.87 6.80 6.57 6.87 6.85 6.00 6.05 5.20 5.20 5.07 5.07 4.20 4.00 3.93 4.80 4.87 4.00 4.02 3.80 2.80 1.93 2.00 1.93 2.00 2.00 2.02 1.87 0.91 1.22 1.02 1.07 -1.42 -4.87 -4.07 -21.76 -26.64 -26.67 -17.73 0.01 -7.30 -14.48 -26.52 -26.54 -25.77 -16.14 -1.63 -6.62 -10.66 -19.68 -20.18 -14.83 -10.96 -6.89 -4.05 -1.72 -2.00 -1.98 -2.20 -3.07 -3.05 -3.18 -3.47 -4.27 -5.00
9.00 9.00 8.00 8.00 7.00 7.00 7.00 6.00 6.00 6.00 7.00 7.00 6.00 6.00 6.00 5.00 5.00 5.00 4.00 4.00 4.00 4.00 5.00 5.00 4.00 4.00 4.00 4.00 3.00 3.00 2.00 3.00 2.00 2.00 2.00 1.00 2.00 1.00 1.00 0.00 0.01 1.02 -10.08 -25.02 -27.00 -27.00 -24.04 -19.10 -24.07 -25.03 -25.93 -25.93 -27.00 -22.05 -15.11 -16.08 -21.07 -18.01 -20.98 -20.02 -17.03 -13.04 -10.04 -6.04 -2.02 -2.01 -2.00 -2.00 -2.00 -3.00 -2.00 -2.99 -4.99
8.81 8.81 8.03 6.93 8.10 7.27 7.00 6.85 6.83 6.85 6.78 6.81 6.03 6.00 5.76 4.95 4.97 4.12 4.22 4.46 5.07 5.07 5.00 5.00 5.07 4.00 4.00 3.76 4.10 3.00 2.22 2.76 2.22 2.22 2.24 2.07 2.00 0.97 1.22 2.14 1.29 -1.73 -23.42 -28.54 -28.17 -27.30 -24.52 -28.03 -25.64 -18.54 -7.61 -9.74 -27.87 -29.08 -28.49 -27.59 -28.69 -23.82 -12.92 -21.85 -21.04 -19.04 -16.51 -12.37 -7.69 -5.30 -2.69 -2.04 -1.90 -1.88 -2.00 -1.93 -1.79
7.42 7.35 7.48 7.06 7.54 6.95 7.06 5.88 6.53 5.94 5.88 5.42 5.48 6.06 5.53 6.11 5.52 5.65 5.00 5.53 4.94 4.94 5.00 5.00 5.00 4.00 4.00 3.46 3.41 2.94 3.06 2.53 3.12 3.06 2.47 1.94 2.00 1.52 2.06 1.94 2.00 0.03 -10.65 -16.50 -15.31 -10.75 -4.88 -17.68 -19.67 -5.71 -7.91 -24.26 -31.17 -31.18 -30.70 -30.17 -29.52 -24.21 -9.17 -22.19 -25.16 -20.46 -12.95 -17.55 -15.65 -13.12 -9.46 -6.34 -3.64 -2.73 -1.87 -1.94 -1.94
6.98 7.87 7.05 6.11 6.09 6.78 6.18 6.89 6.20 5.93 6.82 4.98 4.98 5.18 5.20 6.28 6.09 5.20 5.89 5.87 5.89 5.89 5.00 5.00 5.00 4.00 4.00 4.02 3.87 3.82 3.00 2.20 2.18 3.00 2.80 2.82 1.93 1.95 1.86 2.82 2.89 3.12 2.97 1.89 1.17 1.06 2.10 -7.54 -17.83 -4.67 -9.82 -28.93 -31.82 -31.00 -31.02 -30.89 -30.84 -28.85 -26.13 -28.04 -27.55 -22.04 -13.49 -22.84 -22.77 -20.79 -18.63 -14.67 -11.37 -7.68 -3.17 -2.42 -2.49
6.98 6.97 6.00 7.01 7.01 6.98 6.00 6.00 6.02 7.00 6.98 5.00 5.00 4.98 5.02 4.99 4.99 5.00 4.99 4.99 4.97 4.99 5.00 5.00 5.00 4.00 4.00 4.00 3.02 4.00 3.00 2.00 2.00 3.00 3.00 3.00 3.01 3.01 4.01 3.00 2.00 2.98 1.97 1.99 2.00 1.02 2.00 1.13 -2.72 1.04 -17.25 -30.05 -32.02 -31.00 -30.99 -29.96 -30.99 -31.00 -31.05 -31.04 -30.06 -29.13 -29.23 -29.12 -28.12 -26.13 -24.10 -22.17 -20.20 -16.20 -11.23 -9.22 -8.18
6.14 6.14 7.04 7.00 7.00 6.17 6.48 7.07 6.86 5.69 5.69 5.00 5.00 4.17 5.83 5.00 5.00 5.00 5.00 4.97 4.11 4.97 5.00 5.27 5.03 4.24 3.97 3.97 5.12 3.97 2.94 2.45 2.45 3.21 3.21 3.21 3.00 3.00 3.20 3.03 2.86 1.93 0.90 2.00 2.00 2.04 1.94 2.29 2.58 -2.17 -28.37 -32.95 -33.61 -29.99 -27.82 -25.75 -27.55 -28.55 -31.94 -32.37 -32.57 -32.64 -32.88 -32.88 -33.20 -29.33 -22.97 -28.12 -27.92 -23.89 -21.13 -18.89 -16.81
7.61 7.67 7.62 7.07 7.07 7.19 8.32 7.13 5.39 4.88 4.94 5.00 5.00 5.06 4.94 4.93 4.87 4.87 4.80 5.35 6.02 5.42 4.87 5.44 4.38 5.06 4.55 4.48 5.55 4.55 4.10 4.60 4.60 4.61 4.54 4.61 2.93 3.00 3.51 2.45 1.39 2.07 1.55 1.93 1.93 2.48 3.10 3.61 3.54 -4.60 -29.07 -29.74 -30.30 -17.28 -8.19 -6.13 -7.69 -11.50 -24.36 -33.10 -36.02 -35.28 -36.27 -36.20 -37.26 -25.70 -7.49 -29.69 -32.13 -28.75 -28.95 -25.89 -23.96
8.08 7.24 7.24 6.09 6.09 5.25 5.41 5.32 4.98 5.91 4.94 5.00 5.00 5.00 4.94 5.78 6.68 6.55 7.40 8.54 8.78 7.77 6.68 5.83 4.76 4.94 4.95 5.73 5.89 4.89 4.97 5.79 5.79 4.89 5.86 5.02 3.91 3.13 3.05 1.98 0.85 1.03 1.95 2.78 2.78 3.79 3.97 3.95 4.86 2.93 -1.92 -1.95 -2.06 1.14 3.69 4.98 4.13 3.61 -3.28 -17.23 -26.38 -35.58 -37.49 -38.46 -39.46 -26.91 -2.48 -27.75 -26.06 -22.04 -33.48 -30.48 -27.57
6.98 6.01 5.98 6.99 6.99 6.02 6.02 5.05 5.03 4.98 6.05 5.05 5.05 5.03 6.05 7.08 7.05 9.04 10.07 9.05 8.00 6.98 7.00 6.03 6.08 6.05 6.10 8.04 8.04 7.07 6.08 7.02 7.05 7.04 6.00 4.97 2.95 0.96 1.95 1.97 2.99 3.02 3.02 4.05 4.05 5.05 5.05 5.05 4.97 4.00 4.07 5.06 4.07 4.05 4.00 2.96 -3.10 -16.06 -17.86 -4.67 -16.47 -28.22 -29.20 -28.06 -29.00 -25.56 -14.79 -34.23 -37.28 -36.36 -36.04 -33.10 -31.12
7.26 6.78 5.94 5.86 5.86 5.94 6.23 7.15 6.04 5.26 7.07 7.38 7.38 6.30 7.30 9.38 9.34 9.20 11.04 11.38 9.53 7.13 7.42 7.53 8.08 7.53 9.45 8.49 8.52 8.63 8.18 6.74 7.59 6.80 5.80 3.70 1.63 1.00 0.93 1.19 1.08 1.89 3.26 5.01 5.30 6.33 6.33 5.78 4.15 4.26 5.33 5.26 5.07 4.85 4.00 3.29 0.22 -0.74 1.55 0.63 -0.93 -1.67 -2.25 -0.42 -1.12 -10.67 -34.95 -32.99 -35.71 -37.60 -36.32 -35.44 -33.41
8.12 6.58 7.27 7.27 7.27 7.21 7.62 7.00 6.50 5.92 6.93 8.56 8.49 7.42 8.42 10.49 11.06 11.12 11.50 12.49 12.18 10.19 10.75 10.18 8.93 10.18 10.56 10.68 10.04 9.54 7.36 5.95 5.32 4.88 3.81 2.38 1.58 0.93 0.93 1.99 2.56 2.50 3.92 6.14 6.62 7.05 7.05 5.45 5.56 4.99 6.05 6.05 4.93 3.24 3.93 3.42 2.58 2.27 1.69 1.05 1.22 1.33 -0.57 -16.91 -17.60 -8.83 -27.38 -14.83 -34.68 -37.35 -37.56 -36.10 -34.47
7.14 6.16 6.25 6.25 6.25 7.11 7.95 6.94 7.87 7.71 7.73 9.81 10.66 10.46 11.46 12.60 13.62 12.82 12.68 14.66 13.76 13.77 12.84 11.76 12.47 11.76 11.87 10.95 10.86 8.99 7.84 5.87 4.92 2.99 2.97 1.99 1.10 1.86 1.86 2.86 3.87 3.81 5.71 6.97 7.01 7.00 7.00 6.87 6.81 5.79 5.94 6.00 5.86 4.70 4.86 3.78 2.78 2.00 1.16 1.00 1.00 1.44 -14.89 -34.80 -24.67 -1.52 -9.68 -25.12 -40.45 -26.89 -15.17 -28.59 -30.18
7.03 6.07 7.06 7.06 7.10 8.06 9.02 8.10 8.07 8.07 10.05 11.02 12.02 13.05 14.09 15.09 16.09 14.13 16.11 16.10 16.12 14.10 14.13 14.16 15.09 14.09 12.04 12.03 10.99 9.07 8.00 8.05 6.03 5.05 3.03 2.07 2.10 2.03 2.07 3.03 4.03 5.03 6.00 8.03 7.00 7.00 7.04 7.04 8.03 7.03 6.99 5.96 6.00 5.04 5.00 4.99 4.03 2.00 1.03 1.03 1.00 -6.53 -22.20 -37.00 -25.69 0.06 1.25 -10.17 -16.79 -7.28 1.32 -4.22 -6.39
8.55 8.66 8.55 8.55 9.35 9.28 9.48 10.35 10.35 10.63 10.75 11.48 12.48 13.21 14.73 15.46 16.77 17.74 17.89 18.63 18.59 17.70 17.43 17.80 16.35 15.38 13.07 12.24 11.79 11.42 8.24 7.97 6.21 5.21 4.55 4.63 4.63 3.83 4.63 4.62 5.35 5.24 5.97 8.03 7.27 6.97 8.04 8.04 8.27 6.97 5.89 5.17 5.97 6.04 5.27 4.20 4.00 2.27 2.35 2.35 1.27 -12.86 -18.69 -28.11 -11.26 1.07 2.11 2.19 1.88 0.83 1.27 1.38 -7.12
11.06 10.48 11.13 11.13 11.08 11.08 12.20 12.15 12.08 13.13 14.19 14.06 15.13 15.01 14.90 14.92 16.39 19.55 20.02 21.20 21.64 20.06 19.08 18.45 16.98 15.47 12.93 13.64 14.67 11.91 9.57 8.44 8.08 7.08 7.13 7.13 7.13 7.19 7.20 5.97 5.98 6.57 6.51 7.35 7.98 7.44 8.51 8.51 8.98 7.51 6.44 6.50 6.51 6.65 6.12 5.12 4.07 3.05 3.05 3.12 2.05 0.08 -0.44 -1.21 1.55 0.93 1.35 1.40 2.11 1.64 1.98 2.16 -2.83
14.56 13.43 13.64 13.64 13.64 13.57 13.77 13.77 14.57 15.64 16.64 17.50 17.64 18.50 18.44 17.57 18.62 21.62 21.61 22.77 25.51 23.44 21.64 18.73 17.74 14.93 13.74 13.95 15.82 13.67 10.76 10.56 10.57 9.57 9.57 9.57 9.64 9.70 8.83 7.67 6.74 7.76 7.76 7.79 8.80 9.62 9.82 9.76 9.74 8.76 8.68 8.81 7.94 6.15 5.20 4.13 3.13 3.00 3.06 2.13 2.00 2.08 2.11 2.09 1.98 1.80 1.85 1.85 1.94 1.95 2.93 3.03 3.01
16.11 17.13 16.14 16.10 16.14 17.13 16.14 16.14 18.13 18.14 19.18 20.14 20.18 21.18 22.16 21.21 21.14 24.06 24.14 25.19 28.10 27.13 24.14 21.18 20.10 16.11 16.10 15.15 17.07 15.15 13.18 14.17 14.21 13.21 13.17 13.17 12.14 11.07 10.11 9.11 9.10 10.13 10.10 9.03 10.07 12.06 11.11 12.06 12.10 11.02 9.99 7.93 6.93 6.00 4.01 4.00 3.00 2.96 1.97 2.04 2.00 2.04 2.04 3.03 3.03 3.03 2.00 2.00 3.03 3.03 2.01 2.96 3.00
18.68 18.57 18.68 17.85 18.33 18.29 18.36 18.64 19.57 20.61 22.72 22.89 24.24 25.24 25.17 25.24 23.85 24.42 26.29 28.12 28.93 28.64 26.29 24.68 21.25 18.61 17.82 18.43 18.25 18.68 16.68 16.92 17.72 17.00 15.92 15.64 14.36 12.60 12.39 11.36 10.85 13.21 11.88 9.46 10.97 11.97 13.43 12.25 12.79 10.28 8.64 6.86 6.17 6.00 5.07 4.00 2.97 2.17 2.28 2.76 1.97 2.76 3.04 2.97 2.97 3.25 2.25 2.28 3.00 3.00 3.07 2.21 3.00
20.48 21.14 20.55 21.27 20.75 20.09 20.02 21.07 22.07 23.66 25.07 26.72 28.77 29.77 29.70 29.77 28.24 28.18 29.27 29.56 31.22 29.82 29.20 27.66 23.61 21.66 21.86 20.02 20.68 21.80 19.80 20.20 20.21 20.34 19.34 18.21 16.16 14.55 13.50 12.95 14.13 17.32 14.68 12.80 12.63 12.45 13.98 13.64 12.02 9.87 7.88 8.11 7.64 5.93 4.93 3.86 3.52 3.57 2.98 2.54 2.59 2.54 3.52 3.52 3.59 4.64 3.64 3.05 3.00 3.00 3.00 3.05 3.00
23.56 23.71 22.69 22.78 22.85 22.65 23.52 24.46 25.46 27.47 27.86 29.87 32.11 33.47 34.34 33.47 33.29 33.35 32.55 33.41 34.67 33.24 33.48 31.53 27.47 25.53 23.79 23.52 23.66 23.79 21.73 22.71 21.84 20.91 19.97 19.84 17.84 16.63 15.51 17.33 17.46 18.84 15.76 14.85 15.72 14.63 14.81 13.95 11.07 8.91 8.75 9.84 7.95 6.81 5.81 5.80 4.88 4.88 3.87 2.95 2.95 2.89 4.82 4.88 3.95 4.95 3.89 2.94 2.94 3.00 3.00 3.00 3.00
25.12 25.12 24.12 25.14 24.15 25.14 26.23 28.30 29.21 31.26 43.61 45.39 42.19 37.22 38.22 37.26 38.20 37.22 37.25 38.21 37.19 38.16 37.23 34.15 31.18 28.19 26.15 26.19 26.15 26.10 25.09 24.12 23.12 23.10 21.16 21.07 19.11 19.19 20.25 21.22 21.23 20.12 18.15 16.16 17.12 17.10 16.12 15.08 12.07 10.12 11.10 11.07 9.07 8.07 7.07 5.05 5.04 5.04 4.04 4.07 4.03 5.10 6.08 5.09 5.12 6.03 6.06 4.03 4.03 3.04 3.05 3.09 3.04
27.40 27.40 26.33 27.83 28.79 28.43 31.26 34.94 32.80 36.15 64.40 60.89 40.00 40.97 41.97 42.04 41.15 41.22 40.62 40.86 40.72 39.86 40.47 36.72 33.68 31.40 28.61 29.76 28.08 27.32 25.53 26.40 25.36 24.57 24.44 22.89 21.90 23.01 23.72 24.76 24.51 22.40 20.33 20.04 19.36 18.64 18.18 15.79 13.36 12.40 12.29 12.61 10.32 9.32 8.32 7.40 6.32 6.61 5.57 5.29 4.53 6.29 7.00 7.40 7.72 6.25 6.32 4.53 4.57 4.04 3.72 4.83 4.04
28.57 28.57 28.69 32.69 40.69 39.01 46.49 50.51 60.64 49.38 43.72 43.16 43.21 44.65 45.58 45.51 46.15 46.15 44.71 45.38 43.22 43.20 41.50 37.89 35.49 33.76 31.74 31.49 29.04 28.57 27.56 27.50 27.10 27.08 25.95 25.47 25.72 26.13 26.08 26.70 24.98 23.57 22.83 22.68 21.17 20.03 17.34 14.81 13.98 13.50 14.10 14.70 11.64 10.64 9.71 8.64 7.57 8.63 8.08 7.17 6.63 8.24 8.11 8.57 9.03 7.57 6.32 6.63 6.03 4.52 3.99 4.47 4.52
29.76 29.64 31.60 40.05 54.77 60.64 82.84 92.50 110.06 60.68 46.24 46.36 47.42 49.16 50.97 51.84 52.79 52.91 51.06 48.43 44.72 45.53 43.57 40.49 38.56 35.73 34.60 34.50 31.65 29.70 29.57 29.63 29.59 30.52 30.39 29.31 29.47 29.52 29.52 26.83 25.75 24.82 23.98 23.82 22.90 20.93 17.74 16.68 14.75 15.63 16.83 15.07 11.95 10.95 9.08 8.95 8.88 9.82 11.58 8.78 7.82 8.97 9.84 9.82 9.75 8.82 7.61 7.82 6.87 5.82 6.77 5.76 5.82
